64
e_L                 onsite              nnhop               ospair              nnJastrow           
(1.04751,0)         (0.416377,0)        (-1.00699,0)        (0.212456,0)        (0.41,0)            
(1.04512,0)         (0.509611,0)        (-1.0762,0)         (0.159476,0)        (0.44,0)            
(1.04431,0)         (0.536683,0)        (-1.09743,0)        (0.144827,0)        (0.45,0)            
(1.04673,0)         (0.467704,0)        (-1.03665,0)        (0.177863,0)        (0.42,0)            
(1.03947,0)         (0.6024,0)          (-1.20846,0)        (0.147532,0)        (0.51,0)            
(1.05394,0)         (0.307736,0)        (-0.84744,0)        (0.223417,0)        (0.33,0)            
(1.04996,0)         (0.458326,0)        (-0.984159,0)       (0.153893,0)        (0.38,0)            
(1.04673,0)         (0.335678,0)        (-1.01597,0)        (0.302628,0)        (0.42,0)            
(1.04593,0)         (0.495846,0)        (-1.06624,0)        (0.167465,0)        (0.43,0)            
(1.04918,0)         (0.487485,0)        (-1.02273,0)        (0.148216,0)        (0.39,0)            
(1.05562,0)         (0.322216,0)        (-0.878702,0)       (0.228389,0)        (0.31,0)            
(1.04186,0)         (0.470315,0)        (-1.11376,0)        (0.224741,0)        (0.48,0)            
(1.04914,0)         (0.351121,0)        (-0.969292,0)       (0.256446,0)        (0.39,0)            
(1.05077,0)         (0.359123,0)        (-0.951111,0)       (0.23638,0)         (0.37,0)            
(1.04106,0)         (0.580575,0)        (-1.14267,0)        (0.128032,0)        (0.49,0)            
(1.05478,0)         (0.272819,0)        (-0.855379,0)       (0.265042,0)        (0.32,0)            
(1.05474,0)         (0.186721,0)        (-0.822485,0)       (0.333922,0)        (0.32,0)            
(1.05077,0)         (0.309461,0)        (-0.930218,0)       (0.274874,0)        (0.37,0)            
(1.04676,0)         (0.518683,0)        (-1.06636,0)        (0.143661,0)        (0.42,0)            
(1.04831,0)         (0.413779,0)        (-0.99162,0)        (0.205283,0)        (0.4,0)             
(1.04752,0)         (0.50069,0)         (-1.02238,0)        (0.134176,0)        (0.41,0)            
(1.05393,0)         (0.211241,0)        (-0.828482,0)       (0.312138,0)        (0.33,0)            
(1.05719,0)         (0.227243,0)        (-0.79212,0)        (0.272006,0)        (0.29,0)            
(1.05073,0)         (0.368148,0)        (-0.929002,0)       (0.212716,0)        (0.37,0)            
(1.05401,0)         (0.397348,0)        (-0.905201,0)       (0.166863,0)        (0.33,0)            
(1.05558,0)         (0.245802,0)        (-0.833502,0)       (0.279222,0)        (0.31,0)            
(1.05074,0)         (0.32038,0)         (-0.924338,0)       (0.259671,0)        (0.37,0)            
(1.05002,0)         (0.452568,0)        (-1.03067,0)        (0.189841,0)        (0.38,0)            
(1.03302,0)         (0.731068,0)        (-1.3424,0)         (0.0991523,0)       (0.59,0)            
(1.05885,0)         (0.238456,0)        (-0.798981,0)       (0.264693,0)        (0.27,0)            
(1.06129,0)         (0.169422,0)        (-0.738845,0)       (0.298198,0)        (0.24,0)            
(1.04834,0)         (0.367082,0)        (-0.995303,0)       (0.256489,0)        (0.4,0)             
(1.04674,0)         (0.528724,0)        (-1.05324,0)        (0.124717,0)        (0.42,0)            
(1.05645,0)         (0.220707,0)        (-0.830881,0)       (0.303781,0)        (0.3,0)             
(1.0532,0)          (0.352289,0)        (-0.914626,0)       (0.220052,0)        (0.34,0)            
(1.05002,0)         (0.439205,0)        (-1.02003,0)        (0.19697,0)         (0.38,0)            
(1.04753,0)         (0.416267,0)        (-1.00827,0)        (0.213394,0)        (0.41,0)            
(1.04751,0)         (0.440796,0)        (-1.0135,0)         (0.191103,0)        (0.41,0)            
(1.05076,0)         (0.420197,0)        (-0.967056,0)       (0.182765,0)        (0.37,0)            
(1.0459,0)          (0.43274,0)         (-1.03232,0)        (0.211639,0)        (0.43,0)            
(1.04989,0)         (0.284346,0)        (-0.911654,0)       (0.289196,0)        (0.38,0)            
(1.04917,0)         (0.452009,0)        (-1.02036,0)        (0.183791,0)        (0.39,0)            
(1.0483,0)          (0.352813,0)        (-0.974395,0)       (0.257959,0)        (0.4,0)             
(1.0435,0)          (0.501555,0)        (-1.09502,0)        (0.180011,0)        (0.46,0)            
(1.05317,0)         (0.290253,0)        (-0.889054,0)       (0.268477,0)        (0.34,0)            
(1.05879,0)         (0.220921,0)        (-0.753671,0)       (0.253879,0)        (0.27,0)            
(1.04836,0)         (0.477956,0)        (-1.03389,0)        (0.16536,0)         (0.4,0)             
(1.04429,0)         (0.402461,0)        (-1.06069,0)        (0.261559,0)        (0.45,0)            
(1.04914,0)         (0.472091,0)        (-0.994115,0)       (0.145904,0)        (0.39,0)            
(1.0443,0)          (0.535612,0)        (-1.08908,0)        (0.140576,0)        (0.45,0)            
(1.05315,0)         (0.275106,0)        (-0.860904,0)       (0.266206,0)        (0.34,0)            
(1.0443,0)          (0.501207,0)        (-1.09506,0)        (0.180402,0)        (0.45,0)            
(1.04911,0)         (0.362342,0)        (-0.963237,0)       (0.240815,0)        (0.39,0)            
(1.03945,0)         (0.623553,0)        (-1.19056,0)        (0.113896,0)        (0.51,0)            
(1.04347,0)         (0.513901,0)        (-1.09667,0)        (0.168162,0)        (0.46,0)            
(1.05158,0)         (0.429726,0)        (-0.955898,0)       (0.16562,0)         (0.36,0)            
(1.05401,0)         (0.350761,0)        (-0.907603,0)       (0.21713,0)         (0.33,0)            
(1.04106,0)         (0.532862,0)        (-1.13737,0)        (0.174517,0)        (0.49,0)            
(1.04756,0)         (0.504973,0)        (-1.05576,0)        (0.151181,0)        (0.41,0)            
(1.04598,0)         (0.57226,0)         (-1.11144,0)        (0.116631,0)        (0.43,0)            
(1.05563,0)         (0.297742,0)        (-0.872837,0)       (0.25021,0)         (0.31,0)            
(1.0427,0)          (0.614066,0)        (-1.13934,0)        (0.0908646,0)       (0.47,0)            
(1.04834,0)         (0.462507,0)        (-1.00591,0)        (0.163518,0)        (0.4,0)             
(1.04514,0)         (0.465165,0)        (-1.09529,0)        (0.218246,0)        (0.44,0)            
(1.0427,0)          (0.541934,0)        (-1.12753,0)        (0.158703,0)        (0.47,0)            
(1.05074,0)         (0.345925,0)        (-0.93855,0)        (0.242101,0)        (0.37,0)            
(1.04674,0)         (0.553142,0)        (-1.05975,0)        (0.103365,0)        (0.42,0)            
(1.04592,0)         (0.483719,0)        (-1.06203,0)        (0.177437,0)        (0.43,0)            
(1.05237,0)         (0.342814,0)        (-0.925143,0)       (0.236727,0)        (0.35,0)            
(1.0443,0)          (0.524501,0)        (-1.09386,0)        (0.155268,0)        (0.45,0)            
(1.04268,0)         (0.493151,0)        (-1.11388,0)        (0.200937,0)        (0.47,0)            
(1.05476,0)         (0.236273,0)        (-0.844659,0)       (0.296367,0)        (0.32,0)            
(1.04673,0)         (0.493248,0)        (-1.05087,0)        (0.160292,0)        (0.42,0)            
(1.04675,0)         (0.493193,0)        (-1.05151,0)        (0.160762,0)        (0.42,0)            
(1.03942,0)         (0.55046,0)         (-1.16912,0)        (0.176544,0)        (0.51,0)            
(1.05637,0)         (0.215463,0)        (-0.787864,0)       (0.281587,0)        (0.3,0)             
(1.04835,0)         (0.427224,0)        (-1.00465,0)        (0.199603,0)        (0.4,0)             
(1.04672,0)         (0.515471,0)        (-1.04132,0)        (0.130907,0)        (0.42,0)            
(1.04511,0)         (0.522973,0)        (-1.08683,0)        (0.152347,0)        (0.44,0)            
(1.05083,0)         (0.326695,0)        (-0.975702,0)       (0.286116,0)        (0.37,0)            
(1.04919,0)         (0.463011,0)        (-1.01686,0)        (0.170037,0)        (0.39,0)            
(1.04831,0)         (0.400471,0)        (-0.98034,0)        (0.211943,0)        (0.4,0)             
(1.0467,0)          (0.491161,0)        (-1.03353,0)        (0.151321,0)        (0.42,0)            
(1.0427,0)          (0.530823,0)        (-1.13231,0)        (0.173395,0)        (0.47,0)            
(1.05155,0)         (0.366565,0)        (-0.922619,0)       (0.210264,0)        (0.36,0)            
(1.04672,0)         (0.455576,0)        (-1.03244,0)        (0.187835,0)        (0.42,0)            
(1.04911,0)         (0.398998,0)        (-0.972676,0)       (0.208552,0)        (0.39,0)            
(1.05155,0)         (0.390984,0)        (-0.929125,0)       (0.188911,0)        (0.36,0)            
(1.04995,0)         (0.397306,0)        (-0.967574,0)       (0.207038,0)        (0.38,0)            
(1.04913,0)         (0.375595,0)        (-0.975158,0)       (0.234624,0)        (0.39,0)            
(1.04597,0)         (0.535659,0)        (-1.10136,0)        (0.148425,0)        (0.43,0)            
(1.04351,0)         (0.478207,0)        (-1.09686,0)        (0.205614,0)        (0.46,0)            
(1.04836,0)         (0.427992,0)        (-1.01317,0)        (0.204283,0)        (0.4,0)             
(1.0516,0)          (0.334494,0)        (-0.946394,0)       (0.259102,0)        (0.36,0)            
(1.04675,0)         (0.468774,0)        (-1.045,0)          (0.182114,0)        (0.42,0)            
(1.0491,0)          (0.335727,0)        (-0.940677,0)       (0.254134,0)        (0.39,0)            
(1.04671,0)         (0.420101,0)        (-1.03007,0)        (0.22341,0)         (0.42,0)            
(1.04914,0)         (0.459909,0)        (-0.990542,0)       (0.156345,0)        (0.39,0)            
(1.05236,0)         (0.422736,0)        (-0.908419,0)       (0.142382,0)        (0.35,0)            
(1.04108,0)         (0.619317,0)        (-1.16945,0)        (0.10474,0)         (0.49,0)            
(1.04104,0)         (0.545154,0)        (-1.13966,0)        (0.163137,0)        (0.49,0)            
(1.0435,0)          (0.551518,0)        (-1.11574,0)        (0.141089,0)        (0.46,0)            
(1.05478,0)         (0.298364,0)        (-0.869592,0)       (0.247472,0)        (0.32,0)            
(1.04917,0)         (0.404296,0)        (-1.01505,0)        (0.230277,0)        (0.39,0)            
(1.04996,0)         (0.399502,0)        (-0.983628,0)       (0.215071,0)        (0.38,0)            
(1.04914,0)         (0.448797,0)        (-0.995316,0)       (0.171037,0)        (0.39,0)            
(1.04271,0)         (0.579606,0)        (-1.14596,0)        (0.13116,0)         (0.47,0)            
(1.05234,0)         (0.301876,0)        (-0.882315,0)       (0.251985,0)        (0.35,0)            
(1.0483,0)          (0.448238,0)        (-0.985005,0)       (0.164987,0)        (0.4,0)             
(1.04917,0)         (0.498596,0)        (-1.01796,0)        (0.133523,0)        (0.39,0)            
(1.04996,0)         (0.410614,0)        (-0.978854,0)       (0.200379,0)        (0.38,0)            
(1.04996,0)         (0.432782,0)        (-0.969946,0)       (0.171463,0)        (0.38,0)            
(1.04343,0)         (0.487451,0)        (-1.07219,0)        (0.180073,0)        (0.46,0)            
(1.04269,0)         (0.554171,0)        (-1.13047,0)        (0.147792,0)        (0.47,0)            
(1.05158,0)         (0.37894,0)         (-0.927298,0)       (0.200332,0)        (0.36,0)            
(1.04511,0)         (0.485247,0)        (-1.06905,0)        (0.180358,0)        (0.44,0)            
(1.04595,0)         (0.533518,0)        (-1.08467,0)        (0.139923,0)        (0.43,0)            
(1.0467,0)          (0.491161,0)        (-1.03353,0)        (0.151321,0)        (0.42,0)            
(1.03782,0)         (0.616677,0)        (-1.21645,0)        (0.137743,0)        (0.53,0)            
(1.04433,0)         (0.563243,0)        (-1.12063,0)        (0.131977,0)        (0.45,0)            
(1.04264,0)         (0.49112,0)         (-1.09591,0)        (0.191496,0)        (0.47,0)            
(1.05643,0)         (0.282962,0)        (-0.853892,0)       (0.253479,0)        (0.3,0)             
(1.05078,0)         (0.407906,0)        (-0.964764,0)       (0.194145,0)        (0.37,0)            
(1.0443,0)          (0.535612,0)        (-1.08908,0)        (0.140576,0)        (0.45,0)            
(1.05647,0)         (0.343817,0)        (-0.872399,0)       (0.201741,0)        (0.3,0)             
(1.04834,0)         (0.426977,0)        (-1.00418,0)        (0.199562,0)        (0.4,0)             
(1.04989,0)         (0.334309,0)        (-0.932373,0)       (0.250274,0)        (0.38,0)            
(1.04586,0)         (0.371884,0)        (-1.01381,0)        (0.263376,0)        (0.43,0)            
(1.04595,0)         (0.557937,0)        (-1.09117,0)        (0.118571,0)        (0.43,0)            
(1.04915,0)         (0.363303,0)        (-0.972866,0)       (0.246004,0)        (0.39,0)            
(1.04187,0)         (0.520223,0)        (-1.13512,0)        (0.186288,0)        (0.48,0)            
(1.04996,0)         (0.42167,0)         (-0.97472,0)        (0.186156,0)        (0.38,0)            
(1.04834,0)         (0.510219,0)        (-1.01122,0)        (0.117032,0)        (0.4,0)             
(1.05076,0)         (0.395778,0)        (-0.96055,0)        (0.204117,0)        (0.37,0)            
(1.0427,0)          (0.601829,0)        (-1.13641,0)        (0.101775,0)        (0.47,0)            
(1.04914,0)         (0.376666,0)        (-0.983505,0)       (0.238875,0)        (0.39,0)            
(1.05558,0)         (0.220258,0)        (-0.819289,0)       (0.296792,0)        (0.31,0)            
(1.05082,0)         (0.400006,0)        (-0.99458,0)        (0.221591,0)        (0.37,0)            
(1.03946,0)         (0.488398,0)        (-1.14722,0)        (0.227356,0)        (0.51,0)            
(1.05314,0)         (0.312585,0)        (-0.878224,0)       (0.238153,0)        (0.34,0)            
(1.0499,0)          (0.406386,0)        (-0.944824,0)       (0.182905,0)        (0.38,0)            
(1.05153,0)         (0.377786,0)        (-0.916564,0)       (0.194632,0)        (0.36,0)            
(1.04268,0)         (0.528682,0)        (-1.11561,0)        (0.164893,0)        (0.47,0)            
(1.05151,0)         (0.315696,0)        (-0.891631,0)       (0.243527,0)        (0.36,0)            
(1.0427,0)          (0.504153,0)        (-1.11039,0)        (0.187184,0)        (0.47,0)            
(1.04432,0)         (0.549936,0)        (-1.10935,0)        (0.138637,0)        (0.45,0)            
(1.05241,0)         (0.368194,0)        (-0.941277,0)       (0.220565,0)        (0.35,0)            
(1.04751,0)         (0.465215,0)        (-1.02,0)           (0.169751,0)        (0.41,0)            
(1.05395,0)         (0.286639,0)        (-0.864695,0)       (0.256584,0)        (0.33,0)            
(1.05722,0)         (0.313643,0)        (-0.824839,0)       (0.202698,0)        (0.29,0)            
(1.0451,0)          (0.497484,0)        (-1.07198,0)        (0.169448,0)        (0.44,0)            
(1.03459,0)         (0.674947,0)        (-1.28132,0)        (0.11854,0)         (0.57,0)            
(1.04508,0)         (0.495342,0)        (-1.05529,0)        (0.160945,0)        (0.44,0)            
(1.05156,0)         (0.33216,0)         (-0.928594,0)       (0.25009,0)         (0.36,0)            
(1.04587,0)         (0.372955,0)        (-1.02216,0)        (0.267627,0)        (0.43,0)            
(1.05559,0)         (0.246873,0)        (-0.841849,0)       (0.283473,0)        (0.31,0)            
(1.04756,0)         (0.516084,0)        (-1.05099,0)        (0.136488,0)        (0.41,0)            
(1.05314,0)         (0.288166,0)        (-0.871719,0)       (0.259505,0)        (0.34,0)            
(1.05968,0)         (0.225707,0)        (-0.798012,0)       (0.277403,0)        (0.26,0)            
(1.05236,0)         (0.328436,0)        (-0.905516,0)       (0.239136,0)        (0.35,0)            
(1.04512,0)         (0.486317,0)        (-1.0774,0)         (0.184609,0)        (0.44,0)            
(1.05241,0)         (0.367069,0)        (-0.933571,0)       (0.216783,0)        (0.35,0)            
(1.04836,0)         (0.464648,0)        (-1.02261,0)        (0.17202,0)         (0.4,0)             
(1.0459,0)          (0.505997,0)        (-1.05184,0)        (0.147583,0)        (0.43,0)            
(1.05397,0)         (0.32206,0)         (-0.867707,0)       (0.221478,0)        (0.33,0)            
(1.04912,0)         (0.384456,0)        (-0.95497,0)        (0.212368,0)        (0.39,0)            
(1.05804,0)         (0.203328,0)        (-0.796566,0)       (0.299877,0)        (0.28,0)            
(1.04107,0)         (0.558352,0)        (-1.15222,0)        (0.157416,0)        (0.49,0)            
(1.04999,0)         (0.38603,0)         (-0.974269,0)       (0.223139,0)        (0.38,0)            
(1.04832,0)         (0.377123,0)        (-0.982182,0)       (0.237546,0)        (0.4,0)             
(1.05484,0)         (0.312523,0)        (-0.891781,0)       (0.246941,0)        (0.32,0)            
(1.05314,0)         (0.288166,0)        (-0.871719,0)       (0.259505,0)        (0.34,0)            
(1.0556,0)          (0.306767,0)        (-0.850727,0)       (0.226546,0)        (0.31,0)            
(1.04029,0)         (0.636348,0)        (-1.2038,0)         (0.109035,0)        (0.5,0)             
(1.04832,0)         (0.45038,0)         (-1.0017,0)         (0.17349,0)         (0.4,0)             
(1.05399,0)         (0.313144,0)        (-0.888536,0)       (0.244203,0)        (0.33,0)            
(1.04836,0)         (0.403573,0)        (-1.00666,0)        (0.225635,0)        (0.4,0)             
(1.05961,0)         (0.138346,0)        (-0.755665,0)       (0.341521,0)        (0.26,0)            
(1.04514,0)         (0.511752,0)        (-1.09289,0)        (0.167978,0)        (0.44,0)            
(1.04351,0)         (0.514039,0)        (-1.09842,0)        (0.169141,0)        (0.46,0)            
(1.05397,0)         (0.298766,0)        (-0.868908,0)       (0.246612,0)        (0.33,0)            
(1.05398,0)         (0.274292,0)        (-0.863043,0)       (0.268433,0)        (0.33,0)            
(1.0484,0)          (0.492224,0)        (-1.0548,0)         (0.16389,0)         (0.4,0)             
(1.0548,0)          (0.308542,0)        (-0.858217,0)       (0.229508,0)        (0.32,0)            
(1.04912,0)         (0.386707,0)        (-0.970384,0)       (0.219932,0)        (0.39,0)            
(1.04833,0)         (0.449199,0)        (-0.994633,0)       (0.170177,0)        (0.4,0)             
(1.04352,0)         (0.578078,0)        (-1.13894,0)        (0.128239,0)        (0.46,0)            
(1.04675,0)         (0.482082,0)        (-1.05628,0)        (0.175454,0)        (0.42,0)            
(1.04674,0)         (0.480188,0)        (-1.04005,0)        (0.166993,0)        (0.42,0)            
(1.05155,0)         (0.343272,0)        (-0.92382,0)        (0.235397,0)        (0.36,0)            
(1.04586,0)         (0.335228,0)        (-1.00437,0)        (0.295639,0)        (0.43,0)            
(1.054,0)           (0.237884,0)        (-0.85407,0)        (0.300737,0)        (0.33,0)            
(1.0475,0)          (0.427543,0)        (-1.00158,0)        (0.197294,0)        (0.41,0)            
(1.04671,0)         (0.430087,0)        (-1.01759,0)        (0.204936,0)        (0.42,0)            
(1.0459,0)          (0.470466,0)        (-1.0501,0)         (0.183627,0)        (0.43,0)            
(1.05726,0)         (0.280199,0)        (-0.840443,0)       (0.247714,0)        (0.29,0)            
(1.04188,0)         (0.544587,0)        (-1.14226,0)        (0.165406,0)        (0.48,0)            
(1.0508,0)          (0.49329,0)         (-0.988495,0)       (0.120117,0)        (0.37,0)            
(1.04591,0)         (0.542543,0)        (-1.06256,0)        (0.116259,0)        (0.43,0)            
(1.04672,0)         (0.455576,0)        (-1.03244,0)        (0.187835,0)        (0.42,0)            
(1.04753,0)         (0.441812,0)        (-1.02248,0)        (0.195824,0)        (0.41,0)            
(1.04754,0)         (0.452868,0)        (-1.01835,0)        (0.181601,0)        (0.41,0)            
(1.05075,0)         (0.405819,0)        (-0.947428,0)       (0.185173,0)        (0.37,0)            
(1.04188,0)         (0.55795,0)         (-1.1529,0)         (0.158277,0)        (0.48,0)            
(1.04269,0)         (0.57859,0)         (-1.13697,0)        (0.12644,0)         (0.47,0)            
(1.04511,0)         (0.534085,0)        (-1.08206,0)        (0.137654,0)        (0.44,0)            
(1.04027,0)         (0.58762,0)         (-1.18951,0)        (0.150801,0)        (0.5,0)             
(1.04996,0)         (0.399502,0)        (-0.983628,0)       (0.215071,0)        (0.38,0)            
(1.04994,0)         (0.384053,0)        (-0.955653,0)       (0.213229,0)        (0.38,0)            
(1.04189,0)         (0.582314,0)        (-1.16005,0)        (0.137394,0)        (0.48,0)            
(1.04754,0)         (0.501706,0)        (-1.03136,0)        (0.138897,0)        (0.41,0)            
(1.04749,0)         (0.390942,0)        (-0.991498,0)       (0.229087,0)        (0.41,0)            
(1.05083,0)         (0.519795,0)        (-1.01234,0)        (0.107736,0)        (0.37,0)            
(1.04591,0)         (0.495956,0)        (-1.06496,0)        (0.166526,0)        (0.43,0)            
(1.04266,0)         (0.552085,0)        (-1.11313,0)        (0.13882,0)         (0.47,0)            
(1.06535,0)         (0.159478,0)        (-0.688953,0)       (0.276497,0)        (0.19,0)            
(1.05158,0)         (0.440783,0)        (-0.951765,0)       (0.151397,0)        (0.36,0)            
(1.05312,0)         (0.179543,0)        (-0.848548,0)       (0.358198,0)        (0.34,0)            
(1.05399,0)         (0.277614,0)        (-0.886804,0)       (0.280248,0)        (0.33,0)            
(1.05478,0)         (0.186557,0)        (-0.824406,0)       (0.33533,0)         (0.32,0)            
(1.05157,0)         (0.322119,0)        (-0.941715,0)       (0.269033,0)        (0.36,0)            
(1.05232,0)         (0.253148,0)        (-0.868023,0)       (0.293751,0)        (0.35,0)            
(1.04433,0)         (0.537699,0)        (-1.10642,0)        (0.149547,0)        (0.45,0)            
(1.0475,0)          (0.464144,0)        (-1.01166,0)        (0.1655,0)          (0.41,0)            
(1.03947,0)         (0.540255,0)        (-1.18416,0)        (0.196895,0)        (0.51,0)            
(1.0515,0)          (0.221451,0)        (-0.888088,0)       (0.339811,0)        (0.36,0)            
(1.04596,0)         (0.557882,0)        (-1.09181,0)        (0.11904,0)         (0.43,0)            
(1.04835,0)         (0.440284,0)        (-1.01546,0)        (0.192902,0)        (0.4,0)             
(1.04916,0)         (0.437631,0)        (-1.00073,0)        (0.186199,0)        (0.39,0)            
(1.05808,0)         (0.256448,0)        (-0.842967,0)       (0.274178,0)        (0.28,0)            
(1.04349,0)         (0.514972,0)        (-1.10502,0)        (0.172413,0)        (0.46,0)            
(1.04753,0)         (0.466231,0)        (-1.02899,0)        (0.174472,0)        (0.41,0)            
(1.04434,0)         (0.516601,0)        (-1.12367,0)        (0.182714,0)        (0.45,0)            
(1.05722,0)         (0.242637,0)        (-0.820735,0)       (0.274318,0)        (0.29,0)            
(1.04677,0)         (0.484223,0)        (-1.07298,0)        (0.183956,0)        (0.42,0)            
(1.04831,0)         (0.388234,0)        (-0.977407,0)       (0.222853,0)        (0.4,0)             
(1.04267,0)         (0.576449,0)        (-1.12028,0)        (0.117938,0)        (0.47,0)            
(1.04593,0)         (0.483664,0)        (-1.06267,0)        (0.177906,0)        (0.43,0)            
(1.04678,0)         (0.5563,0)          (-1.08543,0)        (0.116588,0)        (0.42,0)            
(1.054,0)           (0.301978,0)        (-0.89395,0)        (0.259365,0)        (0.33,0)            
(1.05312,0)         (0.215019,0)        (-0.85092,0)        (0.322623,0)        (0.34,0)            
(1.04677,0)         (0.531935,0)        (-1.07828,0)        (0.137471,0)        (0.42,0)            
(1.05318,0)         (0.350147,0)        (-0.897932,0)       (0.21155,0)         (0.34,0)            
(1.04837,0)         (0.404644,0)        (-1.01501,0)        (0.229886,0)        (0.4,0)             
(1.05235,0)         (0.341799,0)        (-0.916156,0)       (0.232007,0)        (0.35,0)            
(1.05322,0)         (0.378849,0)        (-0.937827,0)       (0.207202,0)        (0.34,0)            
(1.04512,0)         (0.546212,0)        (-1.08627,0)        (0.127682,0)        (0.44,0)            
(1.03945,0)         (0.612496,0)        (-1.19469,0)        (0.128119,0)        (0.51,0)            
(1.04591,0)         (0.482648,0)        (-1.05368,0)        (0.173186,0)        (0.43,0)            
(1.05568,0)         (0.324193,0)        (-0.897318,0)       (0.238299,0)        (0.31,0)            
(1.04834,0)         (0.462507,0)        (-1.00591,0)        (0.163518,0)        (0.4,0)             
(1.04754,0)         (0.501706,0)        (-1.03136,0)        (0.138897,0)        (0.41,0)            
(1.05315,0)         (0.241525,0)        (-0.874761,0)       (0.310242,0)        (0.34,0)            
(1.05074,0)         (0.370344,0)        (-0.945056,0)       (0.220749,0)        (0.37,0)            
(1.05163,0)         (0.420647,0)        (-0.978648,0)       (0.189754,0)        (0.36,0)            
(1.04749,0)         (0.366523,0)        (-0.984992,0)       (0.250439,0)        (0.41,0)            
(1.04671,0)         (0.443394,0)        (-1.02887,0)        (0.198276,0)        (0.42,0)            
(1.04189,0)         (0.531225,0)        (-1.13162,0)        (0.172535,0)        (0.48,0)            
(1.03947,0)         (0.600452,0)        (-1.19287,0)        (0.13954,0)         (0.51,0)            
(1.04911,0)         (0.387887,0)        (-0.97745,0)        (0.223244,0)        (0.39,0)            
(1.03703,0)         (0.619221,0)        (-1.23246,0)        (0.145385,0)        (0.54,0)            
(1.05156,0)         (0.29663,0)         (-0.926862,0)       (0.286134,0)        (0.36,0)            
(1.04434,0)         (0.464689,0)        (-1.08737,0)        (0.213644,0)        (0.45,0)            
(1.04918,0)         (0.388683,0)        (-0.989,0)          (0.229842,0)        (0.39,0)            
(1.03788,0)         (0.728512,0)        (-1.26466,0)        (0.0518041,0)       (0.53,0)            
(1.04673,0)         (0.493248,0)        (-1.05087,0)        (0.160292,0)        (0.42,0)            
(1.04671,0)         (0.467813,0)        (-1.03537,0)        (0.176924,0)        (0.42,0)            
(1.04915,0)         (0.472036,0)        (-0.994755,0)       (0.146373,0)        (0.39,0)            
(1.0588,0)          (0.138749,0)        (-0.754982,0)       (0.34066,0)         (0.27,0)            
(1.04352,0)         (0.554785,0)        (-1.14014,0)        (0.153373,0)        (0.46,0)            
(1.04512,0)         (0.535155,0)        (-1.09041,0)        (0.141905,0)        (0.44,0)            
(1.04999,0)         (0.435994,0)        (-0.994988,0)       (0.184217,0)        (0.38,0)            
(1.06045,0)         (0.171059,0)        (-0.744587,0)       (0.300181,0)        (0.25,0)            
(1.04676,0)         (0.543102,0)        (-1.07287,0)        (0.122309,0)        (0.42,0)            
(1.03627,0)         (0.721581,0)        (-1.29119,0)        (0.0761213,0)       (0.55,0)            
(1.05236,0)         (0.352855,0)        (-0.912022,0)       (0.217783,0)        (0.35,0)            
(1.04753,0)         (0.489524,0)        (-1.02779,0)        (0.149338,0)        (0.41,0)            
(1.04914,0)         (0.336991,0)        (-0.950131,0)       (0.258895,0)        (0.39,0)            
(1.04433,0)         (0.563243,0)        (-1.12063,0)        (0.131977,0)        (0.45,0)            
(1.04834,0)         (0.475814,0)        (-1.01719,0)        (0.156858,0)        (0.4,0)             
(1.04506,0)         (0.458796,0)        (-1.04457,0)        (0.192269,0)        (0.44,0)            
(1.0532,0)          (0.279032,0)        (-0.895109,0)       (0.284108,0)        (0.34,0)            
(1.04914,0)         (0.399959,0)        (-0.982304,0)       (0.213742,0)        (0.39,0)            
(1.04509,0)         (0.400988,0)        (-1.05302,0)        (0.258168,0)        (0.44,0)            
(1.04187,0)         (0.408417,0)        (-1.08993,0)        (0.274146,0)        (0.48,0)            
(1.05157,0)         (0.29545,0)         (-0.919796,0)       (0.282822,0)        (0.36,0)            
(1.04918,0)         (0.450829,0)        (-1.01329,0)        (0.180478,0)        (0.39,0)            
(1.04758,0)         (0.455202,0)        (-1.03615,0)        (0.190613,0)        (0.41,0)            
(1.04026,0)         (0.596481,0)        (-1.16932,0)        (0.128544,0)        (0.5,0)             
(1.03947,0)         (0.613512,0)        (-1.20368,0)        (0.132839,0)        (0.51,0)            
(1.0516,0)          (0.381904,0)        (-0.951874,0)       (0.213045,0)        (0.36,0)            
(1.05237,0)         (0.255427,0)        (-0.886464,0)       (0.303233,0)        (0.35,0)            
(1.05154,0)         (0.328893,0)        (-0.904192,0)       (0.237806,0)        (0.36,0)            
(1.03628,0)         (0.687121,0)        (-1.2978,0)         (0.116417,0)        (0.55,0)            
(1.04347,0)         (0.525013,0)        (-1.09189,0)        (0.153469,0)        (0.46,0)            
(1.04509,0)         (0.474245,0)        (-1.07254,0)        (0.194112,0)        (0.44,0)            
(1.04188,0)         (0.567881,0)        (-1.14106,0)        (0.140272,0)        (0.48,0)            
(1.0637,0)          (0.14053,0)         (-0.709987,0)       (0.309847,0)        (0.21,0)            
(1.05071,0)         (0.391551,0)        (-0.92652,0)        (0.186643,0)        (0.37,0)            
(1.04512,0)         (0.570631,0)        (-1.09278,0)        (0.10633,0)         (0.44,0)            
