147
e_L                 onsite              nnhop               ospair              nnpair              
(0.5,0)             (0.00735304,0)      (-0.0650293,0)      (0.052305,0)        (-0.0342094,0)      
(0.5,0)             (-0.0169211,0)      (-0.0410835,0)      (0.0465238,0)       (-0.0404832,0)      
(0.5,0)             (-0.00532158,0)     (-0.0610834,0)      (0.056774,0)        (-0.0428335,0)      
(0.5,0)             (0.0227346,0)       (-0.0671956,0)      (0.0445871,0)       (-0.0221045,0)      
(0.5,0)             (0.0161189,0)       (-0.0500584,0)      (0.0337268,0)       (-0.0171825,0)      
(0.5,0)             (0.0179658,0)       (-0.0611222,0)      (0.0422533,0)       (-0.0224813,0)      
(0.5,0)             (-0.0137842,0)      (-0.0328824,0)      (0.0373872,0)       (-0.0326126,0)      
(0.5,0)             (0.00301424,0)      (-0.0525342,0)      (0.0440835,0)       (-0.0301964,0)      
(0.5,0)             (0.0364843,0)       (-0.0550874,0)      (0.0253988,0)       (-0.00250589,0)     
(0.5,0)             (-0.00141281,0)     (-0.0800001,0)      (0.0708831,0)       (-0.0512363,0)      
(0.5,0)             (0.0287935,0)       (-0.0540043,0)      (0.0292578,0)       (-0.00855833,0)     
(0.5,0)             (0.010705,0)        (-0.0536174,0)      (0.0402245,0)       (-0.024144,0)       
(0.5,0)             (0.0202427,0)       (-0.0657643,0)      (0.0448921,0)       (-0.0233903,0)      
(0.5,0)             (0.01092,0)         (-0.0504065,0)      (0.0372807,0)       (-0.0219491,0)      
(0.5,0)             (-0.0207031,0)      (-0.058917,0)       (0.0644919,0)       (-0.0549384,0)      
(0.5,0)             (0.0265166,0)       (-0.0493621,0)      (0.026619,0)        (-0.00764929,0)     
(0.5,0)             (0.00778307,0)      (-0.0586076,0)      (0.0464173,0)       (-0.0298196,0)      
(0.5,0)             (0.0131969,0)       (-0.0550487,0)      (0.0399195,0)       (-0.0228581,0)      
(0.5,0)             (0.0403931,0)       (-0.0740042,0)      (0.039508,0)        (-0.0109087,0)      
(0.5,0)             (0.00365928,0)      (-0.0429017,0)      (0.035252,0)        (-0.0236117,0)      
(0.5,0)             (0.00984497,0)      (-0.0664606,0)      (0.0519999,0)       (-0.0329235,0)      
(0.5,0)             (0.0154739,0)       (-0.0596908,0)      (0.0425583,0)       (-0.0237672,0)      
(0.5,0)             (0.0360543,0)       (-0.0615091,0)      (0.0312865,0)       (-0.00689568,0)     
(0.5,0)             (0.00572118,0)      (-0.0507547,0)      (0.0408346,0)       (-0.0267156,0)      
(0.5,0)             (0.0154739,0)       (-0.0596908,0)      (0.0425583,0)       (-0.0237672,0)      
(0.5,0)             (0.00344427,0)      (-0.0461125,0)      (0.0381958,0)       (-0.0258066,0)      
(0.5,0)             (0.00842811,0)      (-0.0489752,0)      (0.0375857,0)       (-0.0232349,0)      
(0.5,0)             (0.000737335,0)     (-0.047892,0)       (0.0414447,0)       (-0.0292873,0)      
(0.5,0)             (0.00756806,0)      (-0.0618185,0)      (0.0493611,0)       (-0.0320145,0)      
(0.5,0)             (0.011135,0)        (-0.0471957,0)      (0.0343369,0)       (-0.0197542,0)      
(0.5,0)             (0.00550616,0)      (-0.0539655,0)      (0.0437785,0)       (-0.0289105,0)      
(0.5,0)             (-0.00695344,0)     (-0.0468088,0)      (0.0453036,0)       (-0.0353398,0)      
(0.5,0)             (0.0165489,0)       (-0.0436368,0)      (0.0278391,0)       (-0.0127927,0)      
(0.5,0)             (0.00365928,0)      (-0.0429017,0)      (0.035252,0)        (-0.0236117,0)      
(0.5,0)             (0.00842811,0)      (-0.0489752,0)      (0.0375857,0)       (-0.0232349,0)      
(0.5,0)             (0.0161189,0)       (-0.0500584,0)      (0.0337268,0)       (-0.0171825,0)      
(0.5,0)             (0.0150438,0)       (-0.0661125,0)      (0.048446,0)        (-0.0281569,0)      
(0.5,0)             (-0.0100904,0)      (-0.0550099,0)      (0.0544402,0)       (-0.0432103,0)      
(0.5,0)             (0.0582665,0)       (-0.0776019,0)      (0.031485,0)        (0.00248206,0)      
(0.5,0)             (0.0331323,0)       (-0.0664994,0)      (0.0374792,0)       (-0.0125713,0)      
(0.5,0)             (0.013627,0)        (-0.0486271,0)      (0.0340318,0)       (-0.0184683,0)      
(0.5,0)             (0.000522321,0)     (-0.0511028,0)      (0.0443885,0)       (-0.0314822,0)      
(0.5,0)             (0.0263016,0)       (-0.0525729,0)      (0.0295628,0)       (-0.00984418,0)     
(0.5,0)             (0.01092,0)         (-0.0504065,0)      (0.0372807,0)       (-0.0219491,0)      
(0.5,0)             (0.00215419,0)      (-0.0653774,0)      (0.0558589,0)       (-0.038976,0)       
(0.5,0)             (0.0383312,0)       (-0.0661512,0)      (0.0339253,0)       (-0.00780473,0)     
(0.5,0)             (0.01092,0)         (-0.0504065,0)      (0.0372807,0)       (-0.0219491,0)      
(0.5,0)             (0.0125519,0)       (-0.0646811,0)      (0.048751,0)        (-0.0294428,0)      
(0.5,0)             (0.042885,0)        (-0.0754355,0)      (0.0392029,0)       (-0.00962282,0)     
(0.5,0)             (0.0179658,0)       (-0.0611222,0)      (0.0422533,0)       (-0.0224813,0)      
(0.5,0)             (0.0275034,0)       (-0.0732691,0)      (0.0469208,0)       (-0.0217277,0)      
(0.5,0)             (-0.00987539,0)     (-0.0517991,0)      (0.0514964,0)       (-0.0410154,0)      
(0.5,0)             (-0.0295958,0)      (-0.0371376,0)      (0.0509928,0)       (-0.0491073,0)      
(0.5,0)             (0.013627,0)        (-0.0486271,0)      (0.0340318,0)       (-0.0184683,0)      
(0.5,0)             (0.0312854,0)       (-0.0554356,0)      (0.0289527,0)       (-0.00727249,0)     
(0.5,0)             (0.0208877,0)       (-0.0561319,0)      (0.0360606,0)       (-0.0168057,0)      
(0.5,0)             (0.0159039,0)       (-0.0532692,0)      (0.0366706,0)       (-0.0193774,0)      
(0.5,0)             (0.00735304,0)      (-0.0650293,0)      (0.052305,0)        (-0.0342094,0)      
(0.5,0)             (0.0156889,0)       (-0.05648,0)        (0.0396145,0)       (-0.0215723,0)      
(0.5,0)             (0.00593619,0)      (-0.0475439,0)      (0.0378908,0)       (-0.0245208,0)      
(0.5,0)             (0.010275,0)        (-0.060039,0)       (0.0461122,0)       (-0.0285337,0)      
(0.5,0)             (0.00572118,0)      (-0.0507547,0)      (0.0408346,0)       (-0.0267156,0)      
(0.5,0)             (0.0312854,0)       (-0.0554356,0)      (0.0289527,0)       (-0.00727249,0)     
(0.5,0)             (0.0235947,0)       (-0.0543524,0)      (0.0328117,0)       (-0.0133249,0)      
(0.5,0)             (0.0455919,0)       (-0.073656,0)       (0.0359541,0)       (-0.00614208,0)     
(0.5,0)             (0.0327023,0)       (-0.072921,0)       (0.0433669,0)       (-0.0169611,0)      
(0.5,0)             (-0.0152893,0)      (-0.0553581,0)      (0.0579941,0)       (-0.0479769,0)      
(0.5,0)             (0.00572118,0)      (-0.0507547,0)      (0.0408346,0)       (-0.0267156,0)      
(0.5,0)             (0.010705,0)        (-0.0536174,0)      (0.0402245,0)       (-0.024144,0)       
(0.5,0)             (0.00550616,0)      (-0.0539655,0)      (0.0437785,0)       (-0.0289105,0)      
(0.5,0)             (0.0188258,0)       (-0.0482789,0)      (0.0304779,0)       (-0.0137017,0)      
(0.5,0)             (0.00799809,0)      (-0.0553968,0)      (0.0434734,0)       (-0.0276247,0)      
(0.5,0)             (0.00322926,0)      (-0.0493234,0)      (0.0411397,0)       (-0.0280015,0)      
(0.5,0)             (0.0152588,0)       (-0.0629016,0)      (0.0455022,0)       (-0.025962,0)       
(0.5,0)             (0.0202427,0)       (-0.0657643,0)      (0.0448921,0)       (-0.0233903,0)      
(0.5,0)             (0.00864313,0)      (-0.0457644,0)      (0.0346419,0)       (-0.02104,0)        
(0.5,0)             (-0.00587837,0)     (-0.0307548,0)      (0.0305844,0)       (-0.0243653,0)      
(0.5,0)             (0.000522321,0)     (-0.0511028,0)      (0.0443885,0)       (-0.0314822,0)      
(0.5,0)             (0.0082131,0)       (-0.052186,0)       (0.0405296,0)       (-0.0254298,0)      
(0.5,0)             (0.00279923,0)      (-0.055745,0)       (0.0470273,0)       (-0.0323913,0)      
(0.5,0)             (-0.00153957,0)     (-0.0432499,0)      (0.0388059,0)       (-0.0283783,0)      
(0.5,0)             (0.0082131,0)       (-0.052186,0)       (0.0405296,0)       (-0.0254298,0)      
(0.5,0)             (0.0116918,0)       (-0.0775244,0)      (0.0605264,0)       (-0.0382224,0)      
(0.5,0)             (0.0487289,0)       (-0.0654549,0)      (0.0268175,0)       (0.00172845,0)      
(0.5,0)             (-0.00175459,0)     (-0.0464607,0)      (0.0417497,0)       (-0.0305732,0)      
(0.5,0)             (0.01092,0)         (-0.0504065,0)      (0.0372807,0)       (-0.0219491,0)      
(0.5,0)             (0.01092,0)         (-0.0504065,0)      (0.0372807,0)       (-0.0219491,0)      
(0.5,0)             (0.00279923,0)      (-0.055745,0)       (0.0470273,0)       (-0.0323913,0)      
(0.5,0)             (0.0265166,0)       (-0.0493621,0)      (0.026619,0)        (-0.00764929,0)     
(0.5,0)             (-0.00175459,0)     (-0.0464607,0)      (0.0417497,0)       (-0.0305732,0)      
(0.5,0)             (0.0539277,0)       (-0.0651068,0)      (0.0232636,0)       (0.00649504,0)      
(0.5,0)             (0.0254415,0)       (-0.0654162,0)      (0.0413382,0)       (-0.0186238,0)      
(0.5,0)             (0.010705,0)        (-0.0536174,0)      (0.0402245,0)       (-0.024144,0)       
(0.5,0)             (0.0161189,0)       (-0.0500584,0)      (0.0337268,0)       (-0.0171825,0)      
(0.5,0)             (0.0156889,0)       (-0.05648,0)        (0.0396145,0)       (-0.0215723,0)      
(0.5,0)             (-0.0119373,0)      (-0.0439462,0)      (0.0459137,0)       (-0.0379115,0)      
(0.5,0)             (0.00172416,0)      (-0.071799,0)       (0.0617466,0)       (-0.0433658,0)      
(0.5,0)             (-0.00153957,0)     (-0.0432499,0)      (0.0388059,0)       (-0.0283783,0)      
(0.5,0)             (0.0181808,0)       (-0.0579114,0)      (0.0393094,0)       (-0.0202864,0)      
(0.5,0)             (-0.029039,0)       (-0.0674663,0)      (0.0771823,0)       (-0.0675755,0)      
(0.5,0)             (0.0154739,0)       (-0.0596908,0)      (0.0425583,0)       (-0.0237672,0)      
(0.5,0)             (0.0161189,0)       (-0.0500584,0)      (0.0337268,0)       (-0.0171825,0)      
(0.5,0)             (0.00529115,0)      (-0.0571763,0)      (0.0467223,0)       (-0.0311054,0)      
(0.5,0)             (0.00799809,0)      (-0.0553968,0)      (0.0434734,0)       (-0.0276247,0)      
(0.5,0)             (0.0381162,0)       (-0.069362,0)       (0.0368692,0)       (-0.00999962,0)     
(0.5,0)             (0.0188258,0)       (-0.0482789,0)      (0.0304779,0)       (-0.0137017,0)      
(0.5,0)             (0.010705,0)        (-0.0536174,0)      (0.0402245,0)       (-0.024144,0)       
(0.5,0)             (0.010275,0)        (-0.060039,0)       (0.0461122,0)       (-0.0285337,0)      
(0.5,0)             (-0.00218461,0)     (-0.0528823,0)      (0.0476374,0)       (-0.034963,0)       
(0.5,0)             (0.043745,0)        (-0.0625923,0)      (0.0274276,0)       (-0.000843244,0)    
(0.5,0)             (-0.000122721,0)    (-0.0607353,0)      (0.0532201,0)       (-0.0380669,0)      
(0.5,0)             (0.0183958,0)       (-0.0547005,0)      (0.0363656,0)       (-0.0180915,0)      
(0.5,0)             (-0.0171361,0)      (-0.0442943,0)      (0.0494676,0)       (-0.0426781,0)      
(0.5,0)             (0.0206727,0)       (-0.0593427,0)      (0.0390044,0)       (-0.0190006,0)      
(0.5,0)             (0.0181808,0)       (-0.0579114,0)      (0.0393094,0)       (-0.0202864,0)      
(0.5,0)             (-0.00673843,0)     (-0.043598,0)       (0.0423598,0)       (-0.0331449,0)      
(0.5,0)             (0.00279923,0)      (-0.055745,0)       (0.0470273,0)       (-0.0323913,0)      
(0.5,0)             (0.0161189,0)       (-0.0500584,0)      (0.0337268,0)       (-0.0171825,0)      
(0.5,0)             (0.00322926,0)      (-0.0493234,0)      (0.0411397,0)       (-0.0280015,0)      
(0.5,0)             (-0.00510656,0)     (-0.0578726,0)      (0.0538301,0)       (-0.0406386,0)      
(0.5,0)             (0.0167639,0)       (-0.040426,0)       (0.0248953,0)       (-0.0105978,0)      
(0.5,0)             (0.013627,0)        (-0.0486271,0)      (0.0340318,0)       (-0.0184683,0)      
(0.5,0)             (0.0082131,0)       (-0.052186,0)       (0.0405296,0)       (-0.0254298,0)      
(0.5,0)             (0.0159039,0)       (-0.0532692,0)      (0.0366706,0)       (-0.0193774,0)      
(0.5,0)             (0.0290085,0)       (-0.0507934,0)      (0.0263139,0)       (-0.00636344,0)     
(0.5,0)             (-0.022335,0)       (-0.0446425,0)      (0.0530215,0)       (-0.0474447,0)      
(0.5,0)             (0.010705,0)        (-0.0536174,0)      (0.0402245,0)       (-0.024144,0)       
(0.5,0)             (0.0406081,0)       (-0.0707934,0)      (0.0365641,0)       (-0.00871377,0)     
(0.5,0)             (-0.0152893,0)      (-0.0553581,0)      (0.0579941,0)       (-0.0479769,0)      
(0.5,0)             (0.01092,0)         (-0.0504065,0)      (0.0372807,0)       (-0.0219491,0)      
(0.5,0)             (0.0208877,0)       (-0.0561319,0)      (0.0360606,0)       (-0.0168057,0)      
(0.5,0)             (0.0559896,0)       (-0.0729597,0)      (0.0288462,0)       (0.0033911,0)       
(0.5,0)             (-0.0177812,0)      (-0.0539267,0)      (0.0582991,0)       (-0.0492628,0)      
(0.5,0)             (0.000737335,0)     (-0.047892,0)       (0.0414447,0)       (-0.0292873,0)      
(0.5,0)             (0.0163339,0)       (-0.0468476,0)      (0.0307829,0)       (-0.0149876,0)      
(0.5,0)             (0.0281485,0)       (-0.0636367,0)      (0.0380893,0)       (-0.015143,0)       
(0.5,0)             (0.0023692,0)       (-0.0621666,0)      (0.052915,0)        (-0.0367811,0)      
(0.5,0)             (0.0159039,0)       (-0.0532692,0)      (0.0366706,0)       (-0.0193774,0)      
(0.5,0)             (0.0206727,0)       (-0.0593427,0)      (0.0390044,0)       (-0.0190006,0)      
(0.5,0)             (0.0082131,0)       (-0.052186,0)       (0.0405296,0)       (-0.0254298,0)      
(0.5,0)             (0.04267,0)         (-0.0786463,0)      (0.0421468,0)       (-0.0118177,0)      
(0.5,0)             (0.0082131,0)       (-0.052186,0)       (0.0405296,0)       (-0.0254298,0)      
(0.5,0)             (0.0335623,0)       (-0.0600777,0)      (0.0315916,0)       (-0.00818153,0)     
(0.5,0)             (0.01049,0)         (-0.0568282,0)      (0.0431684,0)       (-0.0263388,0)      
(0.5,0)             (0.0154739,0)       (-0.0596908,0)      (0.0425583,0)       (-0.0237672,0)      
(0.5,0)             (0.0152588,0)       (-0.0629016,0)      (0.0455022,0)       (-0.025962,0)       
(0.5,0)             (0.00615121,0)      (-0.0443331,0)      (0.0349469,0)       (-0.0223259,0)      
(0.5,0)             (-0.00153957,0)     (-0.0432499,0)      (0.0388059,0)       (-0.0283783,0)      
(0.5,0)             (0.0285785,0)       (-0.0572151,0)      (0.0322016,0)       (-0.0107532,0)      
(0.5,0)             (-0.00446152,0)     (-0.0482402,0)      (0.0449986,0)       (-0.0340539,0)      
(0.5,0)             (0.01049,0)         (-0.0568282,0)      (0.0431684,0)       (-0.0263388,0)      
(0.5,0)             (0.0127669,0)       (-0.0614703,0)      (0.0458072,0)       (-0.0272479,0)      
(0.5,0)             (0.0263016,0)       (-0.0525729,0)      (0.0295628,0)       (-0.00984418,0)     
(0.5,0)             (0.0279335,0)       (-0.0668475,0)      (0.0410331,0)       (-0.0173379,0)      
(0.5,0)             (0.0150438,0)       (-0.0661125,0)      (0.048446,0)        (-0.0281569,0)      
(0.5,0)             (0.00962995,0)      (-0.0696714,0)      (0.0549438,0)       (-0.0351184,0)      
(0.5,0)             (-0.0107354,0)      (-0.0646424,0)      (0.0632717,0)       (-0.049795,0)       
(0.5,0)             (-0.00510656,0)     (-0.0578726,0)      (0.0538301,0)       (-0.0406386,0)      
(0.5,0)             (0.0383312,0)       (-0.0661512,0)      (0.0339253,0)       (-0.00780473,0)     
(0.5,0)             (0.00322926,0)      (-0.0493234,0)      (0.0411397,0)       (-0.0280015,0)      
(0.5,0)             (0.000307307,0)     (-0.0543136,0)      (0.0473324,0)       (-0.0336771,0)      
(0.5,0)             (-0.00325968,0)     (-0.0689364,0)      (0.0623566,0)       (-0.0459375,0)      
(0.5,0)             (-0.000122721,0)    (-0.0607353,0)      (0.0532201,0)       (-0.0380669,0)      
(0.5,0)             (0.0360543,0)       (-0.0615091,0)      (0.0312865,0)       (-0.00689568,0)     
(0.5,0)             (0.0200277,0)       (-0.0689751,0)      (0.0478359,0)       (-0.0255852,0)      
(0.5,0)             (0.0238097,0)       (-0.0511416,0)      (0.0298678,0)       (-0.01113,0)        
(0.5,0)             (0.010705,0)        (-0.0536174,0)      (0.0402245,0)       (-0.024144,0)       
(0.5,0)             (-0.00673843,0)     (-0.043598,0)       (0.0423598,0)       (-0.0331449,0)      
(0.5,0)             (-0.0177812,0)      (-0.0539267,0)      (0.0582991,0)       (-0.0492628,0)      
(0.5,0)             (0.0179658,0)       (-0.0611222,0)      (0.0422533,0)       (-0.0224813,0)      
(0.5,0)             (0.0331323,0)       (-0.0664994,0)      (0.0374792,0)       (-0.0125713,0)      
(0.5,0)             (0.0186108,0)       (-0.0514897,0)      (0.0334218,0)       (-0.0158966,0)      
(0.5,0)             (0.0206727,0)       (-0.0593427,0)      (0.0390044,0)       (-0.0190006,0)      
(0.5,0)             (-0.0202731,0)      (-0.0524954,0)      (0.0586042,0)       (-0.0505486,0)      
(0.5,0)             (0.0038743,0)       (-0.0396909,0)      (0.0323081,0)       (-0.0214168,0)      
(0.5,0)             (-0.00153957,0)     (-0.0432499,0)      (0.0388059,0)       (-0.0283783,0)      
(0.5,0)             (0.0159039,0)       (-0.0532692,0)      (0.0366706,0)       (-0.0193774,0)      
(0.5,0)             (0.0233796,0)       (-0.0575632,0)      (0.0357555,0)       (-0.0155198,0)      
(0.5,0)             (-0.00987539,0)     (-0.0517991,0)      (0.0514964,0)       (-0.0410154,0)      
(0.5,0)             (0.0238097,0)       (-0.0511416,0)      (0.0298678,0)       (-0.01113,0)        
(0.5,0)             (0.0235947,0)       (-0.0543524,0)      (0.0328117,0)       (-0.0133249,0)      
(0.5,0)             (0.010705,0)        (-0.0536174,0)      (0.0402245,0)       (-0.024144,0)       
(0.5,0)             (0.00907316,0)      (-0.0393428,0)      (0.0287542,0)       (-0.0166502,0)      
(0.5,0)             (0.0208877,0)       (-0.0561319,0)      (0.0360606,0)       (-0.0168057,0)      
(0.5,0)             (0.00322926,0)      (-0.0493234,0)      (0.0411397,0)       (-0.0280015,0)      
(0.5,0)             (-0.025687,0)       (-0.0560544,0)      (0.0651019,0)       (-0.0575101,0)      
(0.5,0)             (0.0287935,0)       (-0.0540043,0)      (0.0292578,0)       (-0.00855833,0)     
(0.5,0)             (0.0129819,0)       (-0.0582595,0)      (0.0428634,0)       (-0.025053,0)       
(0.5,0)             (-0.0019696,0)      (-0.0496715,0)      (0.0446936,0)       (-0.0327681,0)      
(0.5,0)             (0.013627,0)        (-0.0486271,0)      (0.0340318,0)       (-0.0184683,0)      
(0.5,0)             (0.0283635,0)       (-0.0604259,0)      (0.0351455,0)       (-0.0129481,0)      
(0.5,0)             (0.0154739,0)       (-0.0596908,0)      (0.0425583,0)       (-0.0237672,0)      
(0.5,0)             (0.0127669,0)       (-0.0614703,0)      (0.0458072,0)       (-0.0272479,0)      
(0.5,0)             (0.0279335,0)       (-0.0668475,0)      (0.0410331,0)       (-0.0173379,0)      
(0.5,0)             (0.0188258,0)       (-0.0482789,0)      (0.0304779,0)       (-0.0137017,0)      
(0.5,0)             (-0.00553659,0)     (-0.0642942,0)      (0.0597178,0)       (-0.0450284,0)      
(0.5,0)             (0.0163339,0)       (-0.0468476,0)      (0.0307829,0)       (-0.0149876,0)      
(0.5,0)             (-0.0275339,0)      (-0.0449906,0)      (0.0565754,0)       (-0.0522113,0)      
(0.5,0)             (0.000307307,0)     (-0.0543136,0)      (0.0473324,0)       (-0.0336771,0)      
(0.5,0)             (-0.00673843,0)     (-0.043598,0)       (0.0423598,0)       (-0.0331449,0)      
