29
e_L                 onsite              nnhop               ospair              nnJastrow           
(1.04854,0)         (0.306289,0)        (-0.943356,0)       (0.293598,0)        (0.37,0)            
(1.054,0)           (0.19476,0)         (-0.840159,0)       (0.343172,0)        (0.31,0)            
(1.04593,0)         (0.486656,0)        (-1.04038,0)        (0.167929,0)        (0.41,0)            
(1.04514,0)         (0.490993,0)        (-1.06105,0)        (0.176844,0)        (0.43,0)            
(1.04332,0)         (0.592864,0)        (-1.11004,0)        (0.102083,0)        (0.45,0)            
(1.05724,0)         (0.159131,0)        (-0.762047,0)       (0.329612,0)        (0.28,0)            
(1.0427,0)          (0.57232,0)         (-1.13927,0)        (0.142628,0)        (0.44,0)            
(1.04606,0)         (0.475612,0)        (-1.04474,0)        (0.182329,0)        (0.41,0)            
(1.05285,0)         (0.307927,0)        (-0.895714,0)       (0.260859,0)        (0.31,0)            
(1.05349,0)         (0.269118,0)        (-0.868656,0)       (0.283874,0)        (0.31,0)            
(1.04437,0)         (0.516403,0)        (-1.07731,0)        (0.160829,0)        (0.43,0)            
(1.04555,0)         (0.525526,0)        (-1.0668,0)         (0.144432,0)        (0.41,0)            
(1.04684,0)         (0.484035,0)        (-1.02482,0)        (0.160537,0)        (0.4,0)             
(1.03932,0)         (0.582867,0)        (-1.20089,0)        (0.171712,0)        (0.48,0)            
(1.04632,0)         (0.475672,0)        (-1.0441,0)         (0.181848,0)        (0.41,0)            
(1.04658,0)         (0.330217,0)        (-1.01272,0)        (0.313712,0)        (0.41,0)            
(1.05166,0)         (0.334861,0)        (-0.905512,0)       (0.239038,0)        (0.34,0)            
(1.04399,0)         (0.530829,0)        (-1.09729,0)        (0.158733,0)        (0.43,0)            
(1.03773,0)         (0.635839,0)        (-1.22351,0)        (0.130978,0)        (0.52,0)            
(1.04318,0)         (0.497891,0)        (-1.09792,0)        (0.193633,0)        (0.46,0)            
(1.03761,0)         (0.660862,0)        (-1.24064,0)        (0.115935,0)        (0.51,0)            
(1.04917,0)         (0.403286,0)        (-0.957291,0)       (0.201112,0)        (0.38,0)            
(1.03747,0)         (0.662517,0)        (-1.24639,0)        (0.117941,0)        (0.52,0)            
(1.04372,0)         (0.543529,0)        (-1.09867,0)        (0.146338,0)        (0.44,0)            
(1.05269,0)         (0.295604,0)        (-0.879967,0)       (0.263507,0)        (0.33,0)            
(1.04632,0)         (0.475672,0)        (-1.0441,0)         (0.181848,0)        (0.41,0)            
(1.05413,0)         (0.279196,0)        (-0.854476,0)       (0.264088,0)        (0.31,0)            
(1.04774,0)         (0.421989,0)        (-0.998575,0)       (0.208413,0)        (0.4,0)             
(1.04683,0)         (0.473498,0)        (-1.02702,0)        (0.173003,0)        (0.41,0)            
(1.04203,0)         (0.585468,0)        (-1.13914,0)        (0.128779,0)        (0.46,0)            
(1.0463,0)          (0.365066,0)        (-1.00475,0)        (0.272034,0)        (0.42,0)            
(1.05049,0)         (0.28144,0)         (-0.934734,0)       (0.314001,0)        (0.36,0)            
(1.04438,0)         (0.494254,0)        (-1.08667,0)        (0.190112,0)        (0.43,0)            
(1.04476,0)         (0.456532,0)        (-1.06815,0)        (0.21755,0)         (0.43,0)            
(1.04737,0)         (0.399211,0)        (-1.01137,0)        (0.240594,0)        (0.39,0)            
(1.06351,0)         (0.0646572,0)       (-0.633622,0)       (0.344902,0)        (0.18,0)            
(1.04398,0)         (0.520292,0)        (-1.09949,0)        (0.171199,0)        (0.44,0)            
(1.05413,0)         (0.30364,0)         (-0.860914,0)       (0.242687,0)        (0.31,0)            
(1.04541,0)         (0.477146,0)        (-1.05177,0)        (0.185298,0)        (0.42,0)            
(1.04413,0)         (0.578061,0)        (-1.10442,0)        (0.113926,0)        (0.42,0)            
(1.04332,0)         (0.52068,0)         (-1.09862,0)        (0.170227,0)        (0.45,0)            
(1.04957,0)         (0.485559,0)        (-0.968021,0)       (0.121957,0)        (0.36,0)            
(1.04775,0)         (0.433673,0)        (-1.00427,0)        (0.199888,0)        (0.39,0)            
(1.04045,0)         (0.602384,0)        (-1.16248,0)        (0.126263,0)        (0.49,0)            
(1.04894,0)         (0.453332,0)        (-0.991557,0)       (0.171026,0)        (0.36,0)            
(1.03709,0)         (0.675796,0)        (-1.25847,0)        (0.111904,0)        (0.52,0)            
(1.03643,0)         (0.691237,0)        (-1.27413,0)        (0.105937,0)        (0.54,0)            
(1.05532,0)         (0.251115,0)        (-0.836781,0)       (0.281967,0)        (0.28,0)            
(1.03669,0)         (0.725131,0)        (-1.26983,0)        (0.0676484,0)       (0.53,0)            
(1.04254,0)         (0.55885,0)         (-1.11563,0)        (0.141335,0)        (0.46,0)            
(1.05076,0)         (0.398054,0)        (-0.939651,0)       (0.195103,0)        (0.34,0)            
(1.05233,0)         (0.332251,0)        (-0.903438,0)       (0.240421,0)        (0.31,0)            
(1.04151,0)         (0.477672,0)        (-1.11655,0)        (0.226935,0)        (0.47,0)            
(1.04241,0)         (0.513912,0)        (-1.12428,0)        (0.194024,0)        (0.47,0)            
(1.06494,0)         (-0.0273762,0)      (-0.573022,0)       (0.401804,0)        (0.16,0)            
(1.04307,0)         (0.521767,0)        (-1.10716,0)        (0.174649,0)        (0.45,0)            
(1.045,0)           (0.443761,0)        (-1.05391,0)        (0.221652,0)        (0.44,0)            
(1.05088,0)         (0.350882,0)        (-0.931872,0)       (0.239429,0)        (0.35,0)            
(1.0363,0)          (0.654542,0)        (-1.2648,0)         (0.138279,0)        (0.54,0)            
(1.05257,0)         (0.29306,0)         (-0.866811,0)       (0.257604,0)        (0.32,0)            
(1.04788,0)         (0.444778,0)        (-0.999272,0)       (0.185006,0)        (0.39,0)            
(1.04228,0)         (0.608824,0)        (-1.13704,0)        (0.102956,0)        (0.46,0)            
(1.04149,0)         (0.53983,0)         (-1.13839,0)        (0.176074,0)        (0.48,0)            
(1.04151,0)         (0.600401,0)        (-1.15696,0)        (0.124748,0)        (0.47,0)            
(1.05127,0)         (0.372584,0)        (-0.92403,0)        (0.2116,0)          (0.34,0)            
(1.05075,0)         (0.387517,0)        (-0.941852,0)       (0.207569,0)        (0.35,0)            
(1.04515,0)         (0.525973,0)        (-1.06529,0)        (0.142978,0)        (0.42,0)            
(1.05166,0)         (0.369842,0)        (-0.90975,0)        (0.205172,0)        (0.33,0)            
(1.04424,0)         (0.529742,0)        (-1.08875,0)        (0.154311,0)        (0.43,0)            
(1.05208,0)         (0.405521,0)        (-0.923396,0)       (0.1767,0)          (0.31,0)            
(1.04983,0)         (0.379602,0)        (-0.959619,0)       (0.227426,0)        (0.37,0)            
(1.04982,0)         (0.319031,0)        (-0.941046,0)       (0.278751,0)        (0.38,0)            
(1.03917,0)         (0.582228,0)        (-1.19084,0)        (0.165836,0)        (0.49,0)            
(1.0463,0)          (0.462841,0)        (-1.0305,0)         (0.186431,0)        (0.42,0)            
(1.0449,0)          (0.503764,0)        (-1.07528,0)        (0.172743,0)        (0.42,0)            
(1.04945,0)         (0.37668,0)         (-0.947266,0)       (0.222442,0)        (0.36,0)            
(1.05283,0)         (0.318393,0)        (-0.880664,0)       (0.2401,0)          (0.32,0)            
(1.05373,0)         (0.231904,0)        (-0.847983,0)       (0.309376,0)        (0.32,0)            
(1.05283,0)         (0.342837,0)        (-0.887102,0)       (0.218699,0)        (0.32,0)            
(1.05103,0)         (0.358935,0)        (-0.915873,0)       (0.220579,0)        (0.33,0)            
(1.04829,0)         (0.40515,0)         (-0.977649,0)       (0.212417,0)        (0.37,0)            
(1.04033,0)         (0.626259,0)        (-1.17171,0)        (0.107279,0)        (0.48,0)            
(1.05193,0)         (0.323309,0)        (-0.912023,0)       (0.255374,0)        (0.33,0)            
(1.04488,0)         (0.384916,0)        (-1.05393,0)        (0.283276,0)        (0.44,0)            
(1.04683,0)         (0.400167,0)        (-1.0077,0)         (0.237205,0)        (0.41,0)            
(1.05596,0)         (0.213453,0)        (-0.81762,0)        (0.308924,0)        (0.28,0)            
(1.05321,0)         (0.172359,0)        (-0.838592,0)       (0.365607,0)        (0.33,0)            
(1.03811,0)         (0.623708,0)        (-1.21933,0)        (0.140956,0)        (0.52,0)            
(1.05388,0)         (0.339707,0)        (-0.873691,0)       (0.213243,0)        (0.3,0)             
(1.04555,0)         (0.428898,0)        (-1.04894,0)        (0.233976,0)        (0.41,0)            
(1.04371,0)         (0.508548,0)        (-1.09444,0)        (0.180205,0)        (0.45,0)            
(1.04774,0)         (0.398692,0)        (-1.00003,0)        (0.233755,0)        (0.4,0)             
(1.04267,0)         (0.572249,0)        (-1.12642,0)        (0.134335,0)        (0.46,0)            
(1.04985,0)         (0.343546,0)        (-0.960334,0)       (0.265644,0)        (0.36,0)            
(1.04569,0)         (0.47613,0)         (-1.05608,0)        (0.189169,0)        (0.4,0)             
(1.04853,0)         (0.418799,0)        (-0.985807,0)       (0.203438,0)        (0.38,0)            
(1.04398,0)         (0.519145,0)        (-1.09159,0)        (0.167258,0)        (0.44,0)            
(1.04425,0)         (0.506446,0)        (-1.09021,0)        (0.179652,0)        (0.43,0)            
(1.04853,0)         (0.394356,0)        (-0.979368,0)       (0.224839,0)        (0.38,0)            
(1.04918,0)         (0.416117,0)        (-0.970883,0)       (0.196528,0)        (0.37,0)            
(1.06233,0)         (0.0799785,0)       (-0.650574,0)       (0.339899,0)        (0.2,0)             
(1.0475,0)          (0.459203,0)        (-1.01925,0)        (0.18291,0)         (0.39,0)            
(1.05686,0)         (0.20739,0)         (-0.778364,0)       (0.289709,0)        (0.27,0)            
(1.04724,0)         (0.459143,0)        (-1.01989,0)        (0.183392,0)        (0.39,0)            
(1.04957,0)         (0.378395,0)        (-0.952365,0)       (0.223966,0)        (0.37,0)            
(1.05062,0)         (0.301106,0)        (-0.911581,0)       (0.278333,0)        (0.35,0)            
(1.03747,0)         (0.662517,0)        (-1.24639,0)        (0.117941,0)        (0.52,0)            
(1.04189,0)         (0.538235,0)        (-1.13201,0)        (0.173587,0)        (0.47,0)            
(1.04568,0)         (0.465594,0)        (-1.05828,0)        (0.201634,0)        (0.41,0)            
(1.0441,0)          (0.53025,0)         (-1.08659,0)        (0.152376,0)        (0.44,0)            
(1.05476,0)         (0.214796,0)        (-0.813083,0)       (0.304563,0)        (0.31,0)            
(1.04489,0)         (0.467636,0)        (-1.06315,0)        (0.202668,0)        (0.43,0)            
(1.05074,0)         (0.336336,0)        (-0.913182,0)       (0.242488,0)        (0.35,0)            
(1.04189,0)         (0.563826,0)        (-1.14634,0)        (0.156127,0)        (0.47,0)            
(1.05403,0)         (0.374179,0)        (-0.880084,0)       (0.181312,0)        (0.28,0)            
(1.04527,0)         (0.429914,0)        (-1.04463,0)        (0.230106,0)        (0.43,0)            
(1.04947,0)         (0.439545,0)        (-0.981632,0)       (0.178998,0)        (0.35,0)            
(1.05713,0)         (0.19469,0)         (-0.776979,0)       (0.302104,0)        (0.26,0)            
(1.0423,0)          (0.549471,0)        (-1.13921,0)        (0.166516,0)        (0.45,0)            
(1.04697,0)         (0.47299,0)         (-1.02917,0)        (0.174938,0)        (0.4,0)             
(1.04983,0)         (0.402899,0)        (-0.95816,0)        (0.202084,0)        (0.37,0)            
(1.05557,0)         (0.199994,0)        (-0.807468,0)       (0.316405,0)        (0.28,0)            
(1.04318,0)         (0.497891,0)        (-1.09792,0)        (0.193633,0)        (0.46,0)            
(1.05064,0)         (0.313937,0)        (-0.925173,0)       (0.27375,0)         (0.34,0)            
(1.05049,0)         (0.38631,0)         (-0.934598,0)       (0.204109,0)        (0.35,0)            
(1.05009,0)         (0.436792,0)        (-0.953859,0)       (0.163795,0)        (0.36,0)            
(1.0514,0)          (0.408132,0)        (-0.92547,0)        (0.175317,0)        (0.34,0)            
(1.04816,0)         (0.442614,0)        (-0.995686,0)       (0.184936,0)        (0.37,0)            
(1.05532,0)         (0.273264,0)        (-0.827426,0)       (0.252685,0)        (0.28,0)            
(1.04087,0)         (0.59147,0)         (-1.17904,0)        (0.148475,0)        (0.47,0)            
(1.04475,0)         (0.527568,0)        (-1.07167,0)        (0.145466,0)        (0.43,0)            
(1.04047,0)         (0.639658,0)        (-1.18251,0)        (0.100279,0)        (0.48,0)            
(1.05296,0)         (0.305054,0)        (-0.869226,0)       (0.246619,0)        (0.32,0)            
(1.04254,0)         (0.584441,0)        (-1.12996,0)        (0.123875,0)        (0.46,0)            
(1.04008,0)         (0.579606,0)        (-1.17527,0)        (0.158445,0)        (0.48,0)            
(1.05035,0)         (0.386818,0)        (-0.932443,0)       (0.202174,0)        (0.36,0)            
(1.05675,0)         (0.232412,0)        (-0.795497,0)       (0.274666,0)        (0.26,0)            
(1.04762,0)         (0.412031,0)        (-1.01147,0)        (0.227236,0)        (0.4,0)             
(1.05401,0)         (0.326368,0)        (-0.862254,0)       (0.219762,0)        (0.3,0)             
(1.04255,0)         (0.596125,0)        (-1.13566,0)        (0.115351,0)        (0.45,0)            
(1.04319,0)         (0.557315,0)        (-1.1086,0)         (0.138366,0)        (0.45,0)            
(1.04478,0)         (0.552083,0)        (-1.09096,0)        (0.132358,0)        (0.41,0)            
(1.04425,0)         (0.483149,0)        (-1.09166,0)        (0.204994,0)        (0.43,0)            
(1.04608,0)         (0.473388,0)        (-1.0418,0)         (0.18274,0)         (0.39,0)            
(1.04829,0)         (0.454866,0)        (-0.998584,0)       (0.173995,0)        (0.37,0)            
(1.04568,0)         (0.44115,0)         (-1.05184,0)        (0.223035,0)        (0.41,0)            
(1.03904,0)         (0.560586,0)        (-1.19804,0)        (0.193183,0)        (0.5,0)             
(1.03097,0)         (0.830333,0)        (-1.40762,0)        (0.0472229,0)       (0.6,0)             
(1.04995,0)         (0.388413,0)        (-0.938827,0)       (0.204661,0)        (0.37,0)            
(1.04071,0)         (0.496427,0)        (-1.15408,0)        (0.231732,0)        (0.5,0)             
(1.04242,0)         (0.500323,0)        (-1.11548,0)        (0.202522,0)        (0.46,0)            
(1.04685,0)         (0.412169,0)        (-1.01324,0)        (0.228243,0)        (0.4,0)             
(1.04711,0)         (0.423595,0)        (-1.01845,0)        (0.219675,0)        (0.39,0)            
(1.05362,0)         (0.304667,0)        (-0.870096,0)       (0.247591,0)        (0.31,0)            
(1.04907,0)         (0.390277,0)        (-0.959185,0)       (0.215967,0)        (0.36,0)            
(1.04736,0)         (0.38638,0)         (-0.997778,0)       (0.245177,0)        (0.4,0)             
(1.04501,0)         (0.479888,0)        (-1.06605,0)        (0.191727,0)        (0.43,0)            
(1.04567,0)         (0.429466,0)        (-1.04614,0)        (0.231559,0)        (0.42,0)            
(1.04398,0)         (0.543589,0)        (-1.09803,0)        (0.145857,0)        (0.44,0)            
(1.04721,0)         (0.411332,0)        (-1.00206,0)        (0.221841,0)        (0.41,0)            
(1.04855,0)         (0.430483,0)        (-0.991502,0)       (0.194914,0)        (0.37,0)            
(1.05596,0)         (0.162589,0)        (-0.788789,0)       (0.343405,0)        (0.28,0)            
(1.04802,0)         (0.44427,0)         (-1.00143,0)        (0.186942,0)        (0.38,0)            
(1.04776,0)         (0.43482,0)         (-1.01217,0)        (0.203829,0)        (0.39,0)            
(1.04358,0)         (0.49432,0)         (-1.07558,0)        (0.182826,0)        (0.45,0)            
(1.05439,0)         (0.141155,0)        (-0.797047,0)       (0.371226,0)        (0.3,0)             
(1.051,0)           (0.359693,0)        (-0.911081,0)       (0.216665,0)        (0.35,0)            
(1.05154,0)         (0.430921,0)        (-0.926167,0)       (0.151911,0)        (0.33,0)            
(1.05687,0)         (0.18524,0)         (-0.787719,0)       (0.318992,0)        (0.27,0)            
(1.0578,0)          (0.132655,0)        (-0.764229,0)       (0.358754,0)        (0.24,0)            
(1.05024,0)         (0.32575,0)         (-0.929517,0)       (0.26421,0)         (0.34,0)            
(1.04619,0)         (0.486716,0)        (-1.03974,0)        (0.167447,0)        (0.41,0)            
(1.04826,0)         (0.454795,0)        (-0.985734,0)       (0.165702,0)        (0.39,0)            
(1.05258,0)         (0.220876,0)        (-0.855392,0)       (0.325747,0)        (0.32,0)            
(1.05947,0)         (0.139533,0)        (-0.723787,0)       (0.325219,0)        (0.24,0)            
(1.05294,0)         (0.283981,0)        (-0.873628,0)       (0.27155,0)         (0.34,0)            
(1.05152,0)         (0.287629,0)        (-0.898376,0)       (0.283845,0)        (0.35,0)            
(1.054,0)           (0.218057,0)        (-0.838701,0)       (0.31783,0)         (0.31,0)            
(1.05453,0)         (0.288138,0)        (-0.845891,0)       (0.249135,0)        (0.29,0)            
(1.05022,0)         (0.375713,0)        (-0.937441,0)       (0.217056,0)        (0.36,0)            
(1.04529,0)         (0.453282,0)        (-1.05602,0)        (0.213057,0)        (0.41,0)            
(1.04412,0)         (0.447601,0)        (-1.09023,0)        (0.241277,0)        (0.43,0)            
(1.04828,0)         (0.395442,0)        (-0.987907,0)       (0.229262,0)        (0.38,0)            
(1.05256,0)         (0.37998,0)         (-0.894926,0)       (0.184904,0)        (0.33,0)            
(1.04763,0)         (0.349237,0)        (-0.989954,0)       (0.278973,0)        (0.39,0)            
(1.05464,0)         (0.277022,0)        (-0.837397,0)       (0.255243,0)        (0.31,0)            
(1.05425,0)         (0.313597,0)        (-0.848019,0)       (0.223864,0)        (0.31,0)            
(1.04058,0)         (0.614636,0)        (-1.16538,0)        (0.115322,0)        (0.49,0)            
(1.04789,0)         (0.432018,0)        (-0.998529,0)       (0.197883,0)        (0.38,0)            
(1.05087,0)         (0.349735,0)        (-0.923976,0)       (0.235488,0)        (0.35,0)            
(1.04334,0)         (0.436883,0)        (-1.09435,0)        (0.255187,0)        (0.44,0)            
(1.05658,0)         (0.232849,0)        (-0.780492,0)       (0.264438,0)        (0.29,0)            
(1.05256,0)         (0.201779,0)        (-0.875747,0)       (0.358998,0)        (0.34,0)            
(1.05414,0)         (0.289733,0)        (-0.852275,0)       (0.251622,0)        (0.3,0)             
(1.0484,0)          (0.406547,0)        (-0.982909,0)       (0.214379,0)        (0.38,0)            
(1.04204,0)         (0.524967,0)        (-1.13342,0)        (0.188398,0)        (0.45,0)            
(1.0527,0)          (0.379472,0)        (-0.897081,0)       (0.186839,0)        (0.32,0)            
(1.05388,0)         (0.33856,0)         (-0.865794,0)       (0.209302,0)        (0.3,0)             
(1.0518,0)          (0.335501,0)        (-0.915563,0)       (0.244914,0)        (0.33,0)            
(1.05232,0)         (0.368307,0)        (-0.902723,0)       (0.202203,0)        (0.32,0)            
(1.04697,0)         (0.447399,0)        (-1.01484,0)        (0.192398,0)        (0.4,0)             
(1.04332,0)         (0.545124,0)        (-1.10506,0)        (0.148826,0)        (0.45,0)            
(1.05844,0)         (0.191621,0)        (-0.762925,0)       (0.296166,0)        (0.24,0)            
(1.04619,0)         (0.390089,0)        (-1.02188,0)        (0.256991,0)        (0.41,0)            
(1.05257,0)         (0.269445,0)        (-0.868429,0)       (0.283383,0)        (0.32,0)            
(1.04383,0)         (0.461376,0)        (-1.08666,0)        (0.22453,0)         (0.46,0)            
(1.04801,0)         (0.409289,0)        (-0.997189,0)       (0.220808,0)        (0.39,0)            
(1.04736,0)         (0.493544,0)        (-1.01343,0)        (0.143168,0)        (0.39,0)            
(1.04906,0)         (0.452753,0)        (-0.980862,0)       (0.164668,0)        (0.37,0)            
(1.0463,0)          (0.340623,0)        (-0.998312,0)       (0.293435,0)        (0.42,0)            
(1.0419,0)          (0.547943,0)        (-1.12175,0)        (0.156743,0)        (0.46,0)            
(1.03786,0)         (0.673682,0)        (-1.24074,0)        (0.102577,0)        (0.52,0)            
(1.05944,0)         (0.139462,0)        (-0.710938,0)       (0.316926,0)        (0.26,0)            
(1.04553,0)         (0.454418,0)        (-1.05043,0)        (0.208223,0)        (0.43,0)            
(1.04777,0)         (0.42206,0)         (-1.01142,0)        (0.216706,0)        (0.38,0)            
(1.04006,0)         (0.606273,0)        (-1.18466,0)        (0.136633,0)        (0.5,0)             
(1.05131,0)         (0.359895,0)        (-0.936137,0)       (0.232769,0)        (0.31,0)            
(1.04983,0)         (0.387845,0)        (-0.941625,0)       (0.207078,0)        (0.36,0)            
(1.0514,0)          (0.311505,0)        (-0.907613,0)       (0.264861,0)        (0.34,0)            
(1.04918,0)         (0.36723,0)         (-0.958006,0)       (0.23933,0)         (0.37,0)            
(1.04828,0)         (0.346555,0)        (-0.975031,0)       (0.272063,0)        (0.38,0)            
(1.05103,0)         (0.362058,0)        (-0.939723,0)       (0.23284,0)         (0.33,0)            
(1.04839,0)         (0.394864,0)        (-0.977213,0)       (0.222904,0)        (0.39,0)            
(1.04033,0)         (0.650703,0)        (-1.17815,0)        (0.0858787,0)       (0.48,0)            
(1.0497,0)          (0.390647,0)        (-0.955263,0)       (0.213025,0)        (0.37,0)            
(1.04606,0)         (0.497761,0)        (-1.03538,0)        (0.153047,0)        (0.41,0)            
(1.04139,0)         (0.577684,0)        (-1.16912,0)        (0.156448,0)        (0.46,0)            
(1.04462,0)         (0.481483,0)        (-1.07243,0)        (0.194214,0)        (0.44,0)            
(1.04971,0)         (0.377887,0)        (-0.95452,0)        (0.225901,0)        (0.36,0)            
(1.04294,0)         (0.509515,0)        (-1.10426,0)        (0.18559,0)         (0.45,0)            
(1.04437,0)         (0.443072,0)        (-1.058,0)          (0.225032,0)        (0.43,0)            
(1.05258,0)         (0.295036,0)        (-0.882764,0)       (0.265924,0)        (0.32,0)            
(1.05075,0)         (0.364221,0)        (-0.94331,0)        (0.23291,0)         (0.35,0)            
(1.03525,0)         (0.731002,0)        (-1.29752,0)        (0.0795329,0)       (0.56,0)            
(1.04436,0)         (0.458126,0)        (-1.07453,0)        (0.220037,0)        (0.44,0)            
(1.03902,0)         (0.621086,0)        (-1.20376,0)        (0.133565,0)        (0.51,0)            
(1.05192,0)         (0.262738,0)        (-0.89345,0)        (0.3067,0)          (0.34,0)            
(1.04985,0)         (0.426266,0)        (-0.969552,0)       (0.185035,0)        (0.35,0)            
(1.04348,0)         (0.580743,0)        (-1.11935,0)        (0.120836,0)        (0.43,0)            
(1.04514,0)         (0.443253,0)        (-1.05607,0)        (0.223587,0)        (0.43,0)            
(1.0518,0)          (0.334353,0)        (-0.907667,0)       (0.240973,0)        (0.33,0)            
(1.0436,0)          (0.518517,0)        (-1.09503,0)        (0.170156,0)        (0.43,0)            
(1.04605,0)         (0.463928,0)        (-1.03904,0)        (0.190854,0)        (0.42,0)            
(1.05177,0)         (0.262417,0)        (-0.883238,0)       (0.300386,0)        (0.35,0)            
(1.05296,0)         (0.330645,0)        (-0.883561,0)       (0.229159,0)        (0.32,0)            
(1.04945,0)         (0.402271,0)        (-0.961601,0)       (0.204982,0)        (0.36,0)            
(1.0432,0)          (0.534019,0)        (-1.11006,0)        (0.163708,0)        (0.45,0)            
(1.04474,0)         (0.491441,0)        (-1.05954,0)        (0.175391,0)        (0.44,0)            
(1.03343,0)         (0.638789,0)        (-1.30274,0)        (0.179481,0)        (0.58,0)            
(1.0467,0)          (0.389062,0)        (-1.0127,0)         (0.252087,0)        (0.41,0)            
(1.04358,0)         (0.497444,0)        (-1.09943,0)        (0.195087,0)        (0.45,0)            
(1.04371,0)         (0.508548,0)        (-1.09444,0)        (0.180205,0)        (0.45,0)            
(1.04735,0)         (0.458564,0)        (-1.0092,0)         (0.177034,0)        (0.4,0)             
(1.04552,0)         (0.502158,0)        (-1.05541,0)        (0.161481,0)        (0.43,0)            
(1.03786,0)         (0.650386,0)        (-1.2422,0)         (0.127919,0)        (0.52,0)            
(1.04787,0)         (0.434241,0)        (-1.00147,0)        (0.197472,0)        (0.4,0)             
(1.06026,0)         (0.136343,0)        (-0.711019,0)       (0.320244,0)        (0.22,0)            
(1.04149,0)         (0.564274,0)        (-1.14483,0)        (0.154673,0)        (0.48,0)            
(1.04736,0)         (0.363084,0)        (-0.999236,0)       (0.270519,0)        (0.4,0)             
(1.04438,0)         (0.575827,0)        (-1.08799,0)        (0.105563,0)        (0.42,0)            
(1.04488,0)         (0.53982,0)         (-1.07457,0)        (0.134524,0)        (0.43,0)            
(1.04945,0)         (0.451158,0)        (-0.974478,0)       (0.162181,0)        (0.36,0)            
(1.04633,0)         (0.486208,0)        (-1.0419,0)         (0.169382,0)        (0.4,0)             
(1.04607,0)         (0.487295,0)        (-1.05044,0)        (0.173805,0)        (0.4,0)             
(1.04946,0)         (0.403418,0)        (-0.969498,0)       (0.208923,0)        (0.36,0)            
(1.05089,0)         (0.361419,0)        (-0.929672,0)       (0.226964,0)        (0.34,0)            
(1.04646,0)         (0.399539,0)        (-1.01114,0)        (0.240103,0)        (0.4,0)             
(1.0536,0)          (0.292983,0)        (-0.8644,0)         (0.256115,0)        (0.32,0)            
(1.04435,0)         (0.527187,0)        (-1.0621,0)         (0.139633,0)        (0.44,0)            
(1.04724,0)         (0.434699,0)        (-1.01345,0)        (0.204793,0)        (0.39,0)            
(1.05701,0)         (0.206882,0)        (-0.780519,0)       (0.291645,0)        (0.26,0)            
(1.06287,0)         (0.00569187,0)      (-0.634926,0)       (0.40749,0)         (0.18,0)            
(1.04552,0)         (0.453271,0)        (-1.04253,0)        (0.204282,0)        (0.43,0)            
(1.0492,0)          (0.353641,0)        (-0.949206,0)       (0.247827,0)        (0.36,0)            
(1.04997,0)         (0.351528,0)        (-0.931485,0)       (0.238501,0)        (0.36,0)            
(1.05049,0)         (0.387457,0)        (-0.942494,0)       (0.20805,0)         (0.35,0)            
(1.05907,0)         (0.117831,0)        (-0.731629,0)       (0.353048,0)        (0.25,0)            
(1.05426,0)         (0.276394,0)        (-0.840838,0)       (0.258141,0)        (0.3,0)             
(1.05516,0)         (0.189905,0)        (-0.808157,0)       (0.327417,0)        (0.3,0)             
(1.04828,0)         (0.39659,0)         (-0.995804,0)       (0.233202,0)        (0.38,0)            
(1.04645,0)         (0.439036,0)        (-1.03412,0)        (0.213708,0)        (0.41,0)            
(1.0514,0)          (0.384836,0)        (-0.926928,0)       (0.200659,0)        (0.34,0)            
(1.03707,0)         (0.711852,0)        (-1.25775,0)        (0.0736855,0)       (0.53,0)            
(1.04957,0)         (0.379542,0)        (-0.960261,0)       (0.227907,0)        (0.37,0)            
(1.05207,0)         (0.321654,0)        (-0.906281,0)       (0.253368,0)        (0.32,0)            
(1.04385,0)         (0.50804,0)         (-1.09659,0)        (0.18214,0)         (0.44,0)            
(1.05126,0)         (0.312013,0)        (-0.905458,0)       (0.262926,0)        (0.35,0)            
(1.0432,0)          (0.544555,0)        (-1.10786,0)        (0.151243,0)        (0.44,0)            
(1.05336,0)         (0.304606,0)        (-0.870739,0)       (0.248073,0)        (0.31,0)            
(1.05075,0)         (0.410814,0)        (-0.940393,0)       (0.182227,0)        (0.35,0)            
(1.0501,0)          (0.399589,0)        (-0.946678,0)       (0.198072,0)        (0.35,0)            
(1.05309,0)         (0.29401,0)         (-0.873582,0)       (0.261019,0)        (0.32,0)            
(1.04045,0)         (0.545254,0)        (-1.1676,0)         (0.189412,0)        (0.5,0)             
(1.04074,0)         (0.603662,0)        (-1.18258,0)        (0.138016,0)        (0.47,0)            
(1.04647,0)         (0.4857,0)          (-1.04405,0)        (0.171318,0)        (0.39,0)            
(1.04815,0)         (0.433225,0)        (-1.00578,0)        (0.201342,0)        (0.38,0)            
(1.05115,0)         (0.444199,0)        (-0.938247,0)       (0.145874,0)        (0.33,0)            
(1.04737,0)         (0.348348,0)        (-0.982539,0)       (0.275076,0)        (0.39,0)            
(1.05178,0)         (0.37041,0)         (-0.906952,0)       (0.202755,0)        (0.34,0)            
(1.04151,0)         (0.600401,0)        (-1.15696,0)        (0.124748,0)        (0.47,0)            
