38
e_L                 onsite              nnhop               ospair              ophop               nnJastrow           nnnJastrow          
(0.968427,0)        (0.182176,0)        (-0.302602,0)       (0.60224,0)         (-0.418353,0)       (0.1,0)             (0.25,0)            
(1.04401,0)         (0.20564,0)         (-0.370137,0)       (0.594088,0)        (-0.354825,0)       (0.22,0)            (0.16,0)            
(0.969285,0)        (0.223043,0)        (-0.408445,0)       (0.604356,0)        (-0.337538,0)       (0.2,0)             (0.34,0)            
(0.993817,0)        (0.0799455,0)       (-0.326472,0)       (0.731935,0)        (-0.411964,0)       (0.13,0)            (0.23,0)            
(0.961108,0)        (0.282821,0)        (-0.350846,0)       (0.503631,0)        (-0.368432,0)       (0.15,0)            (0.3,0)             
(0.91259,0)         (0.14738,0)         (-0.294147,0)       (0.629165,0)        (-0.418912,0)       (0.06,0)            (0.36,0)            
(0.973391,0)        (0.166,0)           (-0.323422,0)       (0.632026,0)        (-0.406292,0)       (0.12,0)            (0.26,0)            
(0.9876,0)          (0.35644,0)         (-0.476756,0)       (0.5337,0)          (-0.324868,0)       (0.25,0)            (0.34,0)            
(0.977753,0)        (0.26172,0)         (-0.397343,0)       (0.551835,0)        (-0.339024,0)       (0.2,0)             (0.31,0)            
(0.998422,0)        (0.263721,0)        (-0.386635,0)       (0.580443,0)        (-0.38165,0)        (0.18,0)            (0.25,0)            
(0.991625,0)        (0.215297,0)        (-0.384703,0)       (0.620652,0)        (-0.373505,0)       (0.18,0)            (0.27,0)            
(0.953082,0)        (0.151757,0)        (-0.334612,0)       (0.662927,0)        (-0.40866,0)        (0.11,0)            (0.31,0)            
(0.996392,0)        (0.332637,0)        (-0.409142,0)       (0.502804,0)        (-0.35,0)           (0.21,0)            (0.27,0)            
(0.964762,0)        (0.146832,0)        (-0.36029,0)        (0.681345,0)        (-0.391312,0)       (0.14,0)            (0.31,0)            
(1.01975,0)         (0.322786,0)        (-0.460498,0)       (0.53964,0)         (-0.315304,0)       (0.27,0)            (0.27,0)            
(1.02085,0)         (0.428245,0)        (-0.547604,0)       (0.485676,0)        (-0.268101,0)       (0.34,0)            (0.33,0)            
(0.986255,0)        (0.280243,0)        (-0.4283,0)         (0.58286,0)         (-0.35183,0)        (0.21,0)            (0.31,0)            
(0.9633,0)          (0.194397,0)        (-0.302571,0)       (0.584472,0)        (-0.413577,0)       (0.1,0)             (0.26,0)            
(0.985849,0)        (0.282087,0)        (-0.48276,0)        (0.605296,0)        (-0.31141,0)        (0.26,0)            (0.36,0)            
(0.990442,0)        (0.166519,0)        (-0.320437,0)       (0.642572,0)        (-0.420646,0)       (0.12,0)            (0.22,0)            
(0.989027,0)        (0.329029,0)        (-0.492415,0)       (0.547025,0)        (-0.291283,0)       (0.28,0)            (0.36,0)            
(0.961305,0)        (0.24316,0)         (-0.367139,0)       (0.590381,0)        (-0.393247,0)       (0.14,0)            (0.31,0)            
(0.984549,0)        (0.263216,0)        (-0.389318,0)       (0.542068,0)        (-0.340483,0)       (0.2,0)             (0.29,0)            
(1.01304,0)         (0.288072,0)        (-0.450661,0)       (0.566229,0)        (-0.317248,0)       (0.26,0)            (0.28,0)            
(0.998584,0)        (0.220749,0)        (-0.35589,0)        (0.598867,0)        (-0.391801,0)       (0.16,0)            (0.23,0)            
(1.00932,0)         (0.0673926,0)       (-0.263717,0)       (0.689671,0)        (-0.431808,0)       (0.1,0)             (0.15,0)            
(0.988771,0)        (0.152803,0)        (-0.328493,0)       (0.670106,0)        (-0.423963,0)       (0.12,0)            (0.23,0)            
(0.983285,0)        (0.200729,0)        (-0.332957,0)       (0.577608,0)        (-0.377535,0)       (0.15,0)            (0.25,0)            
(0.944174,0)        (0.275859,0)        (-0.387985,0)       (0.563012,0)        (-0.375488,0)       (0.15,0)            (0.36,0)            
(0.972046,0)        (0.136731,0)        (-0.284922,0)       (0.650744,0)        (-0.439939,0)       (0.08,0)            (0.23,0)            
(0.987681,0)        (0.299759,0)        (-0.453916,0)       (0.565743,0)        (-0.32493,0)        (0.24,0)            (0.33,0)            
(1.01364,0)         (0.223104,0)        (-0.407516,0)       (0.645764,0)        (-0.379141,0)       (0.2,0)             (0.24,0)            
(1.00152,0)         (0.250026,0)        (-0.394238,0)       (0.566234,0)        (-0.344748,0)       (0.21,0)            (0.26,0)            
(0.999164,0)        (0.357958,0)        (-0.468279,0)       (0.48219,0)         (-0.28611,0)        (0.28,0)            (0.32,0)            
(1.00163,0)         (0.220119,0)        (-0.423414,0)       (0.651383,0)        (-0.362816,0)       (0.21,0)            (0.28,0)            
(0.969285,0)        (0.26997,0)         (-0.418401,0)       (0.573915,0)        (-0.344223,0)       (0.2,0)             (0.34,0)            
(0.982264,0)        (0.108979,0)        (-0.237946,0)       (0.617952,0)        (-0.434828,0)       (0.07,0)            (0.18,0)            
(1.00261,0)         (0.103069,0)        (-0.268815,0)       (0.670597,0)        (-0.44378,0)        (0.09,0)            (0.16,0)            
(1.00379,0)         (0.0814564,0)       (-0.318146,0)       (0.69434,0)         (-0.386611,0)       (0.15,0)            (0.21,0)            
(0.997285,0)        (0.178415,0)        (-0.257469,0)       (0.550859,0)        (-0.417532,0)       (0.1,0)             (0.16,0)            
(0.963381,0)        (0.184643,0)        (-0.289688,0)       (0.586074,0)        (-0.420324,0)       (0.09,0)            (0.25,0)            
(0.984874,0)        (0.271127,0)        (-0.347741,0)       (0.518031,0)        (-0.374157,0)       (0.16,0)            (0.25,0)            
(0.978356,0)        (0.173288,0)        (-0.349219,0)       (0.64659,0)         (-0.397574,0)       (0.14,0)            (0.27,0)            
(0.966235,0)        (0.223674,0)        (-0.34092,0)        (0.55184,0)         (-0.366523,0)       (0.15,0)            (0.29,0)            
(0.982879,0)        (0.31989,0)         (-0.412308,0)       (0.523939,0)        (-0.353828,0)       (0.2,0)             (0.3,0)             
(0.976163,0)        (0.238249,0)        (-0.392515,0)       (0.58097,0)         (-0.349087,0)       (0.19,0)            (0.31,0)            
(0.992205,0)        (0.399434,0)        (-0.507049,0)       (0.473534,0)        (-0.274499,0)       (0.3,0)             (0.36,0)            
(0.963787,0)        (0.0889449,0)       (-0.215315,0)       (0.624522,0)        (-0.447374,0)       (0.04,0)            (0.2,0)             
(0.968508,0)        (0.172422,0)        (-0.289719,0)       (0.603841,0)        (-0.4251,0)         (0.09,0)            (0.24,0)            
(0.976001,0)        (0.328148,0)        (-0.433217,0)       (0.532105,0)        (-0.345621,0)       (0.21,0)            (0.33,0)            
(0.968265,0)        (0.225148,0)        (-0.333347,0)       (0.583816,0)        (-0.408201,0)       (0.12,0)            (0.27,0)            
(1.00932,0)         (0.11432,0)         (-0.273673,0)       (0.659229,0)        (-0.438493,0)       (0.1,0)             (0.15,0)            
(0.973113,0)        (0.145025,0)        (-0.305077,0)       (0.589337,0)        (-0.364702,0)       (0.14,0)            (0.26,0)            
(1.02992,0)         (0.331563,0)        (-0.478421,0)       (0.558352,0)        (-0.321451,0)       (0.28,0)            (0.26,0)            
(0.946691,0)        (0.101491,0)        (-0.278221,0)       (0.6807,0)          (-0.440936,0)       (0.06,0)            (0.28,0)            
(0.992854,0)        (0.274474,0)        (-0.394026,0)       (0.516785,0)        (-0.32179,0)        (0.22,0)            (0.28,0)            
(1.01352,0)         (0.253011,0)        (-0.378339,0)       (0.560615,0)        (-0.361073,0)       (0.2,0)             (0.22,0)            
(0.976569,0)        (0.212942,0)        (-0.333077,0)       (0.573755,0)        (-0.386165,0)       (0.14,0)            (0.26,0)            
(1.03249,0)         (0.261448,0)        (-0.333628,0)       (0.53321,0)         (-0.395695,0)       (0.17,0)            (0.14,0)            
(1.02109,0)         (0.0996403,0)       (-0.286468,0)       (0.679248,0)        (-0.427892,0)       (0.12,0)            (0.14,0)            
(0.980965,0)        (0.335436,0)        (-0.459014,0)       (0.546669,0)        (-0.336903,0)       (0.23,0)            (0.34,0)            
(0.993457,0)        (0.186042,0)        (-0.345902,0)       (0.611541,0)        (-0.38034,0)        (0.16,0)            (0.24,0)            
(0.945925,0)        (0.256358,0)        (-0.362068,0)       (0.5523,0)          (-0.375577,0)       (0.14,0)            (0.34,0)            
(0.962894,0)        (0.172776,0)        (-0.352053,0)       (0.622129,0)        (-0.369813,0)       (0.15,0)            (0.31,0)            
(1.00017,0)         (0.24422,0)         (-0.360717,0)       (0.569731,0)        (-0.381738,0)       (0.17,0)            (0.23,0)            
(1.00209,0)         (0.205211,0)        (-0.309033,0)       (0.562222,0)        (-0.39532,0)        (0.14,0)            (0.19,0)            
(0.953209,0)        (0.105475,0)        (-0.25683,0)        (0.613024,0)        (-0.404148,0)       (0.08,0)            (0.26,0)            
(1.03216,0)         (0.300465,0)        (-0.385161,0)       (0.526805,0)        (-0.368707,0)       (0.21,0)            (0.18,0)            
(1.0163,0)          (0.372187,0)        (-0.45739,0)        (0.479117,0)        (-0.310554,0)       (0.27,0)            (0.27,0)            
(0.988609,0)        (0.148847,0)        (-0.349281,0)       (0.682125,0)        (-0.407126,0)       (0.14,0)            (0.25,0)            
(0.959681,0)        (0.192915,0)        (-0.310295,0)       (0.566411,0)        (-0.385305,0)       (0.12,0)            (0.28,0)            
(0.986301,0)        (0.290642,0)        (-0.373357,0)       (0.500914,0)        (-0.347257,0)       (0.19,0)            (0.27,0)            
(1.03594,0)         (0.0947294,0)       (-0.311844,0)       (0.669837,0)        (-0.383732,0)       (0.17,0)            (0.14,0)            
(0.924595,0)        (0.150365,0)        (-0.278248,0)       (0.623545,0)        (-0.435237,0)       (0.05,0)            (0.32,0)            
(1.01218,0)         (0.200278,0)        (-0.334862,0)       (0.594554,0)        (-0.391378,0)       (0.16,0)            (0.19,0)            
(0.998097,0)        (0.232346,0)        (-0.423233,0)       (0.619701,0)        (-0.344634,0)       (0.22,0)            (0.29,0)            
(0.969448,0)        (0.203535,0)        (-0.382678,0)       (0.607559,0)        (-0.351032,0)       (0.18,0)            (0.32,0)            
(0.976569,0)        (0.212942,0)        (-0.333077,0)       (0.573755,0)        (-0.386165,0)       (0.14,0)            (0.26,0)            
(0.965005,0)        (0.11757,0)         (-0.32164,0)        (0.686149,0)        (-0.411553,0)       (0.11,0)            (0.28,0)            
(1.02597,0)         (0.187073,0)        (-0.340084,0)       (0.646549,0)        (-0.422455,0)       (0.15,0)            (0.16,0)            
(1.04417,0)         (0.162668,0)        (-0.339392,0)       (0.612512,0)        (-0.364977,0)       (0.2,0)             (0.14,0)            
(1.00111,0)         (0.345723,0)        (-0.468611,0)       (0.527786,0)        (-0.317698,0)       (0.26,0)            (0.31,0)            
(1.01901,0)         (0.181621,0)        (-0.368897,0)       (0.668334,0)        (-0.404158,0)       (0.17,0)            (0.2,0)             
(0.952885,0)        (0.0506371,0)       (-0.28845,0)        (0.667503,0)        (-0.363789,0)       (0.12,0)            (0.3,0)             
(0.962813,0)        (0.229458,0)        (-0.374893,0)       (0.590086,0)        (-0.369752,0)       (0.16,0)            (0.32,0)            
(0.988168,0)        (0.264698,0)        (-0.381594,0)       (0.56013,0)         (-0.368755,0)       (0.18,0)            (0.27,0)            
(0.967534,0)        (0.289471,0)        (-0.444319,0)       (0.584626,0)        (-0.344135,0)       (0.21,0)            (0.36,0)            
(0.951052,0)        (0.220674,0)        (-0.35712,0)        (0.585288,0)        (-0.37701,0)        (0.14,0)            (0.33,0)            
(0.988934,0)        (0.133294,0)        (-0.302726,0)       (0.673309,0)        (-0.437457,0)       (0.1,0)             (0.21,0)            
(0.975143,0)        (0.193427,0)        (-0.307461,0)       (0.590872,0)        (-0.413065,0)       (0.11,0)            (0.24,0)            
(1.01197,0)         (0.185924,0)        (-0.410593,0)       (0.688519,0)        (-0.379115,0)       (0.2,0)             (0.25,0)            
(1.00375,0)         (0.164912,0)        (-0.393002,0)       (0.715402,0)        (-0.404555,0)       (0.17,0)            (0.25,0)            
(0.992773,0)        (0.378082,0)        (-0.426822,0)       (0.4543,0)          (-0.328413,0)       (0.23,0)            (0.29,0)            
(1.02386,0)         (0.195353,0)        (-0.36054,0)        (0.612972,0)        (-0.37403,0)        (0.19,0)            (0.19,0)            
(1.02044,0)         (0.2246,0)          (-0.399491,0)       (0.635997,0)        (-0.380601,0)       (0.2,0)             (0.22,0)            
(0.985976,0)        (0.259268,0)        (-0.409955,0)       (0.540172,0)        (-0.310241,0)       (0.23,0)            (0.31,0)            
(0.982879,0)        (0.226036,0)        (-0.392395,0)       (0.584823,0)        (-0.340457,0)       (0.2,0)             (0.3,0)             
(0.995046,0)        (0.232977,0)        (-0.355708,0)       (0.567185,0)        (-0.373619,0)       (0.17,0)            (0.24,0)            
(0.989514,0)        (0.293968,0)        (-0.420094,0)       (0.541412,0)        (-0.335108,0)       (0.22,0)            (0.3,0)             
(1.00697,0)         (0.245716,0)        (-0.352693,0)       (0.559964,0)        (-0.383198,0)       (0.17,0)            (0.21,0)            
(0.959554,0)        (0.19227,0)         (-0.378121,0)       (0.646756,0)        (-0.383131,0)       (0.15,0)            (0.33,0)            
(1.01958,0)         (0.0429518,0)       (-0.263779,0)       (0.725206,0)        (-0.44136,0)        (0.1,0)             (0.13,0)            
(0.958939,0)        (0.0752136,0)       (-0.223672,0)       (0.679884,0)        (-0.477502,0)       (0.02,0)            (0.21,0)            
(1.01714,0)         (0.231029,0)        (-0.365638,0)       (0.593898,0)        (-0.386003,0)       (0.18,0)            (0.2,0)             
(0.957768,0)        (0.278851,0)        (-0.371935,0)       (0.543478,0)        (-0.378408,0)       (0.15,0)            (0.32,0)            
(0.97868,0)         (0.110808,0)        (-0.292708,0)       (0.668216,0)        (-0.421219,0)       (0.1,0)             (0.23,0)            
(0.969285,0)        (0.293434,0)        (-0.42338,0)        (0.558694,0)        (-0.347566,0)       (0.2,0)             (0.34,0)            
(1.02036,0)         (0.210891,0)        (-0.407396,0)       (0.649616,0)        (-0.370511,0)       (0.21,0)            (0.23,0)            
(0.956422,0)        (0.202654,0)        (-0.323479,0)       (0.592638,0)        (-0.40537,0)        (0.11,0)            (0.29,0)            
(0.947712,0)        (0.240167,0)        (-0.383188,0)       (0.609914,0)        (-0.390328,0)       (0.14,0)            (0.35,0)            
(0.947758,0)        (0.227103,0)        (-0.323267,0)       (0.543189,0)        (-0.382412,0)       (0.12,0)            (0.31,0)            
(0.982636,0)        (0.349152,0)        (-0.450958,0)       (0.519135,0)        (-0.333586,0)       (0.23,0)            (0.33,0)            
(0.981534,0)        (0.267157,0)        (-0.368831,0)       (0.557878,0)        (-0.384132,0)       (0.16,0)            (0.27,0)            
(0.988771,0)        (0.152803,0)        (-0.328493,0)       (0.670106,0)        (-0.423963,0)       (0.12,0)            (0.23,0)            
(1.00017,0)         (0.197293,0)        (-0.350761,0)       (0.600173,0)        (-0.375053,0)       (0.17,0)            (0.23,0)            
(1.00917,0)         (0.386243,0)        (-0.511969,0)       (0.4977,0)          (-0.278763,0)       (0.31,0)            (0.33,0)            
(0.989757,0)        (0.311632,0)        (-0.3914,0)         (0.515773,0)        (-0.362034,0)       (0.19,0)            (0.27,0)            
(0.977265,0)        (0.367172,0)        (-0.484599,0)       (0.511785,0)        (-0.305227,0)       (0.26,0)            (0.37,0)            
(0.996717,0)        (0.246693,0)        (-0.347652,0)       (0.539651,0)        (-0.370303,0)       (0.17,0)            (0.23,0)            
(1.02191,0)         (0.231051,0)        (-0.365186,0)       (0.552155,0)        (-0.345784,0)       (0.21,0)            (0.2,0)             
(0.976001,0)        (0.234294,0)        (-0.413303,0)       (0.592988,0)        (-0.33225,0)        (0.21,0)            (0.33,0)            
(0.960401,0)        (0.074576,0)        (-0.291348,0)       (0.746315,0)        (-0.461923,0)       (0.06,0)            (0.26,0)            
(0.922322,0)        (0.248544,0)        (-0.339405,0)       (0.541103,0)        (-0.383346,0)       (0.11,0)            (0.37,0)            
(0.997494,0)        (0.391169,0)        (-0.486291,0)       (0.479282,0)        (-0.296111,0)       (0.28,0)            (0.33,0)            
(0.981777,0)        (0.237895,0)        (-0.330181,0)       (0.562681,0)        (-0.404373,0)       (0.13,0)            (0.24,0)            
(1.00746,0)         (0.116801,0)        (-0.260458,0)       (0.615235,0)        (-0.413652,0)       (0.11,0)            (0.15,0)            
(0.972127,0)        (0.126977,0)        (-0.272039,0)       (0.652345,0)        (-0.446686,0)       (0.07,0)            (0.22,0)            
(0.97331,0)         (0.152291,0)        (-0.331327,0)       (0.645645,0)        (-0.396202,0)       (0.13,0)            (0.27,0)            
(0.991868,0)        (0.232962,0)        (-0.35601,0)        (0.595014,0)        (-0.400431,0)       (0.15,0)            (0.24,0)            
(0.969691,0)        (0.2212,0)          (-0.353985,0)       (0.581921,0)        (-0.377958,0)       (0.15,0)            (0.29,0)            
(0.991868,0)        (0.186035,0)        (-0.346053,0)       (0.625456,0)        (-0.393746,0)       (0.15,0)            (0.24,0)            
(0.993701,0)        (0.180243,0)        (-0.312231,0)       (0.601124,0)        (-0.403924,0)       (0.13,0)            (0.21,0)            
(0.986138,0)        (0.333614,0)        (-0.404102,0)       (0.48249,0)         (-0.337105,0)       (0.21,0)            (0.29,0)            
(0.974656,0)        (0.18156,0)         (-0.369826,0)       (0.626927,0)        (-0.362555,0)       (0.17,0)            (0.3,0)             
(1.00783,0)         (0.356974,0)        (-0.47347,0)        (0.516418,0)        (-0.312411,0)       (0.27,0)            (0.3,0)             
(0.990848,0)        (0.117749,0)        (-0.25602,0)        (0.650578,0)        (-0.454382,0)       (0.07,0)            (0.17,0)            
(1.00387,0)         (0.18902,0)         (-0.330154,0)       (0.619836,0)        (-0.410071,0)       (0.14,0)            (0.2,0)             
(1.01238,0)         (0.160617,0)        (-0.351155,0)       (0.681304,0)        (-0.416193,0)       (0.15,0)            (0.2,0)             
(0.962454,0)        (0.335554,0)        (-0.394323,0)       (0.469692,0)        (-0.338128,0)       (0.19,0)            (0.33,0)            
(0.924189,0)        (0.222599,0)        (-0.347643,0)       (0.600318,0)        (-0.404845,0)       (0.1,0)             (0.37,0)            
(1.02064,0)         (0.215491,0)        (-0.318782,0)       (0.557253,0)        (-0.389521,0)       (0.16,0)            (0.16,0)            
(0.956422,0)        (0.155727,0)        (-0.313523,0)       (0.62308,0)         (-0.398685,0)       (0.11,0)            (0.29,0)            
(1.01925,0)         (0.0819682,0)       (-0.315312,0)       (0.718801,0)        (-0.414372,0)       (0.14,0)            (0.17,0)            
(1.051,0)           (0.214402,0)        (-0.388362,0)       (0.64063,0)         (-0.387785,0)       (0.21,0)            (0.15,0)            
(0.986823,0)        (0.141574,0)        (-0.323182,0)       (0.639731,0)        (-0.389032,0)       (0.14,0)            (0.24,0)            
(0.995371,0)        (0.147033,0)        (-0.294218,0)       (0.604032,0)        (-0.393922,0)       (0.13,0)            (0.2,0)             
(0.95459,0)         (0.231909,0)        (-0.36228,0)        (0.601749,0)        (-0.398535,0)       (0.13,0)            (0.32,0)            
(0.998584,0)        (0.220749,0)        (-0.35589,0)        (0.598867,0)        (-0.391801,0)       (0.16,0)            (0.23,0)            
(1.00973,0)         (0.0890129,0)       (-0.214235,0)       (0.652014,0)        (-0.475571,0)       (0.05,0)            (0.1,0)             
(1.00355,0)         (0.181109,0)        (-0.371731,0)       (0.643873,0)        (-0.376398,0)       (0.18,0)            (0.24,0)            
(0.979666,0)        (0.269638,0)        (-0.355615,0)       (0.513883,0)        (-0.359291,0)       (0.17,0)            (0.27,0)            
(0.959925,0)        (0.187116,0)        (-0.276623,0)       (0.555993,0)        (-0.408889,0)       (0.09,0)            (0.25,0)            
(0.980107,0)        (0.177251,0)        (-0.32828,0)        (0.620658,0)        (-0.401004,0)       (0.13,0)            (0.25,0)            
(0.993701,0)        (0.133316,0)        (-0.302274,0)       (0.631566,0)        (-0.397239,0)       (0.13,0)            (0.21,0)            
(1.01771,0)         (0.162751,0)        (-0.275455,0)       (0.605106,0)        (-0.433232,0)       (0.11,0)            (0.13,0)            
(0.970944,0)        (0.0312718,0)       (-0.197817,0)       (0.704707,0)        (-0.487142,0)       (0.01,0)            (0.17,0)            
(0.99993,0)         (0.273482,0)        (-0.399367,0)       (0.564928,0)        (-0.361497,0)       (0.2,0)             (0.26,0)            
(0.971315,0)        (0.201054,0)        (-0.395894,0)       (0.651554,0)        (-0.375873,0)       (0.17,0)            (0.32,0)            
(0.976488,0)        (0.24616,0)         (-0.350938,0)       (0.556933,0)        (-0.382761,0)       (0.15,0)            (0.27,0)            
(0.979527,0)        (-0.0303495,0)      (-0.200956,0)       (0.782997,0)        (-0.496668,0)       (0.01,0)            (0.16,0)            
(1.02637,0)         (0.0913752,0)       (-0.265711,0)       (0.684997,0)        (-0.449505,0)       (0.1,0)             (0.11,0)            
(1.00102,0)         (0.056135,0)        (-0.259009,0)       (0.714954,0)        (-0.450501,0)       (0.08,0)            (0.16,0)            
(0.978158,0)        (0.236413,0)        (-0.337904,0)       (0.54462,0)         (-0.376102,0)       (0.15,0)            (0.26,0)            
(1.0158,0)          (0.131369,0)        (-0.312204,0)       (0.658279,0)        (-0.409622,0)       (0.14,0)            (0.17,0)            
(1.01531,0)         (0.260284,0)        (-0.404438,0)       (0.603008,0)        (-0.379167,0)       (0.2,0)             (0.23,0)            
(1.01185,0)         (0.192367,0)        (-0.376438,0)       (0.618591,0)        (-0.357705,0)       (0.2,0)             (0.23,0)            
(0.941239,0)        (0.152727,0)        (-0.329723,0)       (0.656528,0)        (-0.409171,0)       (0.1,0)             (0.33,0)            
(0.967615,0)        (0.209326,0)        (-0.4165,0)         (0.631891,0)        (-0.340854,0)       (0.2,0)             (0.35,0)            
(0.912671,0)        (0.161089,0)        (-0.286242,0)       (0.615545,0)        (-0.429002,0)       (0.05,0)            (0.35,0)            
(0.977671,0)        (0.341865,0)        (-0.425161,0)       (0.50457,0)         (-0.342304,0)       (0.21,0)            (0.32,0)            
(0.995986,0)        (0.357944,0)        (-0.46858,0)        (0.510019,0)        (-0.312922,0)       (0.26,0)            (0.32,0)            
(0.919549,0)        (0.105904,0)        (-0.255377,0)       (0.637821,0)        (-0.430523,0)       (0.04,0)            (0.32,0)            
(0.962732,0)        (0.286139,0)        (-0.397733,0)       (0.558043,0)        (-0.36969,0)        (0.17,0)            (0.33,0)            
(0.962976,0)        (0.209949,0)        (-0.349126,0)       (0.593289,0)        (-0.383246,0)       (0.14,0)            (0.3,0)             
(0.96794,0)         (0.217237,0)        (-0.374924,0)       (0.607853,0)        (-0.374528,0)       (0.16,0)            (0.31,0)            
(0.996995,0)        (0.197278,0)        (-0.351062,0)       (0.628002,0)        (-0.401865,0)       (0.15,0)            (0.23,0)            
(0.983204,0)        (0.25741,0)         (-0.355797,0)       (0.545565,0)        (-0.377473,0)       (0.16,0)            (0.26,0)            
(0.990372,0)        (0.358298,0)        (-0.530914,0)       (0.528307,0)        (-0.257636,0)       (0.32,0)            (0.39,0)            
(0.969772,0)        (0.258373,0)        (-0.351058,0)       (0.55308,0)         (-0.391391,0)       (0.14,0)            (0.28,0)            
(0.968346,0)        (0.145003,0)        (-0.305529,0)       (0.63108,0)         (-0.40492,0)        (0.11,0)            (0.26,0)            
(0.968508,0)        (0.148959,0)        (-0.284741,0)       (0.619062,0)        (-0.421757,0)       (0.09,0)            (0.24,0)            
(0.984144,0)        (0.382377,0)        (-0.468669,0)       (0.488399,0)        (-0.316776,0)       (0.25,0)            (0.34,0)            
(1.01018,0)         (0.155187,0)        (-0.379516,0)       (0.661346,0)        (-0.357678,0)       (0.2,0)             (0.24,0)            
(1.01596,0)         (0.158788,0)        (-0.296394,0)       (0.631039,0)        (-0.429801,0)       (0.12,0)            (0.15,0)            
(0.962894,0)        (0.243167,0)        (-0.366988,0)       (0.576466,0)        (-0.379841,0)       (0.15,0)            (0.31,0)            
(0.999651,0)        (0.369825,0)        (-0.405914,0)       (0.446135,0)        (-0.33662,0)        (0.22,0)            (0.26,0)            
(0.981661,0)        (0.267802,0)        (-0.301005,0)       (0.477533,0)        (-0.386306,0)       (0.13,0)            (0.22,0)            
(0.98992,0)         (0.268661,0)        (-0.360656,0)       (0.534197,0)        (-0.372186,0)       (0.17,0)            (0.25,0)            
(0.981453,0)        (0.20652,0)         (-0.366779,0)       (0.60194,0)         (-0.367357,0)       (0.17,0)            (0.28,0)            
(1.00278,0)         (0.382904,0)        (-0.465534,0)       (0.485031,0)        (-0.317724,0)       (0.26,0)            (0.3,0)             
(0.990001,0)        (0.235443,0)        (-0.342794,0)       (0.551019,0)        (-0.37559,0)        (0.16,0)            (0.24,0)            
(0.994722,0)        (0.248529,0)        (-0.402263,0)       (0.576001,0)        (-0.343288,0)       (0.21,0)            (0.28,0)            
(0.995046,0)        (0.209513,0)        (-0.35073,0)        (0.582406,0)        (-0.370277,0)       (0.17,0)            (0.24,0)            
(1.00253,0)         (0.0658963,0)       (-0.271742,0)       (0.699438,0)        (-0.430348,0)       (0.1,0)             (0.17,0)            
(0.993944,0)        (0.150981,0)        (-0.273581,0)       (0.605927,0)        (-0.424165,0)       (0.1,0)             (0.18,0)            
(0.98296,0)         (0.263209,0)        (-0.389469,0)       (0.555982,0)        (-0.353889,0)       (0.19,0)            (0.29,0)            
(1.01674,0)         (0.2798,0)          (-0.430054,0)       (0.585892,0)        (-0.352267,0)       (0.23,0)            (0.25,0)            
(0.946447,0)        (0.130753,0)        (-0.316871,0)       (0.675897,0)        (-0.420694,0)       (0.09,0)            (0.31,0)            
(1.00731,0)         (0.459115,0)        (-0.513688,0)       (0.408043,0)        (-0.26395,0)        (0.32,0)            (0.33,0)            
(1.00689,0)         (0.161616,0)        (-0.345663,0)       (0.619247,0)        (-0.36308,0)        (0.18,0)            (0.22,0)            
(1.00192,0)         (0.177792,0)        (-0.324843,0)       (0.589461,0)        (-0.375141,0)       (0.16,0)            (0.21,0)            
(0.988818,0)        (0.0693473,0)       (-0.253636,0)       (0.649044,0)        (-0.406019,0)       (0.1,0)             (0.19,0)            
(0.98992,0)         (0.19827,0)         (-0.345721,0)       (0.57986,0)         (-0.362158,0)       (0.17,0)            (0.25,0)            
(0.985071,0)        (0.208002,0)        (-0.359056,0)       (0.620001,0)        (-0.395629,0)       (0.15,0)            (0.26,0)            
(0.963544,0)        (0.118207,0)        (-0.253965,0)       (0.619718,0)        (-0.427132,0)       (0.07,0)            (0.23,0)            
(0.986858,0)        (0.144885,0)        (-0.37022,0)        (0.708058,0)        (-0.403695,0)       (0.15,0)            (0.27,0)            
(0.983239,0)        (0.213794,0)        (-0.392878,0)       (0.644333,0)        (-0.385451,0)       (0.17,0)            (0.29,0)            
(0.962152,0)        (0.0550751,0)       (-0.26543,0)        (0.735603,0)        (-0.462011,0)       (0.05,0)            (0.24,0)            
(0.97425,0)         (0.300722,0)        (-0.449177,0)       (0.573258,0)        (-0.338848,0)       (0.22,0)            (0.35,0)            
(0.972127,0)        (0.0331224,0)       (-0.252126,0)       (0.713229,0)        (-0.433316,0)       (0.07,0)            (0.22,0)            
(0.992112,0)        (0.156773,0)        (-0.307403,0)       (0.630259,0)        (-0.413987,0)       (0.12,0)            (0.21,0)            
(0.989676,0)        (0.321386,0)        (-0.404284,0)       (0.514172,0)        (-0.355287,0)       (0.2,0)             (0.28,0)            
(0.996427,0)        (0.242093,0)        (-0.436267,0)       (0.632014,0)        (-0.351293,0)       (0.22,0)            (0.3,0)             
(0.992274,0)        (0.0903372,0)       (-0.27168,0)        (0.663904,0)        (-0.420796,0)       (0.1,0)             (0.19,0)            
(0.991544,0)        (0.201588,0)        (-0.392608,0)       (0.634272,0)        (-0.363415,0)       (0.19,0)            (0.28,0)            
(0.956909,0)        (0.167593,0)        (-0.251158,0)       (0.587024,0)        (-0.449195,0)       (0.05,0)            (0.23,0)            
(0.957687,0)        (0.265142,0)        (-0.37984,0)        (0.557098,0)        (-0.368318,0)       (0.16,0)            (0.33,0)            
(1.00013,0)         (0.210357,0)        (-0.410682,0)       (0.666898,0)        (-0.382969,0)       (0.19,0)            (0.27,0)            
(1.01795,0)         (0.308424,0)        (-0.53638,0)        (0.647519,0)        (-0.316447,0)       (0.3,0)             (0.33,0)            
(0.988168,0)        (0.241234,0)        (-0.376616,0)       (0.575351,0)        (-0.365413,0)       (0.18,0)            (0.27,0)            
(0.979782,0)        (0.192804,0)        (-0.374835,0)       (0.629474,0)        (-0.370674,0)       (0.17,0)            (0.29,0)            
(1.01747,0)         (0.192013,0)        (-0.314105,0)       (0.600303,0)        (-0.412991,0)       (0.14,0)            (0.16,0)            
(0.963057,0)        (0.153268,0)        (-0.326286,0)       (0.625332,0)        (-0.383308,0)       (0.13,0)            (0.29,0)            
(1.0053,0)          (0.208536,0)        (-0.35577,0)        (0.602719,0)        (-0.383171,0)       (0.17,0)            (0.22,0)            
(0.994072,0)        (0.350026,0)        (-0.510308,0)       (0.54797,0)         (-0.292655,0)       (0.29,0)            (0.36,0)            
(1.00801,0)         (-0.0524207,0)      (-0.252342,0)       (0.8376,0)          (-0.466748,0)       (0.07,0)            (0.15,0)            
(1.01547,0)         (0.217312,0)        (-0.373693,0)       (0.621432,0)        (-0.389319,0)       (0.18,0)            (0.21,0)            
(0.985153,0)        (0.221712,0)        (-0.351151,0)       (0.606382,0)        (-0.405719,0)       (0.14,0)            (0.25,0)            
(0.969285,0)        (0.293434,0)        (-0.42338,0)        (0.558694,0)        (-0.347566,0)       (0.2,0)             (0.34,0)            
(1.0059,0)          (0.0966404,0)       (-0.302668,0)       (0.712696,0)        (-0.438379,0)       (0.11,0)            (0.18,0)            
(0.974737,0)        (0.19527,0)         (-0.361921,0)       (0.613308,0)        (-0.372645,0)       (0.16,0)            (0.29,0)            
(0.999732,0)        (0.313143,0)        (-0.383074,0)       (0.478178,0)        (-0.336682,0)       (0.21,0)            (0.25,0)            
(0.9913,0)          (0.277777,0)        (-0.441214,0)       (0.599026,0)        (-0.349859,0)       (0.22,0)            (0.31,0)            
(0.962732,0)        (0.215748,0)        (-0.382798,0)       (0.603706,0)        (-0.359662,0)       (0.17,0)            (0.33,0)            
(1.01922,0)         (0.172512,0)        (-0.288187,0)       (0.589591,0)        (-0.413079,0)       (0.13,0)            (0.14,0)            
(0.989177,0)        (0.104032,0)        (-0.264076,0)       (0.678112,0)        (-0.457698,0)       (0.07,0)            (0.18,0)            
(0.93827,0)         (0.12014,0)         (-0.244337,0)       (0.620834,0)        (-0.441561,0)       (0.04,0)            (0.27,0)            
(0.986138,0)        (0.310151,0)        (-0.399124,0)       (0.497711,0)        (-0.333763,0)       (0.21,0)            (0.29,0)            
(0.989433,0)        (0.303722,0)        (-0.432977,0)       (0.53981,0)         (-0.328361,0)       (0.23,0)            (0.31,0)            
(0.958951,0)        (0.304165,0)        (-0.431223,0)       (0.536779,0)        (-0.327924,0)       (0.21,0)            (0.37,0)            
(0.928376,0)        (0.0150207,0)       (-0.219866,0)       (0.720915,0)        (-0.46029,0)        (0.01,0)            (0.28,0)            
(0.993016,0)        (0.301893,0)        (-0.378216,0)       (0.489546,0)        (-0.341969,0)       (0.2,0)             (0.26,0)            
(0.960459,0)        (0.313927,0)        (-0.443955,0)       (0.521263,0)        (-0.307771,0)       (0.23,0)            (0.38,0)            
(1.00351,0)         (0.24819,0)         (-0.339628,0)       (0.529884,0)        (-0.371763,0)       (0.17,0)            (0.21,0)            
(0.94291,0)         (0.189908,0)        (-0.326646,0)       (0.613773,0)        (-0.409198,0)       (0.1,0)             (0.32,0)            
(1.02219,0)         (0.158172,0)        (-0.363617,0)       (0.655727,0)        (-0.374004,0)       (0.19,0)            (0.2,0)             
(1.03224,0)         (0.243783,0)        (-0.362321,0)       (0.558848,0)        (-0.368769,0)       (0.2,0)             (0.17,0)            
(0.976442,0)        (0.188834,0)        (-0.395925,0)       (0.669321,0)        (-0.380649,0)       (0.17,0)            (0.31,0)            
(1.00612,0)         (0.36341,0)         (-0.439466,0)       (0.460405,0)        (-0.304406,0)       (0.26,0)            (0.28,0)            
(0.99159,0)         (0.258914,0)        (-0.347622,0)       (0.521884,0)        (-0.365527,0)       (0.17,0)            (0.24,0)            
(0.989351,0)        (0.290012,0)        (-0.440882,0)       (0.55343,0)         (-0.318271,0)       (0.24,0)            (0.32,0)            
(0.98666,0)         (0.184546,0)        (-0.353927,0)       (0.621308,0)        (-0.37888,0)        (0.16,0)            (0.26,0)            
(1.01372,0)         (0.166423,0)        (-0.384676,0)       (0.677807,0)        (-0.379203,0)       (0.19,0)            (0.23,0)            
(0.942991,0)        (0.180154,0)        (-0.313762,0)       (0.615374,0)        (-0.415945,0)       (0.09,0)            (0.31,0)            
(0.994142,0)        (0.11132,0)         (-0.289874,0)       (0.692677,0)        (-0.44898,0)        (0.09,0)            (0.19,0)            
(0.978275,0)        (0.206506,0)        (-0.367081,0)       (0.629768,0)        (-0.394169,0)       (0.15,0)            (0.28,0)            
(0.937702,0)        (0.188419,0)        (-0.33452,0)        (0.609625,0)        (-0.394332,0)       (0.11,0)            (0.34,0)            
(0.96591,0)         (0.309617,0)        (-0.40241,0)        (0.514993,0)        (-0.34622,0)        (0.19,0)            (0.33,0)            
(1.02613,0)         (0.097174,0)        (-0.299382,0)       (0.695414,0)        (-0.425921,0)       (0.13,0)            (0.14,0)            
(0.977869,0)        (0.255276,0)        (-0.431497,0)       (0.621762,0)        (-0.360434,0)       (0.2,0)             (0.33,0)            
(1.00119,0)         (0.335969,0)        (-0.455728,0)       (0.529387,0)        (-0.324445,0)       (0.25,0)            (0.3,0)             
(0.974215,0)        (0.22702,0)         (-0.387204,0)       (0.550595,0)        (-0.314156,0)       (0.21,0)            (0.32,0)            
(0.991949,0)        (0.129354,0)        (-0.323213,0)       (0.657499,0)        (-0.393808,0)       (0.14,0)            (0.23,0)            
(0.999686,0)        (0.302744,0)        (-0.438017,0)       (0.560124,0)        (-0.341256,0)       (0.23,0)            (0.29,0)            
(0.956666,0)        (0.196856,0)        (-0.289808,0)       (0.582221,0)        (-0.428954,0)       (0.08,0)            (0.26,0)            
(0.962778,0)        (0.320001,0)        (-0.347768,0)       (0.460876,0)        (-0.368459,0)       (0.15,0)            (0.29,0)            
(0.99696,0)         (0.170504,0)        (-0.299046,0)       (0.574896,0)        (-0.383859,0)       (0.14,0)            (0.2,0)             
(1.01246,0)         (0.0804718,0)       (-0.323337,0)       (0.728568,0)        (-0.412912,0)       (0.14,0)            (0.19,0)            
(1.00278,0)         (0.335977,0)        (-0.455577,0)       (0.515473,0)        (-0.311039,0)       (0.26,0)            (0.3,0)             
(0.952919,0)        (0.218193,0)        (-0.370336,0)       (0.629283,0)        (-0.401851,0)       (0.13,0)            (0.33,0)            
(0.999767,0)        (0.246063,0)        (-0.415177,0)       (0.592167,0)        (-0.341317,0)       (0.22,0)            (0.28,0)            
(0.938108,0)        (0.139648,0)        (-0.270103,0)       (0.617632,0)        (-0.428067,0)       (0.06,0)            (0.29,0)            
(0.948848,0)        (0.00975553,0)      (-0.182909,0)       (0.693215,0)        (-0.471416,0)       (0,0)               (0.21,0)            
(1.0095,0)          (0.394154,0)        (-0.470393,0)       (0.473663,0)        (-0.312437,0)       (0.27,0)            (0.29,0)            
(1.00111,0)         (0.345723,0)        (-0.468611,0)       (0.527786,0)        (-0.317698,0)       (0.26,0)            (0.31,0)            
(0.992761,0)        (0.102203,0)        (-0.209315,0)       (0.627848,0)        (-0.471306,0)       (0.04,0)            (0.13,0)            
(0.98622,0)         (0.253469,0)        (-0.376284,0)       (0.529755,0)        (-0.333824,0)       (0.2,0)             (0.28,0)            
(0.949788,0)        (0.0877956,0)       (-0.285824,0)       (0.666491,0)        (-0.404034,0)       (0.09,0)            (0.29,0)            
(0.974737,0)        (0.242197,0)        (-0.371877,0)       (0.582866,0)        (-0.37933,0)        (0.16,0)            (0.29,0)            
(0.995406,0)        (0.173807,0)        (-0.346234,0)       (0.657137,0)        (-0.411928,0)       (0.14,0)            (0.23,0)            
(1.01487,0)         (0.352671,0)        (-0.431774,0)       (0.496234,0)        (-0.337454,0)       (0.24,0)            (0.25,0)            
(1.02776,0)         (0.100492,0)        (-0.346269,0)       (0.749826,0)        (-0.427178,0)       (0.15,0)            (0.17,0)            
(0.934686,0)        (0.145432,0)        (-0.304076,0)       (0.655878,0)        (-0.431295,0)       (0.07,0)            (0.32,0)            
(0.978193,0)        (0.192796,0)        (-0.374986,0)       (0.643388,0)        (-0.38408,0)        (0.16,0)            (0.29,0)            
(1.00363,0)         (0.171355,0)        (-0.358847,0)       (0.645475,0)        (-0.383145,0)       (0.17,0)            (0.23,0)            
(0.934408,0)        (0.218311,0)        (-0.305645,0)       (0.552306,0)        (-0.403076,0)       (0.09,0)            (0.32,0)            
(1.00665,0)         (0.284732,0)        (-0.404226,0)       (0.55356,0)         (-0.356209,0)       (0.21,0)            (0.25,0)            
(1.02923,0)         (0.177333,0)        (-0.326899,0)       (0.620322,0)        (-0.40239,0)        (0.16,0)            (0.15,0)            
(0.978762,0)        (0.171445,0)        (-0.294759,0)       (0.624155,0)        (-0.437994,0)       (0.09,0)            (0.22,0)            
(0.971524,0)        (0.191945,0)        (-0.315184,0)       (0.57281,0)         (-0.384793,0)       (0.13,0)            (0.26,0)            
(0.995533,0)        (0.197916,0)        (-0.283387,0)       (0.561571,0)        (-0.417444,0)       (0.11,0)            (0.18,0)            
(0.965087,0)        (0.131279,0)        (-0.313735,0)       (0.672529,0)        (-0.421643,0)       (0.1,0)             (0.27,0)            
(0.968102,0)        (0.150802,0)        (-0.339201,0)       (0.641498,0)        (-0.381337,0)       (0.14,0)            (0.29,0)            
(1.00558,0)         (0.135657,0)        (-0.354201,0)       (0.706291,0)        (-0.411391,0)       (0.15,0)            (0.22,0)            
(0.986173,0)        (0.266534,0)        (-0.436205,0)       (0.59648,0)         (-0.341741,0)       (0.22,0)            (0.32,0)            
(0.976929,0)        (0.153773,0)        (-0.323603,0)       (0.663707,0)        (-0.424474,0)       (0.11,0)            (0.25,0)            
(0.945519,0)        (0.234737,0)        (-0.411549,0)       (0.589957,0)        (-0.331813,0)       (0.19,0)            (0.39,0)            
(0.99471,0)         (0.0195776,0)       (-0.194712,0)       (0.719107,0)        (-0.492867,0)       (0.02,0)            (0.12,0)            
(0.979945,0)        (0.220223,0)        (-0.359025,0)       (0.602234,0)        (-0.390853,0)       (0.15,0)            (0.27,0)            
(0.990036,0)        (0.168363,0)        (-0.374897,0)       (0.665008,0)        (-0.380226,0)       (0.17,0)            (0.27,0)            
