53
e_L                 onsite              nnhop               ospair              nnJastrow           nnnJastrow          
(-7.88,0)           (-1.60871,0)        (0.228224,0)        (1.45618,0)         (-0.985,0)          (0.99,0)            
(-7.28,0)           (-1.35286,0)        (0.0834628,0)       (1.41241,0)         (-0.91,0)           (0.915,0)           
(-7.64,0)           (-1.50403,0)        (0.184861,0)        (1.41079,0)         (-0.955,0)          (0.945,0)           
(-7.68,0)           (-1.52089,0)        (0.193857,0)        (1.41462,0)         (-0.96,0)           (0.96,0)            
(-7.16,0)           (-1.37063,0)        (0.078676,0)        (1.44114,0)         (-0.895,0)          (0.88,0)            
(-7.56,0)           (-1.48413,0)        (0.171581,0)        (1.41089,0)         (-0.945,0)          (0.94,0)            
(-7.8,0)            (-1.57248,0)        (0.220005,0)        (1.42871,0)         (-0.975,0)          (0.975,0)           
(-7.64,0)           (-1.56022,0)        (0.196542,0)        (1.45524,0)         (-0.955,0)          (0.94,0)            
(-7.52,0)           (-1.45981,0)        (0.112862,0)        (1.48457,0)         (-0.94,0)           (0.96,0)            
(-7.4,0)            (-1.44449,0)        (0.135785,0)        (1.42725,0)         (-0.925,0)          (0.915,0)           
(-7.8,0)            (-1.57248,0)        (0.220005,0)        (1.42871,0)         (-0.975,0)          (0.975,0)           
(-7.84,0)           (-1.58968,0)        (0.228721,0)        (1.43341,0)         (-0.98,0)           (0.98,0)            
(-7.68,0)           (-1.52089,0)        (0.193857,0)        (1.41462,0)         (-0.96,0)           (0.96,0)            
(-7.48,0)           (-1.46811,0)        (0.133293,0)        (1.45876,0)         (-0.935,0)          (0.93,0)            
(-7.44,0)           (-1.49032,0)        (0.166109,0)        (1.42749,0)         (-0.93,0)           (0.895,0)           
(-7.28,0)           (-1.35104,0)        (0.0894389,0)       (1.39996,0)         (-0.91,0)           (0.915,0)           
(-7.64,0)           (-1.50552,0)        (0.175928,0)        (1.42798,0)         (-0.955,0)          (0.96,0)            
(-7.48,0)           (-1.43857,0)        (0.131851,0)        (1.42725,0)         (-0.935,0)          (0.945,0)           
(-7.32,0)           (-1.37111,0)        (0.090752,0)        (1.42079,0)         (-0.915,0)          (0.925,0)           
(-7.24,0)           (-1.37412,0)        (0.10611,0)         (1.39766,0)         (-0.905,0)          (0.885,0)           
(-7.8,0)            (-1.58732,0)        (0.223877,0)        (1.43909,0)         (-0.975,0)          (0.97,0)            
(-7.44,0)           (-1.47507,0)        (0.149705,0)        (1.43834,0)         (-0.93,0)           (0.91,0)            
(-7.84,0)           (-1.58968,0)        (0.228721,0)        (1.43341,0)         (-0.98,0)           (0.98,0)            
(-7.84,0)           (-1.58968,0)        (0.228721,0)        (1.43341,0)         (-0.98,0)           (0.98,0)            
(-7.48,0)           (-1.43673,0)        (0.141064,0)        (1.40919,0)         (-0.935,0)          (0.94,0)            
(-7.76,0)           (-1.55528,0)        (0.211289,0)        (1.42402,0)         (-0.97,0)           (0.97,0)            
(-7.32,0)           (-1.47236,0)        (0.112256,0)        (1.50007,0)         (-0.915,0)          (0.905,0)           
(-7.4,0)            (-1.44191,0)        (0.146929,0)        (1.40499,0)         (-0.925,0)          (0.895,0)           
(-7.84,0)           (-1.58968,0)        (0.228721,0)        (1.43341,0)         (-0.98,0)           (0.98,0)            
(-7.8,0)            (-1.57248,0)        (0.220005,0)        (1.42871,0)         (-0.975,0)          (0.975,0)           
(-7.48,0)           (-1.50819,0)        (0.149586,0)        (1.47666,0)         (-0.935,0)          (0.935,0)           
(-7.4,0)            (-1.43335,0)        (0.12514,0)         (1.43287,0)         (-0.925,0)          (0.92,0)            
(-7.8,0)            (-1.57248,0)        (0.220005,0)        (1.42871,0)         (-0.975,0)          (0.975,0)           
(-7.56,0)           (-1.52675,0)        (0.169102,0)        (1.46423,0)         (-0.945,0)          (0.94,0)            
(-7.76,0)           (-1.56955,0)        (0.214394,0)        (1.43505,0)         (-0.97,0)           (0.965,0)           
(-7.88,0)           (-1.60688,0)        (0.237437,0)        (1.43811,0)         (-0.985,0)          (0.985,0)           
(-7.6,0)            (-1.5148,0)         (0.17875,0)         (1.43377,0)         (-0.95,0)           (0.95,0)            
(-7.44,0)           (-1.50951,0)        (0.126316,0)        (1.51847,0)         (-0.93,0)           (0.935,0)           
(-7.48,0)           (-1.4792,0)         (0.160061,0)        (1.42516,0)         (-0.935,0)          (0.91,0)            
(-7.64,0)           (-1.51935,0)        (0.188989,0)        (1.42128,0)         (-0.955,0)          (0.95,0)            
(-7.48,0)           (-1.4349,0)         (0.150277,0)        (1.39112,0)         (-0.935,0)          (0.935,0)           
(-7.44,0)           (-1.43358,0)        (0.133623,0)        (1.41845,0)         (-0.93,0)           (0.92,0)            
(-7.88,0)           (-1.60688,0)        (0.237437,0)        (1.43811,0)         (-0.985,0)          (0.985,0)           
(-7.72,0)           (-1.53808,0)        (0.202573,0)        (1.41932,0)         (-0.965,0)          (0.965,0)           
(-7.56,0)           (-1.47197,0)        (0.155239,0)        (1.42519,0)         (-0.945,0)          (0.945,0)           
(-7.48,0)           (-1.47888,0)        (0.153217,0)        (1.43665,0)         (-0.935,0)          (0.925,0)           
(-7.68,0)           (-1.56587,0)        (0.190841,0)        (1.47161,0)         (-0.96,0)           (0.96,0)            
(-7.52,0)           (-1.4794,0)         (0.167274,0)        (1.41291,0)         (-0.94,0)           (0.93,0)            
(-7.64,0)           (-1.50694,0)        (0.165222,0)        (1.44815,0)         (-0.955,0)          (0.965,0)           
(-7.68,0)           (-1.5775,0)         (0.198508,0)        (1.47172,0)         (-0.96,0)           (0.96,0)            
(-7.88,0)           (-1.60688,0)        (0.237437,0)        (1.43811,0)         (-0.985,0)          (0.985,0)           
(-7.32,0)           (-1.40114,0)        (0.0900006,0)       (1.45664,0)         (-0.915,0)          (0.915,0)           
(-7.56,0)           (-1.4748,0)         (0.14007,0)         (1.45472,0)         (-0.945,0)          (0.96,0)            
(-7.84,0)           (-1.58968,0)        (0.228721,0)        (1.43341,0)         (-0.98,0)           (0.98,0)            
(-7.24,0)           (-1.35481,0)        (0.0572727,0)       (1.46,0)            (-0.905,0)          (0.92,0)            
(-7.36,0)           (-1.4026,0)         (0.101789,0)        (1.43791,0)         (-0.92,0)           (0.925,0)           
(-7.48,0)           (-1.48204,0)        (0.141002,0)        (1.46144,0)         (-0.935,0)          (0.935,0)           
(-7.72,0)           (-1.53808,0)        (0.202573,0)        (1.41932,0)         (-0.965,0)          (0.965,0)           
(-7.92,0)           (-1.62407,0)        (0.246153,0)        (1.44281,0)         (-0.99,0)           (0.99,0)            
(-7.92,0)           (-1.62407,0)        (0.246153,0)        (1.44281,0)         (-0.99,0)           (0.99,0)            
(-7.44,0)           (-1.42137,0)        (0.123135,0)        (1.42255,0)         (-0.93,0)           (0.94,0)            
(-7.68,0)           (-1.53523,0)        (0.200707,0)        (1.41926,0)         (-0.96,0)           (0.95,0)            
(-7.56,0)           (-1.46879,0)        (0.170687,0)        (1.39479,0)         (-0.945,0)          (0.94,0)            
(-7.96,0)           (-1.64127,0)        (0.254869,0)        (1.44751,0)         (-0.995,0)          (0.995,0)           
(-7.76,0)           (-1.57146,0)        (0.208926,0)        (1.44672,0)         (-0.97,0)           (0.965,0)           
(-7.24,0)           (-1.43438,0)        (0.0974324,0)       (1.48202,0)         (-0.905,0)          (0.895,0)           
(-7.6,0)            (-1.48499,0)        (0.185358,0)        (1.38802,0)         (-0.95,0)           (0.935,0)           
(-7.76,0)           (-1.55528,0)        (0.211289,0)        (1.42402,0)         (-0.97,0)           (0.97,0)            
(-7.24,0)           (-1.42164,0)        (0.108517,0)        (1.44818,0)         (-0.905,0)          (0.87,0)            
(-7.72,0)           (-1.53758,0)        (0.205551,0)        (1.41358,0)         (-0.965,0)          (0.96,0)            
(-7.16,0)           (-1.33265,0)        (0.0470914,0)       (1.45212,0)         (-0.895,0)          (0.895,0)           
(-7.52,0)           (-1.45209,0)        (0.158993,0)        (1.39582,0)         (-0.94,0)           (0.94,0)            
(-7.84,0)           (-1.58968,0)        (0.228721,0)        (1.43341,0)         (-0.98,0)           (0.98,0)            
(-7.04,0)           (-1.30687,0)        (0.0518606,0)       (1.41419,0)         (-0.88,0)           (0.855,0)           
(-7.64,0)           (-1.50369,0)        (0.185141,0)        (1.40992,0)         (-0.955,0)          (0.955,0)           
(-7.6,0)            (-1.50133,0)        (0.180297,0)        (1.41559,0)         (-0.95,0)           (0.945,0)           
(-7.8,0)            (-1.57248,0)        (0.220005,0)        (1.42871,0)         (-0.975,0)          (0.975,0)           
(-7.56,0)           (-1.55372,0)        (0.177663,0)        (1.48044,0)         (-0.945,0)          (0.94,0)            
(-7.64,0)           (-1.55051,0)        (0.172912,0)        (1.48498,0)         (-0.955,0)          (0.96,0)            
(-7.28,0)           (-1.36508,0)        (0.104334,0)        (1.39033,0)         (-0.91,0)           (0.905,0)           
(-7.16,0)           (-1.29793,0)        (0.0754611,0)       (1.36305,0)         (-0.895,0)          (0.88,0)            
(-7.68,0)           (-1.56403,0)        (0.200054,0)        (1.45354,0)         (-0.96,0)           (0.955,0)           
(-7.72,0)           (-1.54126,0)        (0.187125,0)        (1.44972,0)         (-0.965,0)          (0.97,0)            
(-7.36,0)           (-1.43126,0)        (0.116272,0)        (1.44581,0)         (-0.92,0)           (0.905,0)           
(-7.32,0)           (-1.41579,0)        (0.0859291,0)       (1.48056,0)         (-0.915,0)          (0.92,0)            
(-7.68,0)           (-1.54919,0)        (0.196182,0)        (1.44317,0)         (-0.96,0)           (0.96,0)            
(-7.68,0)           (-1.52089,0)        (0.193857,0)        (1.41462,0)         (-0.96,0)           (0.96,0)            
(-7.92,0)           (-1.62407,0)        (0.246153,0)        (1.44281,0)         (-0.99,0)           (0.99,0)            
(-7.72,0)           (-1.53808,0)        (0.202573,0)        (1.41932,0)         (-0.965,0)          (0.965,0)           
(-7.68,0)           (-1.60751,0)        (0.193842,0)        (1.51433,0)         (-0.96,0)           (0.955,0)           
(-7.28,0)           (-1.35024,0)        (0.100462,0)        (1.37996,0)         (-0.91,0)           (0.91,0)            
(-7.72,0)           (-1.53808,0)        (0.202573,0)        (1.41932,0)         (-0.965,0)          (0.965,0)           
(-7.6,0)            (-1.50209,0)        (0.173295,0)        (1.42859,0)         (-0.95,0)           (0.945,0)           
(-7.24,0)           (-1.38783,0)        (0.105609,0)        (1.4143,0)          (-0.905,0)          (0.9,0)             
(-7.8,0)            (-1.57432,0)        (0.210792,0)        (1.44678,0)         (-0.975,0)          (0.98,0)            
(-7.76,0)           (-1.55528,0)        (0.211289,0)        (1.42402,0)         (-0.97,0)           (0.97,0)            
(-7.88,0)           (-1.60688,0)        (0.237437,0)        (1.43811,0)         (-0.985,0)          (0.985,0)           
(-7.72,0)           (-1.56723,0)        (0.201641,0)        (1.45447,0)         (-0.965,0)          (0.96,0)            
(-7.76,0)           (-1.55528,0)        (0.211289,0)        (1.42402,0)         (-0.97,0)           (0.97,0)            
(-7.44,0)           (-1.43705,0)        (0.12375,0)         (1.43953,0)         (-0.93,0)           (0.93,0)            
(-7.44,0)           (-1.44813,0)        (0.129865,0)        (1.44169,0)         (-0.93,0)           (0.93,0)            
(-8,0)              (-1.65847,0)        (0.263585,0)        (1.45221,0)         (-1,0)              (1,0)               
(-7.6,0)            (-1.51981,0)        (0.154089,0)        (1.48224,0)         (-0.95,0)           (0.96,0)            
(-7.56,0)           (-1.48949,0)        (0.150941,0)        (1.4528,0)          (-0.945,0)          (0.955,0)           
(-7.8,0)            (-1.57248,0)        (0.220005,0)        (1.42871,0)         (-0.975,0)          (0.975,0)           
(-7.52,0)           (-1.45209,0)        (0.158993,0)        (1.39582,0)         (-0.94,0)           (0.94,0)            
(-7.92,0)           (-1.62407,0)        (0.246153,0)        (1.44281,0)         (-0.99,0)           (0.99,0)            
(-7.64,0)           (-1.50453,0)        (0.181884,0)        (1.41652,0)         (-0.955,0)          (0.95,0)            
(-7.8,0)            (-1.57248,0)        (0.220005,0)        (1.42871,0)         (-0.975,0)          (0.975,0)           
(-7.4,0)            (-1.43174,0)        (0.123402,0)        (1.43403,0)         (-0.925,0)          (0.925,0)           
(-7.92,0)           (-1.62407,0)        (0.246153,0)        (1.44281,0)         (-0.99,0)           (0.99,0)            
(-7.24,0)           (-1.33664,0)        (0.0715473,0)       (1.41437,0)         (-0.905,0)          (0.905,0)           
(-7.52,0)           (-1.45343,0)        (0.152758,0)        (1.40815,0)         (-0.94,0)           (0.94,0)            
(-7.6,0)            (-1.50317,0)        (0.171084,0)        (1.43366,0)         (-0.95,0)           (0.95,0)            
(-7.68,0)           (-1.52089,0)        (0.193857,0)        (1.41462,0)         (-0.96,0)           (0.96,0)            
(-7.6,0)            (-1.49016,0)        (0.157999,0)        (1.44135,0)         (-0.95,0)           (0.96,0)            
(-7.44,0)           (-1.46547,0)        (0.131314,0)        (1.45914,0)         (-0.93,0)           (0.925,0)           
(-7.2,0)            (-1.3203,0)         (0.0568179,0)       (1.42107,0)         (-0.9,0)            (0.91,0)            
(-7.72,0)           (-1.57148,0)        (0.175766,0)        (1.50417,0)         (-0.965,0)          (0.98,0)            
(-7.8,0)            (-1.57248,0)        (0.220005,0)        (1.42871,0)         (-0.975,0)          (0.975,0)           
(-7.76,0)           (-1.55528,0)        (0.211289,0)        (1.42402,0)         (-0.97,0)           (0.97,0)            
(-7.64,0)           (-1.51446,0)        (0.209091,0)        (1.38084,0)         (-0.955,0)          (0.915,0)           
(-7.84,0)           (-1.58968,0)        (0.228721,0)        (1.43341,0)         (-0.98,0)           (0.98,0)            
(-7.68,0)           (-1.52272,0)        (0.184644,0)        (1.43268,0)         (-0.96,0)           (0.965,0)           
(-7.8,0)            (-1.58732,0)        (0.223877,0)        (1.43909,0)         (-0.975,0)          (0.97,0)            
(-8,0)              (-1.65847,0)        (0.263585,0)        (1.45221,0)         (-1,0)              (1,0)               
(-7.68,0)           (-1.56403,0)        (0.200054,0)        (1.45354,0)         (-0.96,0)           (0.955,0)           
(-7.72,0)           (-1.53808,0)        (0.202573,0)        (1.41932,0)         (-0.965,0)          (0.965,0)           
(-7.2,0)            (-1.38869,0)        (0.0962137,0)       (1.43155,0)         (-0.9,0)            (0.87,0)            
(-7.64,0)           (-1.532,0)          (0.187466,0)        (1.43847,0)         (-0.955,0)          (0.955,0)           
(-7.72,0)           (-1.55292,0)        (0.206445,0)        (1.42969,0)         (-0.965,0)          (0.96,0)            
(-7.84,0)           (-1.58918,0)        (0.231699,0)        (1.42768,0)         (-0.98,0)           (0.975,0)           
(-7.64,0)           (-1.53333,0)        (0.181231,0)        (1.4508,0)          (-0.955,0)          (0.955,0)           
(-7.6,0)            (-1.50133,0)        (0.180297,0)        (1.41559,0)         (-0.95,0)           (0.945,0)           
(-7.72,0)           (-1.56676,0)        (0.216272,0)        (1.4286,0)          (-0.965,0)          (0.945,0)           
(-7.44,0)           (-1.48816,0)        (0.158093,0)        (1.43888,0)         (-0.93,0)           (0.895,0)           
(-7.6,0)            (-1.48599,0)        (0.179403,0)        (1.39949,0)         (-0.95,0)           (0.945,0)           
(-7.76,0)           (-1.58359,0)        (0.213614,0)        (1.45257,0)         (-0.97,0)           (0.97,0)            
(-7.8,0)            (-1.57432,0)        (0.210792,0)        (1.44678,0)         (-0.975,0)          (0.98,0)            
(-7.4,0)            (-1.42631,0)        (0.150059,0)        (1.38162,0)         (-0.925,0)          (0.9,0)             
(-7.96,0)           (-1.64127,0)        (0.254869,0)        (1.44751,0)         (-0.995,0)          (0.995,0)           
(-7.68,0)           (-1.52039,0)        (0.196835,0)        (1.40888,0)         (-0.96,0)           (0.955,0)           
(-7.8,0)            (-1.64344,0)        (0.231505,0)        (1.49046,0)         (-0.975,0)          (0.965,0)           
(-7.64,0)           (-1.52016,0)        (0.174732,0)        (1.4469,0)          (-0.955,0)          (0.95,0)            
(-7.56,0)           (-1.47113,0)        (0.158496,0)        (1.41858,0)         (-0.945,0)          (0.95,0)            
(-7.68,0)           (-1.52089,0)        (0.193857,0)        (1.41462,0)         (-0.96,0)           (0.96,0)            
(-7.6,0)            (-1.51693,0)        (0.177167,0)        (1.43897,0)         (-0.95,0)           (0.94,0)            
(-7.44,0)           (-1.49201,0)        (0.145066,0)        (1.46587,0)         (-0.93,0)           (0.91,0)            
(-7.8,0)            (-1.57248,0)        (0.220005,0)        (1.42871,0)         (-0.975,0)          (0.975,0)           
(-7.96,0)           (-1.64127,0)        (0.254869,0)        (1.44751,0)         (-0.995,0)          (0.995,0)           
(-7.76,0)           (-1.62666,0)        (0.226562,0)        (1.47971,0)         (-0.97,0)           (0.95,0)            
(-7.68,0)           (-1.56403,0)        (0.200054,0)        (1.45354,0)         (-0.96,0)           (0.955,0)           
(-7.48,0)           (-1.46668,0)        (0.144784,0)        (1.4372,0)          (-0.935,0)          (0.925,0)           
(-7.96,0)           (-1.64127,0)        (0.254869,0)        (1.44751,0)         (-0.995,0)          (0.995,0)           
(-7.04,0)           (-1.30769,0)        (0.0341111,0)       (1.44587,0)         (-0.88,0)           (0.88,0)            
(-7.64,0)           (-1.52036,0)        (0.1798,0)          (1.43836,0)         (-0.955,0)          (0.955,0)           
(-7.04,0)           (-1.25341,0)        (0.0110261,0)       (1.42338,0)         (-0.88,0)           (0.885,0)           
(-7.8,0)            (-1.57248,0)        (0.220005,0)        (1.42871,0)         (-0.975,0)          (0.975,0)           
(-7.76,0)           (-1.55428,0)        (0.217245,0)        (1.41255,0)         (-0.97,0)           (0.96,0)            
(-7.56,0)           (-1.55501,0)        (0.164541,0)        (1.50466,0)         (-0.945,0)          (0.955,0)           
(-7.8,0)            (-1.57248,0)        (0.220005,0)        (1.42871,0)         (-0.975,0)          (0.975,0)           
(-7.52,0)           (-1.46086,0)        (0.111435,0)        (1.48826,0)         (-0.94,0)           (0.965,0)           
(-7.84,0)           (-1.58968,0)        (0.228721,0)        (1.43341,0)         (-0.98,0)           (0.98,0)            
(-7.32,0)           (-1.37303,0)        (0.0770682,0)       (1.44669,0)         (-0.915,0)          (0.935,0)           
(-7.68,0)           (-1.5482,0)         (0.202138,0)        (1.43171,0)         (-0.96,0)           (0.95,0)            
(-7.76,0)           (-1.6119,0)         (0.21594,0)         (1.48112,0)         (-0.97,0)           (0.97,0)            
(-7.56,0)           (-1.47297,0)        (0.149283,0)        (1.43665,0)         (-0.945,0)          (0.955,0)           
(-7.28,0)           (-1.38069,0)        (0.101204,0)        (1.41371,0)         (-0.91,0)           (0.9,0)             
(-7.76,0)           (-1.55478,0)        (0.214267,0)        (1.41828,0)         (-0.97,0)           (0.965,0)           
(-7.88,0)           (-1.60688,0)        (0.237437,0)        (1.43811,0)         (-0.985,0)          (0.985,0)           
(-7.44,0)           (-1.45182,0)        (0.108202,0)        (1.48345,0)         (-0.93,0)           (0.945,0)           
(-7.64,0)           (-1.51986,0)        (0.182778,0)        (1.43263,0)         (-0.955,0)          (0.95,0)            
(-7.68,0)           (-1.52456,0)        (0.175431,0)        (1.45075,0)         (-0.96,0)           (0.97,0)            
(-7.32,0)           (-1.39677,0)        (0.117229,0)        (1.40447,0)         (-0.915,0)          (0.9,0)             
(-7.52,0)           (-1.45393,0)        (0.14978,0)         (1.41388,0)         (-0.94,0)           (0.945,0)           
(-7.48,0)           (-1.48094,0)        (0.147889,0)        (1.44824,0)         (-0.935,0)          (0.92,0)            
(-7.8,0)            (-1.57248,0)        (0.220005,0)        (1.42871,0)         (-0.975,0)          (0.975,0)           
(-7.44,0)           (-1.43663,0)        (0.122256,0)        (1.44164,0)         (-0.93,0)           (0.93,0)            
(-7.8,0)            (-1.57248,0)        (0.220005,0)        (1.42871,0)         (-0.975,0)          (0.975,0)           
(-7.52,0)           (-1.46877,0)        (0.153652,0)        (1.42426,0)         (-0.94,0)           (0.94,0)            
(-7.8,0)            (-1.57432,0)        (0.210792,0)        (1.44678,0)         (-0.975,0)          (0.98,0)            
(-7.56,0)           (-1.46929,0)        (0.167709,0)        (1.40052,0)         (-0.945,0)          (0.945,0)           
(-7.48,0)           (-1.49357,0)        (0.1496,0)          (1.45982,0)         (-0.935,0)          (0.93,0)            
(-7.76,0)           (-1.55662,0)        (0.205054,0)        (1.43635,0)         (-0.97,0)           (0.97,0)            
(-7.36,0)           (-1.4677,0)         (0.147417,0)        (1.43383,0)         (-0.92,0)           (0.875,0)           
(-7.48,0)           (-1.47777,0)        (0.160526,0)        (1.42271,0)         (-0.935,0)          (0.92,0)            
(-7.64,0)           (-1.50878,0)        (0.156009,0)        (1.46622,0)         (-0.955,0)          (0.97,0)            
(-7.88,0)           (-1.60688,0)        (0.237437,0)        (1.43811,0)         (-0.985,0)          (0.985,0)           
(-7.52,0)           (-1.52355,0)        (0.167515,0)        (1.4633,0)          (-0.94,0)           (0.935,0)           
(-7.12,0)           (-1.39302,0)        (0.0973341,0)       (1.4346,0)          (-0.89,0)           (0.845,0)           
(-7.52,0)           (-1.48437,0)        (0.134847,0)        (1.47478,0)         (-0.94,0)           (0.95,0)            
(-7.8,0)            (-1.57461,0)        (0.202747,0)        (1.46106,0)         (-0.975,0)          (0.98,0)            
(-7.84,0)           (-1.59151,0)        (0.219508,0)        (1.45148,0)         (-0.98,0)           (0.985,0)           
(-7.44,0)           (-1.42032,0)        (0.124562,0)        (1.41887,0)         (-0.93,0)           (0.935,0)           
(-7.48,0)           (-1.49265,0)        (0.143625,0)        (1.4691,0)          (-0.935,0)          (0.93,0)            
(-7.56,0)           (-1.47063,0)        (0.161474,0)        (1.41285,0)         (-0.945,0)          (0.945,0)           
(-7.4,0)            (-1.40417,0)        (0.114419,0)        (1.41785,0)         (-0.925,0)          (0.935,0)           
(-7.52,0)           (-1.45393,0)        (0.14978,0)         (1.41388,0)         (-0.94,0)           (0.945,0)           
(-7.8,0)            (-1.58732,0)        (0.223877,0)        (1.43909,0)         (-0.975,0)          (0.97,0)            
(-7.84,0)           (-1.58968,0)        (0.228721,0)        (1.43341,0)         (-0.98,0)           (0.98,0)            
(-7.92,0)           (-1.62407,0)        (0.246153,0)        (1.44281,0)         (-0.99,0)           (0.99,0)            
(-7.84,0)           (-1.6746,0)         (0.235697,0)        (1.51907,0)         (-0.98,0)           (0.98,0)            
(-7.68,0)           (-1.52089,0)        (0.193857,0)        (1.41462,0)         (-0.96,0)           (0.96,0)            
(-7.88,0)           (-1.60688,0)        (0.237437,0)        (1.43811,0)         (-0.985,0)          (0.985,0)           
(-7.64,0)           (-1.50552,0)        (0.175928,0)        (1.42798,0)         (-0.955,0)          (0.96,0)            
(-7.6,0)            (-1.60002,0)        (0.193356,0)        (1.50656,0)         (-0.95,0)           (0.935,0)           
(-7.68,0)           (-1.52039,0)        (0.196835,0)        (1.40888,0)         (-0.96,0)           (0.955,0)           
(-7.56,0)           (-1.52812,0)        (0.17452,0)         (1.45642,0)         (-0.945,0)          (0.93,0)            
(-7.84,0)           (-1.58968,0)        (0.228721,0)        (1.43341,0)         (-0.98,0)           (0.98,0)            
(-7.76,0)           (-1.55528,0)        (0.211289,0)        (1.42402,0)         (-0.97,0)           (0.97,0)            
(-7.04,0)           (-1.29375,0)        (0.0502884,0)       (1.40182,0)         (-0.88,0)           (0.86,0)            
(-7.36,0)           (-1.38698,0)        (0.105703,0)        (1.41315,0)         (-0.92,0)           (0.93,0)            
(-7.8,0)            (-1.57248,0)        (0.220005,0)        (1.42871,0)         (-0.975,0)          (0.975,0)           
(-7.56,0)           (-1.47297,0)        (0.149283,0)        (1.43665,0)         (-0.945,0)          (0.955,0)           
(-7.56,0)           (-1.50119,0)        (0.158359,0)        (1.45342,0)         (-0.945,0)          (0.94,0)            
(-7.84,0)           (-1.58968,0)        (0.228721,0)        (1.43341,0)         (-0.98,0)           (0.98,0)            
(-7.24,0)           (-1.37486,0)        (0.106233,0)        (1.3983,0)          (-0.905,0)          (0.88,0)            
(-7.72,0)           (-1.53838,0)        (0.194528,0)        (1.43359,0)         (-0.965,0)          (0.965,0)           
(-7.16,0)           (-1.32867,0)        (0.0735625,0)       (1.40171,0)         (-0.895,0)          (0.885,0)           
(-7.84,0)           (-1.59151,0)        (0.219508,0)        (1.45148,0)         (-0.98,0)           (0.985,0)           
(-7.56,0)           (-1.48313,0)        (0.177536,0)        (1.39943,0)         (-0.945,0)          (0.93,0)            
(-7.84,0)           (-1.58968,0)        (0.228721,0)        (1.43341,0)         (-0.98,0)           (0.98,0)            
(-7.52,0)           (-1.45088,0)        (0.163118,0)        (1.38728,0)         (-0.94,0)           (0.92,0)            
(-7.12,0)           (-1.33011,0)        (0.0441561,0)       (1.45428,0)         (-0.89,0)           (0.9,0)             
(-7.6,0)            (-1.48649,0)        (0.176425,0)        (1.40522,0)         (-0.95,0)           (0.95,0)            
(-7.68,0)           (-1.52272,0)        (0.184644,0)        (1.43268,0)         (-0.96,0)           (0.965,0)           
(-7.52,0)           (-1.5667,0)         (0.173712,0)        (1.50222,0)         (-0.94,0)           (0.93,0)            
(-7.6,0)            (-1.50075,0)        (0.17953,0)         (1.41626,0)         (-0.95,0)           (0.945,0)           
(-7.32,0)           (-1.36772,0)        (0.10437,0)         (1.39331,0)         (-0.915,0)          (0.91,0)            
(-7.44,0)           (-1.48895,0)        (0.16069,0)         (1.4353,0)          (-0.93,0)           (0.905,0)           
(-7.64,0)           (-1.58757,0)        (0.191186,0)        (1.49599,0)         (-0.955,0)          (0.96,0)            
(-7.24,0)           (-1.39016,0)        (0.0934187,0)       (1.43809,0)         (-0.905,0)          (0.91,0)            
(-7.44,0)           (-1.44734,0)        (0.137651,0)        (1.42731,0)         (-0.93,0)           (0.93,0)            
(-7.72,0)           (-1.53808,0)        (0.202573,0)        (1.41932,0)         (-0.965,0)          (0.965,0)           
(-7.56,0)           (-1.50027,0)        (0.157564,0)        (1.45374,0)         (-0.945,0)          (0.945,0)           
(-7.8,0)            (-1.57248,0)        (0.220005,0)        (1.42871,0)         (-0.975,0)          (0.975,0)           
(-7.44,0)           (-1.43416,0)        (0.134389,0)        (1.41778,0)         (-0.93,0)           (0.92,0)            
(-7.68,0)           (-1.52089,0)        (0.193857,0)        (1.41462,0)         (-0.96,0)           (0.96,0)            
(-7.76,0)           (-1.57196,0)        (0.205948,0)        (1.45246,0)         (-0.97,0)           (0.97,0)            
(-7.48,0)           (-1.4349,0)         (0.150277,0)        (1.39112,0)         (-0.935,0)          (0.935,0)           
(-7.32,0)           (-1.39659,0)        (0.108246,0)        (1.41981,0)         (-0.915,0)          (0.91,0)            
(-7.32,0)           (-1.44152,0)        (0.100701,0)        (1.48458,0)         (-0.915,0)          (0.915,0)           
(-7.44,0)           (-1.43564,0)        (0.12624,0)         (1.43359,0)         (-0.93,0)           (0.935,0)           
(-7.64,0)           (-1.50552,0)        (0.175928,0)        (1.42798,0)         (-0.955,0)          (0.96,0)            
(-7.88,0)           (-1.60688,0)        (0.237437,0)        (1.43811,0)         (-0.985,0)          (0.985,0)           
(-7.6,0)            (-1.50083,0)        (0.183275,0)        (1.40986,0)         (-0.95,0)           (0.94,0)            
(-7.92,0)           (-1.62407,0)        (0.246153,0)        (1.44281,0)         (-0.99,0)           (0.99,0)            
(-7.72,0)           (-1.53808,0)        (0.202573,0)        (1.41932,0)         (-0.965,0)          (0.965,0)           
(-7.88,0)           (-1.60688,0)        (0.237437,0)        (1.43811,0)         (-0.985,0)          (0.985,0)           
(-7.84,0)           (-1.58968,0)        (0.228721,0)        (1.43341,0)         (-0.98,0)           (0.98,0)            
(-7.68,0)           (-1.56354,0)        (0.203032,0)        (1.44781,0)         (-0.96,0)           (0.95,0)            
(-7.36,0)           (-1.40208,0)        (0.105551,0)        (1.4308,0)          (-0.92,0)           (0.92,0)            
(-7.88,0)           (-1.60688,0)        (0.237437,0)        (1.43811,0)         (-0.985,0)          (0.985,0)           
(-7.08,0)           (-1.31008,0)        (0.052663,0)        (1.4165,0)          (-0.885,0)          (0.86,0)            
(-7.84,0)           (-1.59151,0)        (0.219508,0)        (1.45148,0)         (-0.98,0)           (0.985,0)           
(-7.04,0)           (-1.28154,0)        (0.0212024,0)       (1.43813,0)         (-0.88,0)           (0.88,0)            
(-7.84,0)           (-1.63283,0)        (0.234918,0)        (1.47234,0)         (-0.98,0)           (0.975,0)           
(-7.72,0)           (-1.53887,0)        (0.194787,0)        (1.4337,0)          (-0.965,0)          (0.965,0)           
(-7.84,0)           (-1.58968,0)        (0.228721,0)        (1.43341,0)         (-0.98,0)           (0.98,0)            
(-7.24,0)           (-1.33305,0)        (0.0917459,0)       (1.37526,0)         (-0.905,0)          (0.905,0)           
(-7.84,0)           (-1.62124,0)        (0.211127,0)        (1.5002,0)          (-0.98,0)           (0.99,0)            
(-7.48,0)           (-1.46638,0)        (0.137154,0)        (1.45007,0)         (-0.935,0)          (0.94,0)            
(-7.64,0)           (-1.50369,0)        (0.185141,0)        (1.40992,0)         (-0.955,0)          (0.955,0)           
(-7.68,0)           (-1.52039,0)        (0.196835,0)        (1.40888,0)         (-0.96,0)           (0.955,0)           
(-7.8,0)            (-1.57248,0)        (0.220005,0)        (1.42871,0)         (-0.975,0)          (0.975,0)           
(-7.48,0)           (-1.4349,0)         (0.150277,0)        (1.39112,0)         (-0.935,0)          (0.935,0)           
(-7.84,0)           (-1.58968,0)        (0.228721,0)        (1.43341,0)         (-0.98,0)           (0.98,0)            
(-7.32,0)           (-1.39738,0)        (0.112897,0)        (1.41267,0)         (-0.915,0)          (0.9,0)             
(-7.32,0)           (-1.46701,0)        (0.130633,0)        (1.46209,0)         (-0.915,0)          (0.89,0)            
(-7.08,0)           (-1.28178,0)        (0.0400681,0)       (1.40574,0)         (-0.885,0)          (0.89,0)            
(-7.56,0)           (-1.50228,0)        (0.147707,0)        (1.47311,0)         (-0.945,0)          (0.945,0)           
(-7.12,0)           (-1.31485,0)        (0.0473148,0)       (1.43125,0)         (-0.89,0)           (0.9,0)             
(-7.32,0)           (-1.43788,0)        (0.127571,0)        (1.43387,0)         (-0.915,0)          (0.885,0)           
(-7.72,0)           (-1.53808,0)        (0.202573,0)        (1.41932,0)         (-0.965,0)          (0.965,0)           
(-7.28,0)           (-1.44784,0)        (0.135322,0)        (1.43191,0)         (-0.91,0)           (0.865,0)           
(-7.84,0)           (-1.58918,0)        (0.231699,0)        (1.42768,0)         (-0.98,0)           (0.975,0)           
(-7.64,0)           (-1.50369,0)        (0.185141,0)        (1.40992,0)         (-0.955,0)          (0.955,0)           
(-7.32,0)           (-1.42436,0)        (0.121458,0)        (1.42889,0)         (-0.915,0)          (0.9,0)             
(-7.88,0)           (-1.63518,0)        (0.239762,0)        (1.46667,0)         (-0.985,0)          (0.985,0)           
(-7.56,0)           (-1.53968,0)        (0.178443,0)        (1.46293,0)         (-0.945,0)          (0.935,0)           
(-7.32,0)           (-1.40318,0)        (0.0701806,0)       (1.49331,0)         (-0.915,0)          (0.94,0)            
(-7.76,0)           (-1.58359,0)        (0.213614,0)        (1.45257,0)         (-0.97,0)           (0.97,0)            
(-7.16,0)           (-1.40483,0)        (0.0693281,0)       (1.49669,0)         (-0.895,0)          (0.9,0)             
(-7.44,0)           (-1.53257,0)        (0.152257,0)        (1.50009,0)         (-0.93,0)           (0.915,0)           
(-7.76,0)           (-1.55528,0)        (0.211289,0)        (1.42402,0)         (-0.97,0)           (0.97,0)            
(-7.84,0)           (-1.58968,0)        (0.228721,0)        (1.43341,0)         (-0.98,0)           (0.98,0)            
(-7.76,0)           (-1.55428,0)        (0.217245,0)        (1.41255,0)         (-0.97,0)           (0.96,0)            
(-7.56,0)           (-1.4997,0)         (0.161524,0)        (1.44622,0)         (-0.945,0)          (0.95,0)            
(-7.84,0)           (-1.58968,0)        (0.228721,0)        (1.43341,0)         (-0.98,0)           (0.98,0)            
(-7.56,0)           (-1.48413,0)        (0.171581,0)        (1.41089,0)         (-0.945,0)          (0.94,0)            
(-7.76,0)           (-1.56905,0)        (0.217372,0)        (1.42932,0)         (-0.97,0)           (0.96,0)            
(-7.84,0)           (-1.58968,0)        (0.228721,0)        (1.43341,0)         (-0.98,0)           (0.98,0)            
(-7.72,0)           (-1.53758,0)        (0.205551,0)        (1.41358,0)         (-0.965,0)          (0.96,0)            
(-7.96,0)           (-1.64127,0)        (0.254869,0)        (1.44751,0)         (-0.995,0)          (0.995,0)           
(-7.68,0)           (-1.577,0)          (0.201485,0)        (1.46599,0)         (-0.96,0)           (0.955,0)           
(-7.76,0)           (-1.57012,0)        (0.215161,0)        (1.43439,0)         (-0.97,0)           (0.965,0)           
(-7.84,0)           (-1.58968,0)        (0.228721,0)        (1.43341,0)         (-0.98,0)           (0.98,0)            
(-7.44,0)           (-1.48738,0)        (0.16588,0)         (1.4245,0)          (-0.93,0)           (0.895,0)           
(-7.6,0)            (-1.59773,0)        (0.197637,0)        (1.4965,0)          (-0.95,0)           (0.93,0)            
(-7.44,0)           (-1.44601,0)        (0.143886,0)        (1.41497,0)         (-0.93,0)           (0.93,0)            
