81
e_L                 onsite              nnhop               ospair              nnJastrow           
(1.05559,0)         (0.293405,0)        (-0.839286,0)       (0.233089,0)        (0.31,0)            
(1.05879,0)         (0.114341,0)        (-0.747683,0)       (0.361411,0)        (0.27,0)            
(1.0459,0)          (0.493687,0)        (-1.0487,0)         (0.158368,0)        (0.43,0)            
(1.05398,0)         (0.238763,0)        (-0.860498,0)       (0.303875,0)        (0.33,0)            
(1.04103,0)         (0.45964,0)         (-1.11635,0)        (0.237486,0)        (0.49,0)            
(1.0435,0)          (0.528147,0)        (-1.11672,0)        (0.166086,0)        (0.46,0)            
(1.04352,0)         (0.589109,0)        (-1.13394,0)        (0.113418,0)        (0.46,0)            
(1.04349,0)         (0.464935,0)        (-1.08408,0)        (0.211195,0)        (0.46,0)            
(1.03951,0)         (0.675405,0)        (-1.22965,0)        (0.0847492,0)       (0.51,0)            
(1.04265,0)         (0.526519,0)        (-1.09807,0)        (0.155792,0)        (0.47,0)            
(1.06045,0)         (0.206543,0)        (-0.746174,0)       (0.264024,0)        (0.25,0)            
(1.04351,0)         (0.539204,0)        (-1.11259,0)        (0.151867,0)        (0.46,0)            
(1.04588,0)         (0.372833,0)        (-1.0226,0)         (0.267952,0)        (0.43,0)            
(1.05963,0)         (0.184832,0)        (-0.753755,0)       (0.291603,0)        (0.26,0)            
(1.04836,0)         (0.488995,0)        (-1.02891,0)        (0.150544,0)        (0.4,0)             
(1.04431,0)         (0.573205,0)        (-1.1073,0)         (0.112909,0)        (0.45,0)            
(1.0419,0)          (0.569996,0)        (-1.15689,0)        (0.148167,0)        (0.48,0)            
(1.05161,0)         (0.420689,0)        (-0.977172,0)       (0.188688,0)        (0.36,0)            
(1.04191,0)         (0.618777,0)        (-1.17054,0)        (0.105939,0)        (0.48,0)            
(1.04671,0)         (0.478854,0)        (-1.0304,0)         (0.162107,0)        (0.42,0)            
(1.04997,0)         (0.43491,0)         (-0.985807,0)       (0.179372,0)        (0.38,0)            
(1.05076,0)         (0.430118,0)        (-0.954393,0)       (0.164174,0)        (0.37,0)            
(1.05557,0)         (0.207257,0)        (-0.807036,0)       (0.302429,0)        (0.31,0)            
(1.05163,0)         (0.456109,0)        (-0.980188,0)       (0.153589,0)        (0.36,0)            
(1.04837,0)         (0.44123,0)         (-1.02424,0)        (0.19749,0)         (0.4,0)             
(1.04674,0)         (0.505357,0)        (-1.05424,0)        (0.149725,0)        (0.42,0)            
(1.04753,0)         (0.46509,0)         (-1.02045,0)        (0.170096,0)        (0.41,0)            
(1.04437,0)         (0.553013,0)        (-1.13481,0)        (0.151721,0)        (0.45,0)            
(1.03545,0)         (0.711959,0)        (-1.30209,0)        (0.0931218,0)       (0.56,0)            
(1.04673,0)         (0.528704,0)        (-1.0524,0)         (0.124128,0)        (0.42,0)            
(1.04426,0)         (0.425848,0)        (-1.05736,0)        (0.234876,0)        (0.45,0)            
(1.05159,0)         (0.381895,0)        (-0.951046,0)       (0.212448,0)        (0.36,0)            
(1.05319,0)         (0.375575,0)        (-0.912608,0)       (0.19433,0)         (0.34,0)            
(1.03949,0)         (0.603386,0)        (-1.21656,0)        (0.151636,0)        (0.51,0)            
(1.05565,0)         (0.369759,0)        (-0.885115,0)       (0.182727,0)        (0.31,0)            
(1.04838,0)         (0.441175,0)        (-1.02489,0)        (0.197959,0)        (0.4,0)             
(1.04834,0)         (0.475744,0)        (-1.017,0)          (0.156735,0)        (0.4,0)             
(1.05799,0)         (0.284488,0)        (-0.785481,0)       (0.207802,0)        (0.28,0)            
(1.06126,0)         (0.134012,0)        (-0.73504,0)        (0.332708,0)        (0.24,0)            
(1.05237,0)         (0.364976,0)        (-0.915418,0)       (0.207222,0)        (0.35,0)            
(1.0621,0)          (0.109082,0)        (-0.730495,0)       (0.355853,0)        (0.23,0)            
(1.04677,0)         (0.53079,0)         (-1.06973,0)        (0.133094,0)        (0.42,0)            
(1.04027,0)         (0.573051,0)        (-1.17094,0)        (0.154008,0)        (0.5,0)             
(1.05404,0)         (0.38837,0)         (-0.925845,0)       (0.189467,0)        (0.33,0)            
(1.05882,0)         (0.10312,0)         (-0.753735,0)       (0.377038,0)        (0.27,0)            
(1.04511,0)         (0.534009,0)        (-1.08185,0)        (0.137528,0)        (0.44,0)            
(1.04351,0)         (0.467075,0)        (-1.10077,0)        (0.219692,0)        (0.46,0)            
(1.04754,0)         (0.407338,0)        (-1.02825,0)        (0.235509,0)        (0.41,0)            
(1.04917,0)         (0.400086,0)        (-0.983217,0)       (0.214122,0)        (0.39,0)            
(1.04512,0)         (0.556122,0)        (-1.07359,0)        (0.10909,0)         (0.44,0)            
(1.05078,0)         (0.394836,0)        (-0.953123,0)       (0.200252,0)        (0.37,0)            
(1.04999,0)         (0.448162,0)        (-0.997724,0)       (0.17318,0)         (0.38,0)            
(1.04347,0)         (0.512701,0)        (-1.08875,0)        (0.164249,0)        (0.46,0)            
(1.04831,0)         (0.364876,0)        (-0.978415,0)       (0.247852,0)        (0.4,0)             
(1.03705,0)         (0.595786,0)        (-1.23406,0)        (0.170838,0)        (0.54,0)            
(1.03865,0)         (0.651608,0)        (-1.21991,0)        (0.103363,0)        (0.52,0)            
(1.03945,0)         (0.611287,0)        (-1.18676,0)        (0.124202,0)        (0.51,0)            
(1.04674,0)         (0.529774,0)        (-1.06074,0)        (0.128376,0)        (0.42,0)            
(1.04918,0)         (0.474107,0)        (-1.01125,0)        (0.154753,0)        (0.39,0)            
(1.04995,0)         (0.348406,0)        (-0.954373,0)       (0.249609,0)        (0.38,0)            
(1.04511,0)         (0.483226,0)        (-1.05326,0)        (0.172238,0)        (0.44,0)            
(1.04752,0)         (0.406322,0)        (-1.01927,0)        (0.230791,0)        (0.41,0)            
(1.04756,0)         (0.443882,0)        (-1.03897,0)        (0.20419,0)         (0.41,0)            
(1.0387,0)          (0.679182,0)        (-1.25208,0)        (0.0952287,0)       (0.52,0)            
(1.04351,0)         (0.540328,0)        (-1.12029,0)        (0.155646,0)        (0.46,0)            
(1.04435,0)         (0.575291,0)        (-1.12463,0)        (0.121875,0)        (0.45,0)            
(1.0516,0)          (0.395201,0)        (-0.962322,0)       (0.205788,0)        (0.36,0)            
(1.0378,0)          (0.566741,0)        (-1.19421,0)        (0.175582,0)        (0.53,0)            
(1.04837,0)         (0.44123,0)         (-1.02424,0)        (0.19749,0)         (0.4,0)             
(1.04753,0)         (0.430685,0)        (-1.02641,0)        (0.209912,0)        (0.41,0)            
(1.05157,0)         (0.368698,0)        (-0.938488,0)       (0.21817,0)         (0.36,0)            
(1.04755,0)         (0.513816,0)        (-1.03474,0)        (0.128337,0)        (0.41,0)            
(1.04674,0)         (0.516468,0)        (-1.04947,0)        (0.135037,0)        (0.42,0)            
(1.0556,0)          (0.207093,0)        (-0.808957,0)       (0.303836,0)        (0.31,0)            
(1.04997,0)         (0.482621,0)        (-0.991116,0)       (0.132895,0)        (0.38,0)            
(1.04349,0)         (0.46606,0)         (-1.09179,0)        (0.214974,0)        (0.46,0)            
(1.05798,0)         (0.175815,0)        (-0.762948,0)       (0.306946,0)        (0.28,0)            
(1.04589,0)         (0.446031,0)        (-1.04275,0)        (0.204375,0)        (0.43,0)            
(1.05239,0)         (0.319406,0)        (-0.926797,0)       (0.262195,0)        (0.35,0)            
(1.04752,0)         (0.499494,0)        (-1.01448,0)        (0.130279,0)        (0.41,0)            
(1.04589,0)         (0.443782,0)        (-1.02735,0)        (0.196816,0)        (0.43,0)            
(1.06207,0)         (0.119178,0)        (-0.71674,0)        (0.336447,0)        (0.23,0)            
(1.05645,0)         (0.306144,0)        (-0.853163,0)       (0.228695,0)        (0.3,0)             
(1.03946,0)         (0.526868,0)        (-1.17265,0)        (0.203406,0)        (0.51,0)            
(1.05078,0)         (0.383423,0)        (-0.958069,0)       (0.215369,0)        (0.37,0)            
(1.04433,0)         (0.526565,0)        (-1.11033,0)        (0.163634,0)        (0.45,0)            
(1.04832,0)         (0.35489,0)         (-0.990889,0)       (0.266319,0)        (0.4,0)             
(1.05566,0)         (0.299825,0)        (-0.889348,0)       (0.25858,0)         (0.31,0)            
(1.05478,0)         (0.3216,0)          (-0.868222,0)       (0.22222,0)         (0.32,0)            
(1.04671,0)         (0.549857,0)        (-1.03451,0)        (0.0905026,0)       (0.42,0)            
(1.04029,0)         (0.636263,0)        (-1.20357,0)        (0.108899,0)        (0.5,0)             
(1.04511,0)         (0.487423,0)        (-1.08425,0)        (0.187784,0)        (0.44,0)            
(1.05077,0)         (0.395714,0)        (-0.960361,0)       (0.203991,0)        (0.37,0)            
(1.05242,0)         (0.308185,0)        (-0.932848,0)       (0.277822,0)        (0.35,0)            
(1.05397,0)         (0.263235,0)        (-0.866364,0)       (0.282057,0)        (0.33,0)            
(1.0451,0)          (0.508521,0)        (-1.067,0)          (0.154628,0)        (0.44,0)            
(1.03703,0)         (0.680206,0)        (-1.24816,0)        (0.0916348,0)       (0.54,0)            
(1.05397,0)         (0.227706,0)        (-0.864628,0)       (0.318094,0)        (0.33,0)            
(1.04836,0)         (0.488995,0)        (-1.02891,0)        (0.150544,0)        (0.4,0)             
(1.04432,0)         (0.536552,0)        (-1.09786,0)        (0.145166,0)        (0.45,0)            
(1.04912,0)         (0.397753,0)        (-0.965424,0)       (0.205115,0)        (0.39,0)            
(1.04033,0)         (0.637223,0)        (-1.21319,0)        (0.114086,0)        (0.5,0)             
(1.03865,0)         (0.627191,0)        (-1.2134,0)         (0.124711,0)        (0.52,0)            
(1.0451,0)          (0.49741,0)         (-1.07177,0)        (0.169316,0)        (0.44,0)            
(1.0492,0)          (0.510652,0)        (-1.02197,0)        (0.123433,0)        (0.39,0)            
(1.05076,0)         (0.381585,0)        (-0.941206,0)       (0.206443,0)        (0.37,0)            
(1.04431,0)         (0.523245,0)        (-1.08658,0)        (0.151827,0)        (0.45,0)            
(1.04023,0)         (0.559909,0)        (-1.15774,0)        (0.159261,0)        (0.5,0)             
(1.04754,0)         (0.489453,0)        (-1.02759,0)        (0.149216,0)        (0.41,0)            
(1.04753,0)         (0.441797,0)        (-1.02164,0)        (0.195224,0)        (0.41,0)            
(1.04914,0)         (0.436547,0)        (-0.99155,0)        (0.181354,0)        (0.39,0)            
(1.03785,0)         (0.617607,0)        (-1.22519,0)        (0.14232,0)         (0.53,0)            
(1.05803,0)         (0.164787,0)        (-0.770104,0)       (0.323083,0)        (0.28,0)            
(1.04591,0)         (0.47034,0)         (-1.05054,0)        (0.183965,0)        (0.43,0)            
(1.04193,0)         (0.630903,0)        (-1.17475,0)        (0.095968,0)        (0.48,0)            
(1.04427,0)         (0.522339,0)        (-1.07632,0)        (0.146171,0)        (0.45,0)            
(1.04834,0)         (0.486855,0)        (-1.01223,0)        (0.142047,0)        (0.4,0)             
(1.05723,0)         (0.219292,0)        (-0.821769,0)       (0.299321,0)        (0.29,0)            
(1.04352,0)         (0.587984,0)        (-1.12624,0)        (0.109638,0)        (0.46,0)            
(1.05882,0)         (0.189734,0)        (-0.783889,0)       (0.305862,0)        (0.27,0)            
(1.05153,0)         (0.341071,0)        (-0.906951,0)       (0.226773,0)        (0.36,0)            
(1.04591,0)         (0.458158,0)        (-1.04697,0)        (0.194405,0)        (0.43,0)            
(1.04351,0)         (0.575803,0)        (-1.12266,0)        (0.120078,0)        (0.46,0)            
(1.04511,0)         (0.460756,0)        (-1.06233,0)        (0.201574,0)        (0.44,0)            
(1.04193,0)         (0.630903,0)        (-1.17475,0)        (0.095968,0)        (0.48,0)            
(1.05883,0)         (0.198486,0)        (-0.764991,0)       (0.284553,0)        (0.27,0)            
(1.05404,0)         (0.434955,0)        (-0.92345,0)        (0.139211,0)        (0.33,0)            
(1.0419,0)          (0.629888,0)        (-1.16577,0)        (0.0912504,0)       (0.48,0)            
(1.05394,0)         (0.285513,0)        (-0.856182,0)       (0.252211,0)        (0.33,0)            
(1.03709,0)         (0.707724,0)        (-1.28098,0)        (0.0839701,0)       (0.54,0)            
(1.05237,0)         (0.329447,0)        (-0.913683,0)       (0.243258,0)        (0.35,0)            
(1.04427,0)         (0.46157,0)         (-1.0602,0)         (0.199349,0)        (0.45,0)            
(1.05962,0)         (0.148233,0)        (-0.743676,0)       (0.323392,0)        (0.26,0)            
(1.04429,0)         (0.501187,0)        (-1.0942,0)         (0.179796,0)        (0.45,0)            
(1.0403,0)          (0.660626,0)        (-1.21071,0)        (0.0880197,0)       (0.5,0)             
(1.05159,0)         (0.345598,0)        (-0.940792,0)       (0.243808,0)        (0.36,0)            
(1.04269,0)         (0.515243,0)        (-1.10476,0)        (0.171887,0)        (0.47,0)            
(1.0532,0)          (0.267918,0)        (-0.899059,0)       (0.298192,0)        (0.34,0)            
(1.03947,0)         (0.660013,0)        (-1.20105,0)        (0.0824433,0)       (0.51,0)            
(1.04911,0)         (0.337861,0)        (-0.956542,0)       (0.262031,0)        (0.39,0)            
(1.05316,0)         (0.277246,0)        (-0.876785,0)       (0.27411,0)         (0.34,0)            
(1.04674,0)         (0.516468,0)        (-1.04947,0)        (0.135037,0)        (0.42,0)            
(1.04507,0)         (0.470906,0)        (-1.04794,0)        (0.181699,0)        (0.44,0)            
(1.04595,0)         (0.472425,0)        (-1.06787,0)        (0.192931,0)        (0.43,0)            
(1.04433,0)         (0.524315,0)        (-1.09493,0)        (0.156075,0)        (0.45,0)            
(1.05317,0)         (0.326849,0)        (-0.898316,0)       (0.236089,0)        (0.34,0)            
(1.05075,0)         (0.394644,0)        (-0.952017,0)       (0.199742,0)        (0.37,0)            
(1.0354,0)          (0.696622,0)        (-1.27285,0)        (0.0903468,0)       (0.56,0)            
(1.05321,0)         (0.365534,0)        (-0.925722,0)       (0.213267,0)        (0.34,0)            
(1.0556,0)          (0.354422,0)        (-0.85587,0)        (0.179952,0)        (0.31,0)            
(1.04837,0)         (0.429049,0)        (-1.02067,0)        (0.207929,0)        (0.4,0)             
(1.05238,0)         (0.329392,0)        (-0.914323,0)       (0.243728,0)        (0.35,0)            
(1.04595,0)         (0.510149,0)        (-1.08565,0)        (0.164922,0)        (0.43,0)            
(1.04353,0)         (0.613472,0)        (-1.14109,0)        (0.0925384,0)       (0.46,0)            
(1.04512,0)         (0.557247,0)        (-1.08129,0)        (0.112869,0)        (0.44,0)            
(1.05241,0)         (0.428078,0)        (-0.949331,0)       (0.163051,0)        (0.35,0)            
(1.0467,0)          (0.49109,0)         (-1.03333,0)        (0.151199,0)        (0.42,0)            
(1.04829,0)         (0.351679,0)        (-0.965858,0)       (0.253574,0)        (0.4,0)             
(1.04755,0)         (0.441687,0)        (-1.02292,0)        (0.196162,0)        (0.41,0)            
(1.05481,0)         (0.35809,0)         (-0.879581,0)       (0.19137,0)         (0.32,0)            
(1.03707,0)         (0.707779,0)        (-1.28034,0)        (0.083501,0)        (0.54,0)            
(1.05237,0)         (0.351615,0)        (-0.904781,0)       (0.214351,0)        (0.35,0)            
(1.05394,0)         (0.273331,0)        (-0.852609,0)       (0.262651,0)        (0.33,0)            
(1.04593,0)         (0.483591,0)        (-1.06246,0)        (0.177774,0)        (0.43,0)            
(1.04833,0)         (0.461368,0)        (-0.997376,0)       (0.159147,0)        (0.4,0)             
(1.04915,0)         (0.412075,0)        (-0.985684,0)       (0.203172,0)        (0.39,0)            
(1.05318,0)         (0.386742,0)        (-0.907197,0)       (0.179173,0)        (0.34,0)            
(1.04433,0)         (0.538746,0)        (-1.11391,0)        (0.153194,0)        (0.45,0)            
(1.03947,0)         (0.613427,0)        (-1.20344,0)        (0.132699,0)        (0.51,0)            
(1.04833,0)         (0.379253,0)        (-0.998036,0)       (0.24544,0)         (0.4,0)             
(1.0492,0)          (0.391937,0)        (-1.01255,0)        (0.241515,0)        (0.39,0)            
(1.05154,0)         (0.293305,0)        (-0.902283,0)       (0.273719,0)        (0.36,0)            
(1.04921,0)         (0.50061,0)         (-1.03509,0)        (0.14237,0)         (0.39,0)            
(1.05078,0)         (0.394534,0)        (-0.953298,0)       (0.200681,0)        (0.37,0)            
(1.05485,0)         (0.40901,0)         (-0.909921,0)       (0.157639,0)        (0.32,0)            
(1.0451,0)          (0.531814,0)        (-1.0658,0)         (0.1295,0)          (0.44,0)            
(1.04347,0)         (0.501644,0)        (-1.09288,0)        (0.178468,0)        (0.46,0)            
(1.05078,0)         (0.347948,0)        (-0.955693,0)       (0.250937,0)        (0.37,0)            
(1.04351,0)         (0.466253,0)        (-1.09289,0)        (0.215484,0)        (0.46,0)            
(1.05081,0)         (0.422162,0)        (-0.984835,0)       (0.192078,0)        (0.37,0)            
(1.04752,0)         (0.381905,0)        (-1.01276,0)        (0.25214,0)         (0.41,0)            
(1.05078,0)         (0.432258,0)        (-0.971081,0)       (0.172672,0)        (0.37,0)            
(1.04835,0)         (0.451271,0)        (-1.01113,0)        (0.178553,0)        (0.4,0)             
(1.05154,0)         (0.343265,0)        (-0.922998,0)       (0.234801,0)        (0.36,0)            
(1.04591,0)         (0.530286,0)        (-1.05878,0)        (0.126579,0)        (0.43,0)            
(1.04835,0)         (0.440215,0)        (-1.01526,0)        (0.192772,0)        (0.4,0)             
(1.04029,0)         (0.622956,0)        (-1.19229,0)        (0.115559,0)        (0.5,0)             
(1.04831,0)         (0.425948,0)        (-0.99436,0)        (0.194246,0)        (0.4,0)             
(1.04187,0)         (0.567856,0)        (-1.1402,0)         (0.13967,0)         (0.48,0)            
(1.05481,0)         (0.311504,0)        (-0.881977,0)       (0.241626,0)        (0.32,0)            
(1.05719,0)         (0.179482,0)        (-0.786658,0)       (0.318364,0)        (0.29,0)            
(1.04267,0)         (0.564134,0)        (-1.11713,0)        (0.128721,0)        (0.47,0)            
(1.04674,0)         (0.468757,0)        (-1.04416,0)        (0.181513,0)        (0.42,0)            
(1.03705,0)         (0.656803,0)        (-1.25064,0)        (0.117701,0)        (0.54,0)            
(1.04589,0)         (0.408307,0)        (-1.02497,0)        (0.232384,0)        (0.43,0)            
(1.05077,0)         (0.349128,0)        (-0.962757,0)       (0.254247,0)        (0.37,0)            
(1.04594,0)         (0.52019,0)         (-1.07254,0)        (0.145985,0)        (0.43,0)            
(1.04346,0)         (0.523867,0)        (-1.08334,0)        (0.149092,0)        (0.46,0)            
(1.04351,0)         (0.553635,0)        (-1.13157,0)        (0.148986,0)        (0.46,0)            
(1.04753,0)         (0.451729,0)        (-1.00981,0)        (0.177225,0)        (0.41,0)            
(1.04833,0)         (0.462492,0)        (-1.00508,0)        (0.162926,0)        (0.4,0)             
(1.05563,0)         (0.356507,0)        (-0.873198,0)       (0.188918,0)        (0.31,0)            
(1.05877,0)         (0.100321,0)        (-0.727248,0)       (0.362925,0)        (0.27,0)            
(1.04832,0)         (0.277439,0)        (-0.940383,0)       (0.314819,0)        (0.4,0)             
(1.04992,0)         (0.347445,0)        (-0.944748,0)       (0.244422,0)        (0.38,0)            
(1.0467,0)          (0.477783,0)        (-1.02206,0)        (0.157859,0)        (0.42,0)            
(1.04992,0)         (0.371863,0)        (-0.951254,0)       (0.223073,0)        (0.38,0)            
(1.04025,0)         (0.57316,0)         (-1.16965,0)        (0.15307,0)         (0.5,0)             
(1.04347,0)         (0.538243,0)        (-1.10296,0)        (0.14668,0)         (0.46,0)            
(1.05478,0)         (0.344893,0)        (-0.867024,0)       (0.197092,0)        (0.32,0)            
(1.04271,0)         (0.627236,0)        (-1.15104,0)        (0.0845502,0)       (0.47,0)            
(1.04185,0)         (0.566841,0)        (-1.13122,0)        (0.134952,0)        (0.48,0)            
(1.04918,0)         (0.486289,0)        (-1.01483,0)        (0.144313,0)        (0.39,0)            
(1.04673,0)         (0.432158,0)        (-1.03408,0)        (0.213302,0)        (0.42,0)            
(1.0443,0)          (0.536661,0)        (-1.09658,0)        (0.144228,0)        (0.45,0)            
(1.04675,0)         (0.518663,0)        (-1.06551,0)        (0.143065,0)        (0.42,0)            
(1.04185,0)         (0.543548,0)        (-1.13241,0)        (0.16008,0)         (0.48,0)            
(1.05158,0)         (0.38195,0)         (-0.950405,0)       (0.211979,0)        (0.36,0)            
(1.05239,0)         (0.367116,0)        (-0.932105,0)       (0.215719,0)        (0.35,0)            
(1.04834,0)         (0.439145,0)        (-1.00692,0)        (0.188523,0)        (0.4,0)             
(1.04838,0)         (0.478954,0)        (-1.04203,0)        (0.169481,0)        (0.4,0)             
(1.04914,0)         (0.447604,0)        (-0.987419,0)       (0.167135,0)        (0.39,0)            
(1.04272,0)         (0.565341,0)        (-1.12722,0)        (0.133949,0)        (0.47,0)            
(1.04427,0)         (0.497922,0)        (-1.06981,0)        (0.167519,0)        (0.45,0)            
(1.04189,0)         (0.581107,0)        (-1.15212,0)        (0.133478,0)        (0.48,0)            
(1.04993,0)         (0.324097,0)        (-0.946586,0)       (0.270019,0)        (0.38,0)            
(1.04834,0)         (0.413602,0)        (-0.992708,0)       (0.206093,0)        (0.4,0)             
(1.04748,0)         (0.34322,0)         (-0.985355,0)       (0.274962,0)        (0.41,0)            
(1.05156,0)         (0.355392,0)        (-0.927212,0)       (0.224831,0)        (0.36,0)            
(1.05075,0)         (0.40463,0)         (-0.939543,0)       (0.181275,0)        (0.37,0)            
(1.04351,0)         (0.563621,0)        (-1.11909,0)        (0.130518,0)        (0.46,0)            
(1.04428,0)         (0.546702,0)        (-1.08346,0)        (0.125291,0)        (0.45,0)            
(1.05075,0)         (0.383587,0)        (-0.956148,0)       (0.213961,0)        (0.37,0)            
(1.05075,0)         (0.430173,0)        (-0.953753,0)       (0.163705,0)        (0.37,0)            
(1.04673,0)         (0.467687,0)        (-1.03581,0)        (0.177265,0)        (0.42,0)            
(1.05321,0)         (0.375521,0)        (-0.913248,0)       (0.194799,0)        (0.34,0)            
(1.05084,0)         (0.436484,0)        (-1.0051,0)         (0.190135,0)        (0.37,0)            
(1.04834,0)         (0.415852,0)        (-1.00811,0)        (0.213651,0)        (0.4,0)             
(1.04264,0)         (0.444459,0)        (-1.09809,0)        (0.241616,0)        (0.47,0)            
(1.04508,0)         (0.447559,0)        (-1.04978,0)        (0.207296,0)        (0.44,0)            
(1.05638,0)         (0.301974,0)        (-0.818508,0)       (0.210762,0)        (0.3,0)             
(1.03947,0)         (0.63672,0)         (-1.20225,0)        (0.107571,0)        (0.51,0)            
(1.04755,0)         (0.456119,0)        (-1.0419,0)         (0.193281,0)        (0.41,0)            
(1.05316,0)         (0.255901,0)        (-0.893565,0)       (0.307225,0)        (0.34,0)            
(1.04191,0)         (0.60654,0)         (-1.16761,0)        (0.116848,0)        (0.48,0)            
(1.05075,0)         (0.346933,0)        (-0.946709,0)       (0.246219,0)        (0.37,0)            
(1.04834,0)         (0.475744,0)        (-1.017,0)          (0.156735,0)        (0.4,0)             
(1.04194,0)         (0.668573,0)        (-1.19318,0)        (0.0684282,0)       (0.48,0)            
(1.04027,0)         (0.598593,0)        (-1.18514,0)        (0.136439,0)        (0.5,0)             
(1.04511,0)         (0.522897,0)        (-1.08662,0)        (0.152216,0)        (0.44,0)            
(1.05155,0)         (0.329904,0)        (-0.912362,0)       (0.241931,0)        (0.36,0)            
(1.04027,0)         (0.560047,0)        (-1.15948,0)        (0.16024,0)         (0.5,0)             
(1.04831,0)         (0.461422,0)        (-0.996735,0)       (0.158678,0)        (0.4,0)             
(1.05637,0)         (0.168006,0)        (-0.78223,0)        (0.327517,0)        (0.3,0)             
(1.06043,0)         (0.122288,0)        (-0.730147,0)       (0.34182,0)         (0.25,0)            
(1.04517,0)         (0.537109,0)        (-1.10816,0)        (0.151212,0)        (0.44,0)            
(1.04434,0)         (0.563109,0)        (-1.12105,0)        (0.132315,0)        (0.45,0)            
(1.04918,0)         (0.438578,0)        (-1.00952,0)        (0.19079,0)         (0.39,0)            
(1.04594,0)         (0.509079,0)        (-1.07731,0)        (0.160674,0)        (0.43,0)            
(1.05395,0)         (0.273276,0)        (-0.853249,0)       (0.26312,0)         (0.33,0)            
(1.04831,0)         (0.484715,0)        (-0.995538,0)       (0.13355,0)         (0.4,0)             
(1.05399,0)         (0.336379,0)        (-0.887162,0)       (0.218949,0)        (0.33,0)            
(1.05237,0)         (0.364976,0)        (-0.915418,0)       (0.207222,0)        (0.35,0)            
(1.04998,0)         (0.470385,0)        (-0.988183,0)       (0.143804,0)        (0.38,0)            
(1.05471,0)         (0.243051,0)        (-0.806345,0)       (0.264554,0)        (0.32,0)            
(1.04595,0)         (0.472425,0)        (-1.06787,0)        (0.192931,0)        (0.43,0)            
(1.03864,0)         (0.626121,0)        (-1.20506,0)        (0.120463,0)        (0.52,0)            
(1.0411,0)          (0.63361,0)         (-1.18884,0)        (0.102199,0)        (0.49,0)            
(1.05398,0)         (0.324197,0)        (-0.883589,0)       (0.229389,0)        (0.33,0)            
(1.04911,0)         (0.363403,0)        (-0.970752,0)       (0.244462,0)        (0.39,0)            
(1.04755,0)         (0.466105,0)        (-1.02943,0)        (0.174813,0)        (0.41,0)            
(1.05807,0)         (0.326382,0)        (-0.837919,0)       (0.197725,0)        (0.28,0)            
(1.04591,0)         (0.482576,0)        (-1.05347,0)        (0.173056,0)        (0.43,0)            
(1.03787,0)         (0.704057,0)        (-1.25727,0)        (0.0725523,0)       (0.53,0)            
(1.04108,0)         (0.486391,0)        (-1.14065,0)        (0.225145,0)        (0.49,0)            
(1.05321,0)         (0.32781,0)         (-0.90794,0)        (0.241276,0)        (0.34,0)            
(1.05643,0)         (0.234071,0)        (-0.840709,0)       (0.296051,0)        (0.3,0)             
(1.04753,0)         (0.440672,0)        (-1.01394,0)        (0.191444,0)        (0.41,0)            
(1.04513,0)         (0.535024,0)        (-1.09084,0)        (0.142246,0)        (0.44,0)            
(1.05073,0)         (0.31925,0)         (-0.915812,0)       (0.255291,0)        (0.37,0)            
(1.04997,0)         (0.410493,0)        (-0.979301,0)       (0.20072,0)         (0.38,0)            
(1.0443,0)          (0.499184,0)        (-1.07926,0)        (0.172278,0)        (0.45,0)            
(1.0419,0)          (0.569996,0)        (-1.15689,0)        (0.148167,0)        (0.48,0)            
(1.05159,0)         (0.358602,0)        (-0.952243,0)       (0.237576,0)        (0.36,0)            
(1.05158,0)         (0.416354,0)        (-0.944437,0)       (0.172163,0)        (0.36,0)            
(1.0548,0)          (0.287141,0)        (-0.87483,0)        (0.262505,0)        (0.32,0)            
(1.04592,0)         (0.456979,0)        (-1.0399,0)         (0.191094,0)        (0.43,0)            
(1.03787,0)         (0.655221,0)        (-1.24426,0)        (0.11525,0)         (0.53,0)            
(1.04755,0)         (0.441687,0)        (-1.02292,0)        (0.196162,0)        (0.41,0)            
(1.04748,0)         (0.437517,0)        (-0.988268,0)       (0.178229,0)        (0.41,0)            
(1.04346,0)         (0.45204,0)         (-1.07135,0)        (0.216489,0)        (0.46,0)            
(1.05393,0)         (0.26115,0)         (-0.849036,0)       (0.273091,0)        (0.33,0)            
(1.05157,0)         (0.343156,0)        (-0.924279,0)       (0.235739,0)        (0.36,0)            
(1.05566,0)         (0.274283,0)        (-0.875139,0)       (0.276149,0)        (0.31,0)            
(1.04591,0)         (0.434865,0)        (-1.04816,0)        (0.219533,0)        (0.43,0)            
(1.05398,0)         (0.310891,0)        (-0.872312,0)       (0.236049,0)        (0.33,0)            
(1.05318,0)         (0.314613,0)        (-0.895383,0)       (0.246998,0)        (0.34,0)            
(1.03706,0)         (0.66786,0)         (-1.24651,0)        (0.103482,0)        (0.54,0)            
(1.05236,0)         (0.329502,0)        (-0.913042,0)       (0.242789,0)        (0.35,0)            
(1.03382,0)         (0.752792,0)        (-1.33328,0)        (0.0704852,0)       (0.58,0)            
