2
e_L                 onsite              nnhop               ospair              nnJastrow           
(0.948297,0)        (0.00529801,0)      (-0.591744,0)       (0.549801,0)        (-0.02,0)           
(0.849614,0)        (-0.100834,0)       (-0.481596,0)       (0.554808,0)        (-0.13,0)           
(0.910446,0)        (-0.187352,0)       (-0.457654,0)       (0.620674,0)        (-0.13,0)           
(0.916143,0)        (0.0125138,0)       (-0.563475,0)       (0.51591,0)         (-0.05,0)           
(0.861222,0)        (-0.17958,0)        (-0.455545,0)       (0.61076,0)         (-0.16,0)           
(1.01135,0)         (-0.0784983,0)      (-0.579448,0)       (0.623815,0)        (0,0)               
(0.936193,0)        (-0.195218,0)       (-0.473207,0)       (0.643297,0)        (-0.1,0)            
(0.874296,0)        (-0.120742,0)       (-0.508677,0)       (0.600542,0)        (-0.1,0)            
(0.915908,0)        (-0.184198,0)       (-0.449328,0)       (0.609642,0)        (-0.1,0)            
(0.961893,0)        (-0.0923564,0)      (-0.482365,0)       (0.546875,0)        (-0.08,0)           
(1.00268,0)         (-0.171236,0)       (-0.526778,0)       (0.669077,0)        (-0.03,0)           
(0.908766,0)        (-0.0215397,0)      (-0.59699,0)        (0.582123,0)        (-0.03,0)           
(0.963098,0)        (-0.0373225,0)      (-0.531108,0)       (0.536422,0)        (-0.05,0)           
(0.964397,0)        (-0.00365034,0)     (-0.614554,0)       (0.580338,0)        (0,0)               
(0.919075,0)        (-0.183981,0)       (-0.482015,0)       (0.640089,0)        (-0.11,0)           
(0.863539,0)        (-0.0981735,0)      (-0.51285,0)        (0.581416,0)        (-0.12,0)           
(0.92844,0)         (-0.293894,0)       (-0.351477,0)       (0.629826,0)        (-0.16,0)           
(1.04466,0)         (-0.0199992,0)      (-0.639109,0)       (0.620068,0)        (0.05,0)            
(0.873754,0)        (-0.413697,0)       (-0.332246,0)       (0.734094,0)        (-0.22,0)           
(0.988797,0)        (-0.134554,0)       (-0.518354,0)       (0.623723,0)        (-0.03,0)           
(0.871151,0)        (-0.0925129,0)      (-0.56883,0)        (0.628161,0)        (-0.09,0)           
(0.890819,0)        (0.0993331,0)       (-0.723257,0)       (0.57719,0)         (0.01,0)            
(0.885999,0)        (-0.195838,0)       (-0.520067,0)       (0.687897,0)        (-0.11,0)           
(0.907326,0)        (-0.148227,0)       (-0.447795,0)       (0.57148,0)         (-0.11,0)           
(0.94045,0)         (-0.247098,0)       (-0.416138,0)       (0.642718,0)        (-0.1,0)            
(0.900043,0)        (-0.0285612,0)      (-0.535187,0)       (0.531304,0)        (-0.07,0)           
(0.97071,0)         (-0.0816851,0)      (-0.58161,0)        (0.629097,0)        (-0.02,0)           
(0.902312,0)        (0.0885378,0)       (-0.57788,0)        (0.45181,0)         (-0.04,0)           
(1.02398,0)         (-0.259579,0)       (-0.510822,0)       (0.744299,0)        (-0.04,0)           
(0.865573,0)        (-0.177787,0)       (-0.441395,0)       (0.595653,0)        (-0.14,0)           
(0.898056,0)        (0.0153594,0)       (-0.621253,0)       (0.567216,0)        (-0.04,0)           
(0.930944,0)        (-0.130153,0)       (-0.491883,0)       (0.594393,0)        (-0.08,0)           
(0.929029,0)        (0.0640521,0)       (-0.541725,0)       (0.442885,0)        (-0.03,0)           
(0.88172,0)         (-0.0973693,0)      (-0.492513,0)       (0.561514,0)        (-0.11,0)           
(0.890256,0)        (-0.0726359,0)      (-0.482173,0)       (0.52656,0)         (-0.11,0)           
(0.912998,0)        (-0.109327,0)       (-0.607193,0)       (0.681322,0)        (-0.04,0)           
(0.97,0)            (0.192566,0)        (-0.682934,0)       (0.444171,0)        (0.06,0)            
(0.850819,0)        (-0.0207888,0)      (-0.533078,0)       (0.52139,0)         (-0.1,0)            
(0.950331,0)        (0.000719841,0)     (-0.528507,0)       (0.495142,0)        (-0.04,0)           
(0.893542,0)        (-0.0828844,0)      (-0.479551,0)       (0.534564,0)        (-0.09,0)           
(0.906544,0)        (-0.0242612,0)      (-0.585344,0)       (0.573974,0)        (-0.05,0)           
(0.908625,0)        (0.010503,0)        (-0.544937,0)       (0.500569,0)        (-0.06,0)           
(1.00707,0)         (-0.00504167,0)     (-0.549155,0)       (0.520397,0)        (0,0)               
(0.935483,0)        (-0.0460254,0)      (-0.560835,0)       (0.573198,0)        (-0.02,0)           
(0.909783,0)        (0.00118285,0)      (-0.568111,0)       (0.531828,0)        (-0.04,0)           
(0.945933,0)        (-0.0904391,0)      (-0.514348,0)       (0.574925,0)        (-0.07,0)           
(0.965508,0)        (0.0477337,0)       (-0.625855,0)       (0.538481,0)        (0.01,0)            
(0.975958,0)        (-0.0467032,0)      (-0.573891,0)       (0.58614,0)         (-0.04,0)           
(0.858196,0)        (-0.111794,0)       (-0.485867,0)       (0.570004,0)        (-0.12,0)           
(0.85347,0)         (-0.228233,0)       (-0.339293,0)       (0.551358,0)        (-0.22,0)           
(0.995251,0)        (-0.0945616,0)      (-0.553899,0)       (0.616243,0)        (-0.02,0)           
(0.930897,0)        (-0.169496,0)       (-0.469054,0)       (0.613139,0)        (-0.09,0)           
(0.982177,0)        (-0.203423,0)       (-0.495288,0)       (0.672392,0)        (-0.08,0)           
(0.964303,0)        (0.0177115,0)       (-0.579852,0)       (0.525969,0)        (-0.02,0)           
(0.945933,0)        (-0.140462,0)       (-0.50887,0)        (0.620856,0)        (-0.07,0)           
(0.965226,0)        (-0.0882741,0)      (-0.499835,0)       (0.559098,0)        (-0.05,0)           
(0.864697,0)        (-0.0574704,0)      (-0.541503,0)       (0.566744,0)        (-0.1,0)            
(0.934607,0)        (0.149326,0)        (-0.669159,0)       (0.475392,0)        (0.02,0)            
(0.889191,0)        (-0.0596659,0)      (-0.49644,0)        (0.526705,0)        (-0.11,0)           
(0.907561,0)        (-0.0765737,0)      (-0.548247,0)       (0.592576,0)        (-0.06,0)           
(0.891508,0)        (-0.12833,0)        (-0.53731,0)        (0.635154,0)        (-0.07,0)           
(0.98142,0)         (0.00711087,0)      (-0.559291,0)       (0.5175,0)          (-0.01,0)           
(0.965273,0)        (-0.0739433,0)      (-0.519925,0)       (0.563317,0)        (-0.04,0)           
(0.852995,0)        (0.0176253,0)       (-0.530112,0)       (0.479388,0)        (-0.09,0)           
(1.01752,0)         (-0.12449,0)        (-0.494451,0)       (0.591021,0)        (-0.05,0)           
(0.955439,0)        (-0.107337,0)       (-0.44956,0)        (0.531389,0)        (-0.09,0)           
(0.860941,0)        (-0.340599,0)       (-0.326785,0)       (0.654341,0)        (-0.22,0)           
(0.959007,0)        (-0.0316011,0)      (-0.567481,0)       (0.564707,0)        (-0.01,0)           
(0.885195,0)        (0.0247402,0)       (-0.578471,0)       (0.517498,0)        (-0.05,0)           
(0.951041,0)        (-0.198496,0)       (-0.435401,0)       (0.611172,0)        (-0.12,0)           
(0.964679,0)        (0.107346,0)        (-0.737835,0)       (0.582687,0)        (0.06,0)            
(0.947232,0)        (-0.056767,0)       (-0.597794,0)       (0.618842,0)        (-0.02,0)           
(0.868599,0)        (-0.295596,0)       (-0.405595,0)       (0.68234,0)         (-0.18,0)           
(0.966384,0)        (0.0524757,0)       (-0.539444,0)       (0.452564,0)        (-0.03,0)           
(0.899167,0)        (-0.00829147,0)     (-0.624337,0)       (0.594256,0)        (-0.03,0)           
(0.983147,0)        (-0.220043,0)       (-0.443579,0)       (0.640843,0)        (-0.1,0)            
(0.98142,0)         (-0.0429125,0)      (-0.553812,0)       (0.563431,0)        (-0.01,0)           
(0.963239,0)        (0.0306815,0)       (-0.594119,0)       (0.526114,0)        (-0.02,0)           
(0.925294,0)        (-0.240654,0)       (-0.414369,0)       (0.634479,0)        (-0.15,0)           
(0.96629,0)         (-0.0512208,0)      (-0.491046,0)       (0.513022,0)        (-0.05,0)           
(0.932149,0)        (-0.0501077,0)      (-0.543365,0)       (0.560975,0)        (-0.05,0)           
(0.900231,0)        (0.0287619,0)       (-0.615548,0)       (0.54818,0)         (-0.03,0)           
(0.951464,0)        (-0.0445077,0)      (-0.618953,0)       (0.626179,0)        (-0.03,0)           
(0.928628,0)        (-0.161536,0)       (-0.440056,0)       (0.577806,0)        (-0.12,0)           
(0.883541,0)        (-0.320236,0)       (-0.402491,0)       (0.704584,0)        (-0.18,0)           
(0.904133,0)        (-0.134329,0)       (-0.487858,0)       (0.59488,0)         (-0.11,0)           
(0.973996,0)        (0.00811306,0)      (-0.589946,0)       (0.54524,0)         (0,0)               
(0.895551,0)        (-0.173393,0)       (-0.478108,0)       (0.625614,0)        (-0.12,0)           
(0.852452,0)        (-0.275967,0)       (-0.365433,0)       (0.624618,0)        (-0.21,0)           
(0.940826,0)        (0.0426296,0)       (-0.596035,0)       (0.515713,0)        (-0.02,0)           
(0.900043,0)        (-0.0535728,0)      (-0.532448,0)       (0.554269,0)        (-0.07,0)           
(0.992747,0)        (-0.133244,0)       (-0.427189,0)       (0.536849,0)        (-0.1,0)            
(0.88399,0)         (-0.0546685,0)      (-0.515237,0)       (0.539239,0)        (-0.08,0)           
(0.886828,0)        (-0.230438,0)       (-0.410827,0)       (0.620726,0)        (-0.16,0)           
(0.92794,0)         (-0.058932,0)       (-0.612307,0)       (0.634669,0)        (-0.04,0)           
(0.912716,0)        (-0.095265,0)       (-0.497608,0)       (0.564145,0)        (-0.1,0)            
(0.926499,0)        (-0.18562,0)        (-0.463112,0)       (0.624027,0)        (-0.12,0)           
(0.936052,0)        (-0.188187,0)       (-0.418414,0)       (0.584709,0)        (-0.13,0)           
(0.877135,0)        (-0.345898,0)       (-0.387036,0)       (0.716283,0)        (-0.18,0)           
(0.931132,0)        (0.0272164,0)       (-0.583201,0)       (0.519408,0)        (-0.04,0)           
(0.856115,0)        (-0.146558,0)       (-0.526275,0)       (0.643409,0)        (-0.11,0)           
(0.946027,0)        (-0.0117543,0)      (-0.560007,0)       (0.537433,0)        (-0.05,0)           
(0.940638,0)        (-0.0397051,0)      (-0.512934,0)       (0.521802,0)        (-0.06,0)           
(0.952152,0)        (-0.147112,0)       (-0.446702,0)       (0.569316,0)        (-0.11,0)           
(0.905292,0)        (-0.0686143,0)      (-0.51925,0)        (0.557242,0)        (-0.09,0)           
(0.933402,0)        (-0.00575469,0)     (-0.60946,0)        (0.577707,0)        (-0.01,0)           
(0.905292,0)        (-0.0936259,0)      (-0.516511,0)       (0.580208,0)        (-0.09,0)           
(0.963145,0)        (-0.0480034,0)      (-0.54846,0)        (0.563606,0)        (-0.04,0)           
(0.946074,0)        (0.00257649,0)      (-0.580098,0)       (0.541652,0)        (-0.04,0)           
(0.948344,0)        (-0.079781,0)       (-0.589126,0)       (0.634205,0)        (-0.01,0)           
(0.922409,0)        (-0.0798517,0)      (-0.510441,0)       (0.56045,0)         (-0.08,0)           
(0.894748,0)        (-0.00283879,0)     (-0.531034,0)       (0.501146,0)        (-0.06,0)           
(0.943971,0)        (-0.0106111,0)      (-0.533143,0)       (0.51106,0)         (-0.03,0)           
(0.858102,0)        (-0.0904318,0)      (-0.451165,0)       (0.515635,0)        (-0.14,0)           
(0.980121,0)        (-0.102233,0)       (-0.47938,0)        (0.554157,0)        (-0.06,0)           
(0.885289,0)        (0.0784134,0)       (-0.621391,0)       (0.502971,0)        (-0.03,0)           
(0.913921,0)        (-0.0152194,0)      (-0.54909,0)        (0.530727,0)        (-0.07,0)           
(0.969364,0)        (-0.104676,0)       (-0.480814,0)       (0.557997,0)        (-0.08,0)           
(0.917161,0)        (0.0102247,0)       (-0.531857,0)       (0.488581,0)        (-0.06,0)           
(0.89912,0)         (0.0524128,0)       (-0.612465,0)       (0.52114,0)         (-0.04,0)           
(0.906356,0)        (-0.0815843,0)      (-0.504983,0)       (0.557098,0)        (-0.09,0)           
(0.963333,0)        (0.00931965,0)      (-0.628821,0)       (0.580483,0)        (0,0)               
(0.955768,0)        (-0.0320336,0)      (-0.587453,0)       (0.583888,0)        (-0.02,0)           
(0.945839,0)        (-0.169124,0)       (-0.468689,0)       (0.612418,0)        (-0.09,0)           
(0.953498,0)        (-0.0991092,0)      (-0.550238,0)       (0.617451,0)        (-0.05,0)           
(0.98142,0)         (0.0564974,0)       (-0.576521,0)       (0.483246,0)        (-0.01,0)           
(0.893636,0)        (-0.053586,0)       (-0.50798,0)        (0.531325,0)        (-0.07,0)           
(0.866872,0)        (0.00595539,0)      (-0.541276,0)       (0.501777,0)        (-0.09,0)           
(0.984493,0)        (-0.197051,0)       (-0.544376,0)       (0.711944,0)        (-0.04,0)           
(0.969598,0)        (-0.0330226,0)      (-0.581266,0)       (0.579092,0)        (-0.03,0)           
(0.952293,0)        (-0.229178,0)       (-0.493278,0)       (0.6968,0)          (-0.08,0)           
(0.85096,0)         (-0.00280822,0)     (-0.59061,0)        (0.557012,0)        (-0.07,0)           
(0.934372,0)        (0.0526605,0)       (-0.565968,0)       (0.477262,0)        (-0.03,0)           
(0.881105,0)        (0.0304615,0)       (-0.614844,0)       (0.545783,0)        (-0.01,0)           
(0.954656,0)        (-0.058406,0)       (-0.578891,0)       (0.602779,0)        (-0.03,0)           
(0.906356,0)        (-0.106596,0)       (-0.502243,0)       (0.580063,0)        (-0.09,0)           
(0.885007,0)        (-0.0826061,0)      (-0.492631,0)       (0.546552,0)        (-0.09,0)           
(0.89132,0)         (-0.185653,0)       (-0.456949,0)       (0.618277,0)        (-0.11,0)           
(0.903116,0)        (-0.107028,0)       (-0.522216,0)       (0.599244,0)        (-0.1,0)            
(0.922597,0)        (0.00248296,0)      (-0.593542,0)       (0.554362,0)        (-0.04,0)           
(0.960119,0)        (-0.00522872,0)     (-0.576043,0)       (0.545816,0)        (0,0)               
(0.996362,0)        (0.00684583,0)      (-0.570679,0)       (0.528456,0)        (-0.01,0)           
(0.903022,0)        (-0.13569,0)        (-0.482035,0)       (0.590805,0)        (-0.12,0)           
(0.964491,0)        (-4.95357e-07,0)    (-0.651996,0)       (0.611742,0)        (0.02,0)            
(0.873326,0)        (-0.17852,0)        (-0.540416,0)       (0.68931,0)         (-0.08,0)           
(0.945177,0)        (0.0194111,0)       (-0.579147,0)       (0.523572,0)        (0,0)               
(0.954422,0)        (-0.105048,0)       (-0.481178,0)       (0.558718,0)        (-0.08,0)           
(0.926854,0)        (0.025638,0)        (-0.54469,0)        (0.484886,0)        (-0.04,0)           
(0.963004,0)        (-0.0909956,0)      (-0.488189,0)       (0.550949,0)        (-0.07,0)           
(0.969504,0)        (-0.0616841,0)      (-0.541085,0)       (0.570654,0)        (-0.05,0)           
(0.935176,0)        (-0.117894,0)       (-0.513043,0)       (0.60173,0)         (-0.09,0)           
(0.908719,0)        (0.0391645,0)       (-0.585117,0)       (0.509007,0)        (-0.04,0)           
(0.953404,0)        (-0.102759,0)       (-0.512797,0)       (0.586047,0)        (-0.07,0)           
(0.880468,0)        (-0.191746,0)       (-0.420941,0)       (0.590713,0)        (-0.15,0)           
(0.939527,0)        (-0.0410658,0)      (-0.507111,0)       (0.517728,0)        (-0.07,0)           
(0.924444,0)        (-0.109442,0)       (-0.444465,0)       (0.528757,0)        (-0.1,0)            
(0.9365,0)          (0.0267205,0)       (-0.537434,0)       (0.476972,0)        (-0.03,0)           
(0.925743,0)        (-0.0257461,0)      (-0.533389,0)       (0.526743,0)        (-0.05,0)           
(0.91281,0)         (-0.0666035,0)      (-0.537788,0)       (0.572583,0)        (-0.08,0)           
(0.923426,0)        (-0.132164,0)       (-0.473344,0)       (0.579052,0)        (-0.09,0)           
(0.901483,0)        (0.123138,0)        (-0.687121,0)       (0.518981,0)        (0.01,0)            
(0.888529,0)        (0.128869,0)        (-0.606897,0)       (0.437859,0)        (-0.02,0)           
(0.93553,0)         (0.0183286,0)       (-0.586403,0)       (0.531486,0)        (-0.01,0)           
(0.959858,0)        (-0.112153,0)       (-0.531111,0)       (0.612822,0)        (-0.06,0)           
(0.864791,0)        (-0.0788322,0)      (-0.576205,0)       (0.621113,0)        (-0.08,0)           
(0.937398,0)        (-0.0651492,0)      (-0.530167,0)       (0.563948,0)        (-0.07,0)           
(0.928769,0)        (-0.168567,0)       (-0.494849,0)       (0.636394,0)        (-0.09,0)           
(0.906544,0)        (-0.0492729,0)      (-0.582605,0)       (0.596939,0)        (-0.05,0)           
(0.845999,0)        (-0.240925,0)       (-0.338106,0)       (0.563201,0)        (-0.22,0)           
(0.953404,0)        (-0.127771,0)       (-0.510057,0)       (0.609013,0)        (-0.07,0)           
(0.944728,0)        (-0.220508,0)       (-0.457388,0)       (0.654275,0)        (-0.1,0)            
(0.880703,0)        (-0.0450569,0)      (-0.52961,0)        (0.542912,0)        (-0.1,0)            
(0.987827,0)        (0.00712409,0)      (-0.583759,0)       (0.540444,0)        (-0.01,0)           
(0.939667,0)        (-0.0731086,0)      (-0.559165,0)       (0.599281,0)        (-0.04,0)           
(0.874249,0)        (-0.0850494,0)      (-0.494065,0)       (0.550392,0)        (-0.11,0)           
(0.91619,0)         (-0.0481904,0)      (-0.575348,0)       (0.589026,0)        (-0.04,0)           
(0.966478,0)        (0.00610224,0)      (-0.571407,0)       (0.529898,0)        (-0.01,0)           
(0.895786,0)        (-0.101739,0)       (-0.57856,0)        (0.64671,0)         (-0.07,0)           
(0.964397,0)        (0.0213613,0)       (-0.617293,0)       (0.557373,0)        (0,0)               
(0.991964,0)        (-0.109325,0)       (-0.553781,0)       (0.631204,0)        (-0.04,0)           
(0.922221,0)        (-0.236585,0)       (-0.407371,0)       (0.623759,0)        (-0.12,0)           
(0.980262,0)        (0.0157942,0)       (-0.547869,0)       (0.497918,0)        (-0.03,0)           
(0.941984,0)        (-0.0167139,0)      (-0.613731,0)       (0.592903,0)        (0,0)               
(0.882926,0)        (-0.0173237,0)      (-0.543995,0)       (0.528095,0)        (-0.08,0)           
(0.940732,0)        (-0.0610669,0)      (-0.547637,0)       (0.576171,0)        (-0.04,0)           
(0.933141,0)        (-0.113316,0)       (-0.57628,0)        (0.656389,0)        (-0.07,0)           
(0.96338,0)         (-0.101408,0)       (-0.635216,0)       (0.699529,0)        (0.01,0)            
(0.874109,0)        (-0.178065,0)       (-0.428316,0)       (0.583665,0)        (-0.14,0)           
(0.83245,0)         (-0.178326,0)       (-0.450344,0)       (0.6046,0)          (-0.15,0)           
(0.912622,0)        (-0.123926,0)       (-0.457427,0)       (0.555707,0)        (-0.12,0)           
(0.924371,0)        (-0.184691,0)       (-0.488908,0)       (0.647282,0)        (-0.12,0)           
(1.01998,0)         (-9.17099e-05,0)    (-0.612027,0)       (0.574334,0)        (0.02,0)            
(0.929927,0)        (-0.0278176,0)      (-0.534458,0)       (0.529861,0)        (-0.07,0)           
(0.91378,0)         (-0.108235,0)       (-0.48334,0)        (0.564,0)           (-0.1,0)            
(0.938509,0)        (-0.0637884,0)      (-0.53599,0)        (0.568022,0)        (-0.06,0)           
(0.963145,0)        (-0.0229917,0)      (-0.551199,0)       (0.540641,0)        (-0.04,0)           
(0.892572,0)        (-0.115651,0)       (-0.51403,0)        (0.600367,0)        (-0.07,0)           
(0.975014,0)        (0.0558473,0)       (-0.563806,0)       (0.471979,0)        (-0.01,0)           
(0.901013,0)        (-0.0701927,0)      (-0.480739,0)       (0.522721,0)        (-0.09,0)           
(0.976454,0)        (0.157523,0)        (-0.710262,0)       (0.505588,0)        (0.07,0)            
(0.930115,0)        (-0.0205179,0)      (-0.609341,0)       (0.592668,0)        (-0.03,0)           
(0.934231,0)        (-0.0903784,0)      (-0.49474,0)        (0.556466,0)        (-0.06,0)           
(0.917917,0)        (-0.224684,0)       (-0.453363,0)       (0.654761,0)        (-0.13,0)           
(0.906262,0)        (-0.0602225,0)      (-0.47028,0)        (0.502728,0)        (-0.11,0)           
(0.930021,0)        (-0.0992027,0)      (-0.563682,0)       (0.630161,0)        (-0.05,0)           
(0.899902,0)        (-0.0465418,0)      (-0.477655,0)       (0.495681,0)        (-0.1,0)            
(0.93229,0)         (-0.00711545,0)     (-0.603636,0)       (0.573632,0)        (-0.02,0)           
(0.956879,0)        (-0.00566116,0)     (-0.596015,0)       (0.564997,0)        (-0.01,0)           
(0.947326,0)        (0.0219179,0)       (-0.643453,0)       (0.581349,0)        (0,0)               
(0.955721,0)        (-0.0213527,0)      (-0.570102,0)       (0.556703,0)        (-0.03,0)           
(0.963098,0)        (-0.112357,0)       (-0.522891,0)       (0.605318,0)        (-0.05,0)           
(0.889191,0)        (-0.109689,0)       (-0.490961,0)       (0.572636,0)        (-0.11,0)           
(0.895316,0)        (-0.170012,0)       (-0.385874,0)       (0.535622,0)        (-0.17,0)           
(0.929692,0)        (-0.199518,0)       (-0.42305,0)        (0.600627,0)        (-0.12,0)           
(0.912669,0)        (-0.0845841,0)      (-0.480256,0)       (0.536961,0)        (-0.11,0)           
(0.970757,0)        (-0.017331,0)       (-0.607179,0)       (0.587386,0)        (-0.01,0)           
(0.906356,0)        (-0.106596,0)       (-0.502243,0)       (0.580063,0)        (-0.09,0)           
(0.856897,0)        (-0.120454,0)       (-0.405161,0)       (0.503123,0)        (-0.17,0)           
(0.861577,0)        (0.0066661,0)       (-0.534383,0)       (0.494585,0)        (-0.08,0)           
(0.960969,0)        (-0.161452,0)       (-0.543208,0)       (0.674504,0)        (-0.05,0)           
(0.866778,0)        (-0.0477178,0)      (-0.498356,0)       (0.516304,0)        (-0.11,0)           
(0.926453,0)        (-0.174939,0)       (-0.445761,0)       (0.596842,0)        (-0.13,0)           
(0.899214,0)        (-0.0189724,0)      (-0.641689,0)       (0.62144,0)         (-0.02,0)           
(0.899026,0)        (-0.0762954,0)      (-0.561327,0)       (0.604564,0)        (-0.06,0)           
(0.880562,0)        (-0.138072,0)       (-0.463861,0)       (0.576186,0)        (-0.13,0)           
(0.850537,0)        (-0.156797,0)       (-0.407057,0)       (0.542006,0)        (-0.16,0)           
(0.980638,0)        (0.105429,0)        (-0.705853,0)       (0.554637,0)        (0.05,0)            
(1.03719,0)         (0.0173324,0)       (-0.6434,0)         (0.58598,0)         (0.05,0)            
(0.933261,0)        (-0.0737586,0)      (-0.546449,0)       (0.588015,0)        (-0.04,0)           
(0.885289,0)        (0.0534017,0)       (-0.618652,0)       (0.525936,0)        (-0.03,0)           
(0.946121,0)        (-0.0574909,0)      (-0.580218,0)       (0.60309,0)         (-0.03,0)           
(0.901013,0)        (-0.120216,0)       (-0.475261,0)       (0.568651,0)        (-0.09,0)           
(0.94501,0)         (-0.0594885,0)      (-0.586148,0)       (0.610693,0)        (-0.04,0)           
(0.850819,0)        (-0.0458005,0)      (-0.530339,0)       (0.544355,0)        (-0.1,0)            
(0.889285,0)        (-0.0810277,0)      (-0.531142,0)       (0.581074,0)        (-0.09,0)           
(0.959529,0)        (-0.238117,0)       (-0.399491,0)       (0.61793,0)         (-0.13,0)           
(0.880562,0)        (-0.113061,0)       (-0.4666,0)         (0.55322,0)         (-0.13,0)           
(0.835971,0)        (0.0325126,0)       (-0.576362,0)       (0.507584,0)        (-0.08,0)           
(0.816396,0)        (-0.0806486,0)      (-0.467594,0)       (0.521062,0)        (-0.16,0)           
(0.931226,0)        (-0.0191571,0)      (-0.615165,0)       (0.596742,0)        (-0.02,0)           
(0.925435,0)        (-0.197661,0)       (-0.47464,0)        (0.647137,0)        (-0.12,0)           
(0.950472,0)        (0.0687238,0)       (-0.591517,0)       (0.484834,0)        (-0.01,0)           
(0.956832,0)        (-0.0450036,0)      (-0.573186,0)       (0.583743,0)        (-0.02,0)           
(0.969645,0)        (-0.0937268,0)      (-0.593139,0)       (0.652208,0)        (-0.02,0)           
(0.931132,0)        (-0.0728303,0)      (-0.572245,0)       (0.61127,0)         (-0.04,0)           
(0.858243,0)        (-0.0724512,0)      (-0.508697,0)       (0.551258,0)        (-0.11,0)           
(0.964115,0)        (-0.0646232,0)      (-0.496751,0)       (0.532058,0)        (-0.06,0)           
(0.883208,0)        (0.0686608,0)       (-0.664538,0)       (0.55341,0)         (-0.02,0)           
(0.963098,0)        (-0.0373225,0)      (-0.531108,0)       (0.536422,0)        (-0.05,0)           
(0.922503,0)        (-0.126225,0)       (-0.542405,0)       (0.637785,0)        (-0.06,0)           
(0.853704,0)        (-0.181591,0)       (-0.437006,0)       (0.595419,0)        (-0.17,0)           
(0.981514,0)        (-0.0148878,0)      (-0.605745,0)       (0.583546,0)        (0.01,0)            
(0.956973,0)        (-0.00201131,0)     (-0.633457,0)       (0.596401,0)        (0.01,0)            
(0.951724,0)        (0.0880651,0)       (-0.654872,0)       (0.524531,0)        (0.03,0)            
(0.96208,0)         (-0.160092,0)       (-0.549031,0)       (0.678578,0)        (-0.04,0)           
(1.0436,0)          (0.0680057,0)       (-0.661593,0)       (0.551316,0)        (0.05,0)            
(0.903163,0)        (-0.117709,0)       (-0.539567,0)       (0.626428,0)        (-0.09,0)           
(0.959717,0)        (-0.255829,0)       (-0.471635,0)       (0.703703,0)        (-0.09,0)           
(0.941749,0)        (-0.0377075,0)      (-0.507005,0)       (0.5142,0)          (-0.05,0)           
(0.932243,0)        (0.00356546,0)      (-0.586285,0)       (0.546448,0)        (-0.03,0)           
(0.88172,0)         (-0.0973693,0)      (-0.492513,0)       (0.561514,0)        (-0.11,0)           
(0.896756,0)        (-0.193394,0)       (-0.518634,0)       (0.684058,0)        (-0.09,0)           
(0.874437,0)        (-0.052738,0)       (-0.571687,0)       (0.590234,0)        (-0.07,0)           
(0.969364,0)        (-0.129688,0)       (-0.478075,0)       (0.580962,0)        (-0.08,0)           
(1.0018,0)          (-0.0259076,0)      (-0.629625,0)       (0.617202,0)        (0.01,0)            
(0.938509,0)        (-0.138823,0)       (-0.527773,0)       (0.636919,0)        (-0.06,0)           
(0.950519,0)        (-0.0420038,0)      (-0.597912,0)       (0.60388,0)         (0,0)               
(0.989126,0)        (-0.0342388,0)      (-0.658987,0)       (0.653256,0)        (0.04,0)            
(1.03594,0)         (-0.127067,0)       (-0.566349,0)       (0.661111,0)        (0.01,0)            
(0.977116,0)        (-0.0310117,0)      (-0.599804,0)       (0.594433,0)        (-0.02,0)           
(0.9587,0)          (-0.178505,0)       (-0.511471,0)       (0.662136,0)        (-0.08,0)           
(0.948062,0)        (-0.116379,0)       (-0.485814,0)       (0.574636,0)        (-0.07,0)           
(0.960922,0)        (-0.150772,0)       (-0.525857,0)       (0.647319,0)        (-0.06,0)           
(0.847345,0)        (-0.192922,0)       (-0.441642,0)       (0.611336,0)        (-0.16,0)           
(0.875267,0)        (-0.11235,0)        (-0.459707,0)       (0.546028,0)        (-0.12,0)           
(0.995533,0)        (0.0414463,0)       (-0.67992,0)        (0.595627,0)        (0.04,0)            
(0.94092,0)         (0.0963028,0)       (-0.638955,0)       (0.501186,0)        (0,0)               
(0.866778,0)        (-0.147764,0)       (-0.487399,0)       (0.608166,0)        (-0.11,0)           
(0.908531,0)        (-0.143217,0)       (-0.49106,0)        (0.606958,0)        (-0.08,0)           
(0.867702,0)        (-0.153703,0)       (-0.418339,0)       (0.549433,0)        (-0.14,0)           
(0.892619,0)        (-0.101957,0)       (-0.545872,0)       (0.616262,0)        (-0.06,0)           
(0.969457,0)        (-0.101026,0)       (-0.518255,0)       (0.5894,0)          (-0.06,0)           
(0.881627,0)        (-0.151042,0)       (-0.449593,0)       (0.576041,0)        (-0.13,0)           
(0.996268,0)        (-0.071839,0)       (-0.52502,0)        (0.565948,0)        (-0.03,0)           
(0.934111,0)        (-0.154947,0)       (-0.521832,0)       (0.647806,0)        (-0.09,0)           
(0.822803,0)        (-0.205057,0)       (-0.466614,0)       (0.647156,0)        (-0.16,0)           
(0.87439,0)         (-0.0420571,0)      (-0.554336,0)       (0.563049,0)        (-0.08,0)           
(0.889426,0)        (-0.0630471,0)      (-0.588674,0)       (0.616697,0)        (-0.06,0)           
(0.879899,0)        (0.100486,0)        (-0.579796,0)       (0.441409,0)        (-0.04,0)           
(0.916143,0)        (-0.0625212,0)      (-0.555258,0)       (0.584806,0)        (-0.05,0)           
(0.922221,0)        (-0.162186,0)       (-0.427341,0)       (0.566539,0)        (-0.12,0)           
(0.948156,0)        (-0.162753,0)       (-0.517777,0)       (0.65197,0)         (-0.05,0)           
(0.896522,0)        (-0.190013,0)       (-0.426399,0)       (0.594066,0)        (-0.14,0)           
(0.895859,0)        (-0.00147803,0)     (-0.536857,0)       (0.50522,0)         (-0.05,0)           
(0.986429,0)        (0.308944,0)        (-0.849116,0)       (0.481277,0)        (0.15,0)            
(0.971586,0)        (-0.101955,0)       (-0.49246,0)        (0.566145,0)        (-0.06,0)           
(0.962174,0)        (-0.0313835,0)      (-0.600169,0)       (0.595155,0)        (-0.02,0)           
(0.872168,0)        (-0.0447786,0)      (-0.54269,0)        (0.5549,0)          (-0.1,0)            
(0.866685,0)        (-0.176426,0)       (-0.447219,0)       (0.599728,0)        (-0.13,0)           
(0.949502,0)        (0.0853436,0)       (-0.643226,0)       (0.516382,0)        (0.01,0)            
