33
e_L                 onsite              nnhop               ospair              nnJastrow           
(1.04398,0)         (0.504007,0)        (-1.08755,0)        (0.176769,0)        (0.45,0)            
(1.04299,0)         (0.507698,0)        (-1.11148,0)        (0.1884,0)          (0.46,0)            
(1.04048,0)         (0.625508,0)        (-1.18671,0)        (0.113818,0)        (0.49,0)            
(1.0538,0)          (0.267464,0)        (-0.877141,0)       (0.288073,0)        (0.32,0)            
(1.03841,0)         (0.656868,0)        (-1.22923,0)        (0.108534,0)        (0.52,0)            
(1.05259,0)         (0.366099,0)        (-0.900178,0)       (0.199764,0)        (0.34,0)            
(1.05466,0)         (0.262889,0)        (-0.845881,0)       (0.27262,0)         (0.31,0)            
(1.03736,0)         (0.672746,0)        (-1.25671,0)        (0.109713,0)        (0.53,0)            
(1.05565,0)         (0.239004,0)        (-0.846884,0)       (0.298266,0)        (0.3,0)             
(1.05835,0)         (0.105652,0)        (-0.744034,0)       (0.371226,0)        (0.27,0)            
(1.04668,0)         (0.421796,0)        (-1.01326,0)        (0.214701,0)        (0.42,0)            
(1.05088,0)         (0.324731,0)        (-0.933803,0)       (0.264832,0)        (0.36,0)            
(1.04267,0)         (0.545341,0)        (-1.1306,0)         (0.161386,0)        (0.46,0)            
(1.04213,0)         (0.560312,0)        (-1.14771,0)        (0.156794,0)        (0.47,0)            
(1.05736,0)         (0.204799,0)        (-0.778228,0)       (0.289605,0)        (0.28,0)            
(1.05075,0)         (0.372401,0)        (-0.939579,0)       (0.218683,0)        (0.36,0)            
(1.05234,0)         (0.343825,0)        (-0.910606,0)       (0.229828,0)        (0.34,0)            
(1.05326,0)         (0.256866,0)        (-0.879968,0)       (0.300996,0)        (0.33,0)            
(1.05036,0)         (0.495529,0)        (-0.981669,0)       (0.117078,0)        (0.36,0)            
(1.06063,0)         (0.0972737,0)       (-0.703355,0)       (0.353653,0)        (0.23,0)            
(1.0469,0)          (0.518902,0)        (-1.0425,0)         (0.132005,0)        (0.41,0)            
(1.04484,0)         (0.525829,0)        (-1.07855,0)        (0.148101,0)        (0.44,0)            
(1.05036,0)         (0.425643,0)        (-0.98568,0)        (0.192815,0)        (0.36,0)            
(1.04795,0)         (0.358702,0)        (-0.991803,0)       (0.266837,0)        (0.4,0)             
(1.04881,0)         (0.304124,0)        (-0.939792,0)       (0.290277,0)        (0.39,0)            
(1.05186,0)         (0.319902,0)        (-0.902069,0)       (0.249336,0)        (0.35,0)            
(1.05816,0)         (0.167785,0)        (-0.768983,0)       (0.322356,0)        (0.27,0)            
(1.05113,0)         (0.322571,0)        (-0.916903,0)       (0.256149,0)        (0.36,0)            
(1.04875,0)         (0.414869,0)        (-0.977209,0)       (0.198605,0)        (0.39,0)            
(1.0441,0)          (0.478495,0)        (-1.07263,0)        (0.193807,0)        (0.45,0)            
(1.05361,0)         (0.329597,0)        (-0.902089,0)       (0.239204,0)        (0.32,0)            
(1.0495,0)          (0.452687,0)        (-1.00763,0)        (0.178723,0)        (0.37,0)            
(1.04299,0)         (0.555426,0)        (-1.11661,0)        (0.141774,0)        (0.46,0)            
(1.05402,0)         (0.36457,0)         (-0.906375,0)       (0.205377,0)        (0.31,0)            
(1.04664,0)         (0.496628,0)        (-1.05292,0)        (0.162068,0)        (0.41,0)            
(1.04359,0)         (0.482814,0)        (-1.10643,0)        (0.211174,0)        (0.45,0)            
(1.05638,0)         (0.282926,0)        (-0.829376,0)       (0.240962,0)        (0.29,0)            
(1.05008,0)         (0.289585,0)        (-0.931443,0)       (0.300087,0)        (0.37,0)            
(1.053,0)           (0.281183,0)        (-0.887723,0)       (0.280568,0)        (0.33,0)            
(1.05762,0)         (0.154912,0)        (-0.756194,0)       (0.327547,0)        (0.28,0)            
(1.04439,0)         (0.491253,0)        (-1.0867,0)         (0.189568,0)        (0.44,0)            
(1.0455,0)          (0.461223,0)        (-1.03988,0)        (0.190676,0)        (0.43,0)            
(1.04102,0)         (0.588378,0)        (-1.17874,0)        (0.147521,0)        (0.48,0)            
(1.049,0)           (0.368393,0)        (-0.9786,0)         (0.248145,0)        (0.39,0)            
(1.05015,0)         (0.279982,0)        (-0.943335,0)       (0.317837,0)        (0.37,0)            
(1.05053,0)         (0.254274,0)        (-0.927298,0)       (0.334357,0)        (0.37,0)            
(1.04763,0)         (0.445209,0)        (-1.02386,0)        (0.197064,0)        (0.4,0)             
(1.05008,0)         (0.38959,0)         (-0.972944,0)       (0.222299,0)        (0.37,0)            
(1.05358,0)         (0.31468,0)         (-0.871117,0)       (0.234759,0)        (0.33,0)            
(1.05247,0)         (0.24729,0)         (-0.891888,0)       (0.318737,0)        (0.34,0)            
(1.04432,0)         (0.552306,0)        (-1.1032,0)         (0.136357,0)        (0.44,0)            
(1.04948,0)         (0.340039,0)        (-0.95077,0)        (0.259798,0)        (0.38,0)            
(1.0581,0)          (0.132244,0)        (-0.767405,0)       (0.35853,0)         (0.27,0)            
(1.03968,0)         (0.617069,0)        (-1.20643,0)        (0.135424,0)        (0.5,0)             
(1.05135,0)         (0.349791,0)        (-0.950148,0)       (0.24919,0)         (0.35,0)            
(1.04016,0)         (0.664288,0)        (-1.21363,0)        (0.09067,0)         (0.49,0)            
(1.04426,0)         (0.587789,0)        (-1.10542,0)        (0.100659,0)        (0.44,0)            
(1.05981,0)         (0.0758818,0)       (-0.707895,0)       (0.378981,0)        (0.25,0)            
(1.04709,0)         (0.482339,0)        (-1.03183,0)        (0.163361,0)        (0.41,0)            
(1.05002,0)         (0.37507,0)         (-0.954413,0)       (0.225496,0)        (0.37,0)            
(1.04207,0)         (0.619091,0)        (-1.14859,0)        (0.0958512,0)       (0.47,0)            
(1.04048,0)         (0.601076,0)        (-1.18023,0)        (0.135198,0)        (0.49,0)            
(1.04982,0)         (0.484931,0)        (-0.984497,0)       (0.13,0)            (0.37,0)            
(1.04464,0)         (0.562391,0)        (-1.08922,0)        (0.116745,0)        (0.44,0)            
(1.05161,0)         (0.297629,0)        (-0.912498,0)       (0.2794,0)          (0.35,0)            
(1.05317,0)         (0.205582,0)        (-0.839443,0)       (0.328426,0)        (0.34,0)            
(1.05152,0)         (0.369335,0)        (-0.912304,0)       (0.20423,0)         (0.36,0)            
(1.0455,0)          (0.391026,0)        (-1.04406,0)        (0.266847,0)        (0.43,0)            
(1.05246,0)         (0.318313,0)        (-0.895685,0)       (0.246866,0)        (0.34,0)            
(1.04738,0)         (0.421799,0)        (-1.02649,0)        (0.223261,0)        (0.4,0)             
(1.04929,0)         (0.403309,0)        (-0.983527,0)       (0.214794,0)        (0.38,0)            
(1.04372,0)         (0.555032,0)        (-1.1174,0)         (0.142693,0)        (0.45,0)            
(1.05126,0)         (0.323766,0)        (-0.92407,0)        (0.259539,0)        (0.36,0)            
(1.05608,0)         (0.309088,0)        (-0.857212,0)       (0.231607,0)        (0.28,0)            
(1.04789,0)         (0.44305,0)         (-1.00696,0)        (0.18838,0)         (0.4,0)             
(1.044,0)           (0.54222,0)         (-1.11719,0)        (0.155968,0)        (0.44,0)            
(1.05771,0)         (0.254235,0)        (-0.801686,0)       (0.253059,0)        (0.27,0)            
(1.04989,0)         (0.327284,0)        (-0.949921,0)       (0.272597,0)        (0.37,0)            
(1.0587,0)          (0.130655,0)        (-0.761021,0)       (0.356059,0)        (0.26,0)            
(1.0463,0)          (0.44833,0)         (-1.03727,0)        (0.202481,0)        (0.42,0)            
(1.04273,0)         (0.412438,0)        (-1.10233,0)        (0.282169,0)        (0.46,0)            
(1.0483,0)          (0.430295,0)        (-1.00612,0)        (0.201179,0)        (0.39,0)            
(1.05247,0)         (0.246152,0)        (-0.88408,0)        (0.314871,0)        (0.34,0)            
(1.04273,0)         (0.582018,0)        (-1.13998,0)        (0.129078,0)        (0.46,0)            
(1.05736,0)         (0.134913,0)        (-0.782239,0)       (0.365342,0)        (0.28,0)            
(1.04827,0)         (0.320233,0)        (-0.964707,0)       (0.289552,0)        (0.4,0)             
(1.04207,0)         (0.571363,0)        (-1.14345,0)        (0.142477,0)        (0.47,0)            
(1.04748,0)         (0.358074,0)        (-0.981929,0)       (0.2611,0)          (0.41,0)            
(1.04557,0)         (0.498727,0)        (-1.05724,0)        (0.162668,0)        (0.43,0)            
(1.04346,0)         (0.554917,0)        (-1.11868,0)        (0.143645,0)        (0.45,0)            
(1.04235,0)         (0.58412,0)         (-1.15753,0)        (0.138237,0)        (0.46,0)            
(1.04134,0)         (0.575169,0)        (-1.1661,0)         (0.153155,0)        (0.48,0)            
(1.0509,0)          (0.410671,0)        (-0.968573,0)       (0.197406,0)        (0.35,0)            
(1.06093,0)         (0.0733856,0)       (-0.691135,0)       (0.37074,0)         (0.24,0)            
(1.03867,0)         (0.557288,0)        (-1.18628,0)        (0.184936,0)        (0.52,0)            
(1.04862,0)         (0.369358,0)        (-0.988333,0)       (0.253439,0)        (0.39,0)            
(1.04404,0)         (0.539548,0)        (-1.08913,0)        (0.140596,0)        (0.45,0)            
(1.04696,0)         (0.505577,0)        (-1.03113,0)        (0.138591,0)        (0.41,0)            
(1.05504,0)         (0.117603,0)        (-0.812936,0)       (0.403337,0)        (0.31,0)            
(1.05539,0)         (0.190023,0)        (-0.835225,0)       (0.341978,0)        (0.3,0)             
(1.04974,0)         (0.316859,0)        (-0.950823,0)       (0.284092,0)        (0.38,0)            
(1.05167,0)         (0.359877,0)        (-0.936163,0)       (0.229578,0)        (0.35,0)            
(1.05403,0)         (0.227092,0)        (-0.830606,0)       (0.300191,0)        (0.33,0)            
(1.05145,0)         (0.262771,0)        (-0.906929,0)       (0.312275,0)        (0.36,0)            
(1.05221,0)         (0.344905,0)        (-0.919056,0)       (0.234169,0)        (0.34,0)            
(1.05412,0)         (0.276413,0)        (-0.855347,0)       (0.264596,0)        (0.32,0)            
(1.04658,0)         (0.508816,0)        (-1.05648,0)        (0.151616,0)        (0.41,0)            
(1.05431,0)         (0.288715,0)        (-0.85762,0)        (0.253192,0)        (0.32,0)            
(1.04344,0)         (0.467839,0)        (-1.0761,0)         (0.207206,0)        (0.46,0)            
(1.04531,0)         (0.524182,0)        (-1.07281,0)        (0.146106,0)        (0.43,0)            
(1.04607,0)         (0.464269,0)        (-1.07734,0)        (0.211743,0)        (0.41,0)            
(1.04016,0)         (0.664288,0)        (-1.21363,0)        (0.09067,0)         (0.49,0)            
(1.04709,0)         (0.456769,0)        (-1.01755,0)        (0.180875,0)        (0.41,0)            
(1.04929,0)         (0.380013,0)        (-0.984864,0)       (0.24004,0)         (0.38,0)            
(1.04998,0)         (0.42547,0)         (-0.987605,0)       (0.194242,0)        (0.36,0)            
(1.04226,0)         (0.630256,0)        (-1.14305,0)        (0.0805816,0)       (0.47,0)            
(1.05517,0)         (0.212806,0)        (-0.822731,0)       (0.310043,0)        (0.31,0)            
(1.05657,0)         (0.172238,0)        (-0.791317,0)       (0.332158,0)        (0.29,0)            
(1.04795,0)         (0.430862,0)        (-1.00341,0)        (0.198832,0)        (0.4,0)             
(1.04729,0)         (0.395774,0)        (-1.00041,0)        (0.23361,0)         (0.41,0)            
(1.05618,0)         (0.27176,0)         (-0.834911,0)       (0.256232,0)        (0.29,0)            
(1.0408,0)          (0.587866,0)        (-1.16759,0)        (0.140832,0)        (0.49,0)            
(1.05393,0)         (0.288543,0)        (-0.859546,0)       (0.25462,0)         (0.32,0)            
(1.04611,0)         (0.48603,0)         (-1.05575,0)        (0.174991,0)        (0.42,0)            
(1.04995,0)         (0.363962,0)        (-0.959307,0)       (0.240289,0)        (0.37,0)            
(1.04735,0)         (0.408019,0)        (-1.00332,0)        (0.222683,0)        (0.41,0)            
(1.05371,0)         (0.314737,0)        (-0.870476,0)       (0.234283,0)        (0.33,0)            
(1.04967,0)         (0.327909,0)        (-0.946572,0)       (0.269774,0)        (0.38,0)            
(1.04798,0)         (0.49237,0)         (-1.03171,0)        (0.152785,0)        (0.39,0)            
(1.04499,0)         (0.489663,0)        (-1.08032,0)        (0.187097,0)        (0.43,0)            
(1.04967,0)         (0.424503,0)        (-0.964648,0)       (0.180389,0)        (0.38,0)            
(1.05014,0)         (0.37399,0)         (-0.945964,0)       (0.221154,0)        (0.37,0)            
(1.05259,0)         (0.293111,0)        (-0.880596,0)       (0.26347,0)         (0.34,0)            
(1.04684,0)         (0.458929,0)        (-1.03445,0)        (0.189558,0)        (0.41,0)            
(1.04477,0)         (0.490288,0)        (-1.07697,0)        (0.184275,0)        (0.44,0)            
(1.04982,0)         (0.388337,0)        (-0.96642,0)        (0.219385,0)        (0.37,0)            
(1.05075,0)         (0.373538,0)        (-0.947387,0)       (0.222549,0)        (0.36,0)            
(1.05625,0)         (0.136272,0)        (-0.791191,0)       (0.369717,0)        (0.29,0)            
(1.05895,0)         (0.176224,0)        (-0.749255,0)       (0.30075,0)         (0.26,0)            
(1.04658,0)         (0.507679,0)        (-1.04867,0)        (0.147751,0)        (0.41,0)            
(1.04413,0)         (0.517018,0)        (-1.1021,0)         (0.172572,0)        (0.44,0)            
(1.05339,0)         (0.304652,0)        (-0.884461,0)       (0.253895,0)        (0.33,0)            
(1.04325,0)         (0.507814,0)        (-1.1102,0)         (0.187448,0)        (0.46,0)            
(1.0524,0)          (0.307205,0)        (-0.900579,0)       (0.261659,0)        (0.34,0)            
(1.04916,0)         (0.427684,0)        (-0.99064,0)        (0.19389,0)         (0.38,0)            
(1.04305,0)         (0.544376,0)        (-1.12086,0)        (0.156092,0)        (0.46,0)            
(1.05145,0)         (0.333794,0)        (-0.910726,0)       (0.240403,0)        (0.36,0)            
(1.04664,0)         (0.373638,0)        (-1.01259,0)        (0.264668,0)        (0.41,0)            
(1.04976,0)         (0.448253,0)        (-0.975111,0)       (0.162308,0)        (0.37,0)            
(1.05765,0)         (0.168692,0)        (-0.779358,0)       (0.328126,0)        (0.27,0)            
(1.03835,0)         (0.644623,0)        (-1.22631,0)        (0.119462,0)        (0.52,0)            
(1.0497,0)          (0.461578,0)        (-0.986475,0)       (0.155722,0)        (0.37,0)            
(1.05202,0)         (0.35931,0)         (-0.938871,0)       (0.231925,0)        (0.34,0)            
(1.04776,0)         (0.49072,0)         (-1.01274,0)        (0.14223,0)         (0.4,0)             
(1.04782,0)         (0.431942,0)        (-1.01186,0)        (0.203174,0)        (0.4,0)             
(1.05326,0)         (0.230159,0)        (-0.857881,0)       (0.314644,0)        (0.33,0)            
(1.04168,0)         (0.646762,0)        (-1.18041,0)        (0.0874967,0)       (0.47,0)            
(1.04318,0)         (0.469172,0)        (-1.08503,0)        (0.21159,0)         (0.46,0)            
(1.04579,0)         (0.450685,0)        (-1.05529,0)        (0.211683,0)        (0.42,0)            
(1.04941,0)         (0.353364,0)        (-0.962134,0)       (0.253212,0)        (0.38,0)            
(1.04484,0)         (0.500259,0)        (-1.06427,0)        (0.165615,0)        (0.44,0)            
(1.05691,0)         (0.219089,0)        (-0.799327,0)       (0.288313,0)        (0.28,0)            
(1.05669,0)         (0.290737,0)        (-0.799775,0)       (0.213619,0)        (0.29,0)            
(1.04776,0)         (0.468562,0)        (-1.02189,0)        (0.171342,0)        (0.4,0)             
(1.04531,0)         (0.524182,0)        (-1.07281,0)        (0.146106,0)        (0.43,0)            
(1.05212,0)         (0.27229,0)         (-0.895651,0)       (0.29501,0)         (0.35,0)            
(1.05317,0)         (0.304139,0)        (-0.873303,0)       (0.247206,0)        (0.34,0)            
(1.04973,0)         (0.33819,0)         (-0.933702,0)       (0.250681,0)        (0.38,0)            
(1.05275,0)         (0.378799,0)        (-0.914892,0)       (0.196001,0)        (0.33,0)            
(1.04916,0)         (0.424583,0)        (-0.967048,0)       (0.181859,0)        (0.38,0)            
(1.04716,0)         (0.421286,0)        (-1.01533,0)        (0.216572,0)        (0.41,0)            
(1.04677,0)         (0.471116,0)        (-1.038,0)          (0.179106,0)        (0.41,0)            
(1.04735,0)         (0.432452,0)        (-1.00979,0)        (0.201303,0)        (0.41,0)            
(1.05186,0)         (0.247742,0)        (-0.890464,0)       (0.317342,0)        (0.35,0)            
(1.05173,0)         (0.39428,0)         (-0.929933,0)       (0.189539,0)        (0.35,0)            
(1.04172,0)         (0.570793,0)        (-1.13294,0)        (0.136264,0)        (0.48,0)            
(1.04061,0)         (0.601133,0)        (-1.17959,0)        (0.134722,0)        (0.49,0)            
(1.05202,0)         (0.4059,0)          (-0.936197,0)       (0.181434,0)        (0.34,0)            
(1.04411,0)         (0.505202,0)        (-1.09472,0)        (0.180159,0)        (0.45,0)            
(1.05698,0)         (0.159173,0)        (-0.790636,0)       (0.34539,0)         (0.28,0)            
(1.0497,0)          (0.339414,0)        (-0.954119,0)       (0.262621,0)        (0.37,0)            
(1.04671,0)         (0.507736,0)        (-1.04803,0)        (0.147275,0)        (0.41,0)            
(1.05406,0)         (0.315307,0)        (-0.880991,0)       (0.240496,0)        (0.32,0)            
(1.04643,0)         (0.446113,0)        (-1.02102,0)        (0.194273,0)        (0.42,0)            
(1.04512,0)         (0.490858,0)        (-1.08749,0)        (0.190487,0)        (0.43,0)            
(1.04101,0)         (0.636106,0)        (-1.18388,0)        (0.100895,0)        (0.48,0)            
(1.05021,0)         (0.33737,0)         (-0.935936,0)       (0.252985,0)        (0.37,0)            
(1.05285,0)         (0.341781,0)        (-0.892423,0)       (0.220192,0)        (0.34,0)            
(1.03682,0)         (0.686581,0)        (-1.26601,0)        (0.101256,0)        (0.54,0)            
(1.05075,0)         (0.422404,0)        (-0.96033,0)        (0.179789,0)        (0.36,0)            
(1.04737,0)         (0.493959,0)        (-1.03809,0)        (0.155256,0)        (0.4,0)             
(1.05208,0)         (0.344848,0)        (-0.919698,0)       (0.234645,0)        (0.34,0)            
(1.04101,0)         (0.610847,0)        (-1.16943,0)        (0.117976,0)        (0.48,0)            
(1.05377,0)         (0.254822,0)        (-0.861785,0)       (0.291361,0)        (0.33,0)            
(1.05008,0)         (0.410611,0)        (-0.955991,0)       (0.189322,0)        (0.37,0)            
(1.04583,0)         (0.378954,0)        (-1.03922,0)        (0.276347,0)        (0.43,0)            
(1.04611,0)         (0.48603,0)         (-1.05575,0)        (0.174991,0)        (0.42,0)            
(1.04493,0)         (0.527421,0)        (-1.09816,0)        (0.159132,0)        (0.43,0)            
(1.04722,0)         (0.432394,0)        (-1.01043,0)        (0.201779,0)        (0.41,0)            
(1.04305,0)         (0.517669,0)        (-1.09878,0)        (0.16974,0)         (0.46,0)            
(1.05565,0)         (0.236729,0)        (-0.831268,0)       (0.290534,0)        (0.3,0)             
(1.03246,0)         (0.810693,0)        (-1.38064,0)        (0.045593,0)        (0.59,0)            
(1.03921,0)         (0.592319,0)        (-1.18992,0)        (0.150634,0)        (0.51,0)            
(1.05161,0)         (0.324336,0)        (-0.934585,0)       (0.265752,0)        (0.35,0)            
(1.05193,0)         (0.333285,0)        (-0.912792,0)       (0.242274,0)        (0.35,0)            
(1.05141,0)         (0.406352,0)        (-0.934773,0)       (0.180039,0)        (0.35,0)            
(1.049,0)           (0.437142,0)        (-0.966781,0)       (0.168542,0)        (0.39,0)            
(1.05034,0)         (0.339702,0)        (-0.95091,0)        (0.260241,0)        (0.37,0)            
(1.05227,0)         (0.35715,0)         (-0.921971,0)       (0.223241,0)        (0.34,0)            
(1.04693,0)         (0.509386,0)        (-1.067,0)          (0.157829,0)        (0.4,0)             
(1.04636,0)         (0.459438,0)        (-1.03238,0)        (0.187687,0)        (0.42,0)            
(1.04226,0)         (0.558095,0)        (-1.13145,0)        (0.148587,0)        (0.47,0)            
(1.04086,0)         (0.550419,0)        (-1.14958,0)        (0.168364,0)        (0.49,0)            
(1.03988,0)         (0.604939,0)        (-1.20224,0)        (0.145401,0)        (0.5,0)             
(1.04757,0)         (0.480692,0)        (-1.02608,0)        (0.161366,0)        (0.4,0)             
(1.04718,0)         (0.485069,0)        (-1.05924,0)        (0.178257,0)        (0.4,0)             
(1.03975,0)         (0.675905,0)        (-1.20667,0)        (0.0740053,0)       (0.5,0)             
(1.04782,0)         (0.47967,0)         (-1.01699,0)        (0.156548,0)        (0.4,0)             
(1.04404,0)         (0.540685,0)        (-1.09694,0)        (0.144462,0)        (0.45,0)            
(1.04563,0)         (0.485402,0)        (-1.04588,0)        (0.169254,0)        (0.43,0)            
(1.04385,0)         (0.553952,0)        (-1.10895,0)        (0.138352,0)        (0.45,0)            
(1.04827,0)         (0.343218,0)        (-0.963538,0)       (0.26474,0)         (0.4,0)             
(1.05053,0)         (0.348593,0)        (-0.929759,0)       (0.23724,0)         (0.37,0)            
(1.05354,0)         (0.291782,0)        (-0.884895,0)       (0.267645,0)        (0.32,0)            
(1.04973,0)         (0.364587,0)        (-0.955957,0)       (0.237467,0)        (0.38,0)            
(1.04836,0)         (0.466973,0)        (-1.0155,0)         (0.168871,0)        (0.39,0)            
(1.04703,0)         (0.372363,0)        (-1.00303,0)        (0.259808,0)        (0.41,0)            
(1.0477,0)          (0.384156,0)        (-1.00737,0)        (0.250275,0)        (0.4,0)             
(1.04595,0)         (0.450035,0)        (-1.04238,0)        (0.204,0)           (0.43,0)            
(1.04366,0)         (0.496196,0)        (-1.11715,0)        (0.204113,0)        (0.45,0)            
(1.0414,0)          (0.610709,0)        (-1.16767,0)        (0.116982,0)        (0.48,0)            
(1.0497,0)          (0.462715,0)        (-0.994283,0)       (0.159588,0)        (0.37,0)            
(1.05539,0)         (0.236614,0)        (-0.832551,0)       (0.291486,0)        (0.3,0)             
(1.05186,0)         (0.368768,0)        (-0.915012,0)       (0.206577,0)        (0.35,0)            
(1.0483,0)          (0.404725,0)        (-0.991836,0)       (0.218693,0)        (0.39,0)            
(1.05405,0)         (0.214476,0)        (-0.831515,0)       (0.313984,0)        (0.32,0)            
(1.04458,0)         (0.527988,0)        (-1.09545,0)        (0.156785,0)        (0.44,0)            
(1.04013,0)         (0.626075,0)        (-1.184,0)          (0.111471,0)        (0.5,0)             
(1.04318,0)         (0.566592,0)        (-1.11108,0)        (0.126505,0)        (0.46,0)            
(1.05717,0)         (0.268069,0)        (-0.810985,0)       (0.244602,0)        (0.28,0)            
(1.05088,0)         (0.396891,0)        (-0.945409,0)       (0.196827,0)        (0.36,0)            
(1.04093,0)         (0.611219,0)        (-1.16561,0)        (0.115111,0)        (0.49,0)            
(1.05339,0)         (0.302377,0)        (-0.868845,0)       (0.246163,0)        (0.33,0)            
(1.04948,0)         (0.365609,0)        (-0.965049,0)       (0.242284,0)        (0.38,0)            
(1.04722,0)         (0.410236,0)        (-1.01958,0)        (0.23089,0)         (0.41,0)            
(1.05066,0)         (0.347514,0)        (-0.921309,0)       (0.232898,0)        (0.37,0)            
(1.0567,0)          (0.244146,0)        (-0.802448,0)       (0.26411,0)         (0.29,0)            
(1.04226,0)         (0.605823,0)        (-1.13658,0)        (0.101961,0)        (0.47,0)            
(1.04241,0)         (0.523067,0)        (-1.14103,0)        (0.191449,0)        (0.46,0)            
(1.05214,0)         (0.405958,0)        (-0.935555,0)       (0.180958,0)        (0.34,0)            
(1.04789,0)         (0.44305,0)         (-1.00696,0)        (0.18838,0)         (0.4,0)             
(1.04767,0)         (0.442537,0)        (-0.995807,0)       (0.181691,0)        (0.41,0)            
(1.0593,0)          (0.27225,0)         (-0.77004,0)        (0.213712,0)        (0.25,0)            
(1.05221,0)         (0.369338,0)        (-0.925527,0)       (0.21279,0)         (0.34,0)            
(1.05657,0)         (0.169964,0)        (-0.775701,0)       (0.324426,0)        (0.29,0)            
(1.04808,0)         (0.429783,0)        (-0.994958,0)       (0.19449,0)         (0.4,0)             
(1.03715,0)         (0.553482,0)        (-1.23662,0)        (0.221521,0)        (0.54,0)            
(1.04385,0)         (0.528383,0)        (-1.09467,0)        (0.155865,0)        (0.45,0)            
(1.05434,0)         (0.35136,0)         (-0.893727,0)       (0.211011,0)        (0.31,0)            
(1.04095,0)         (0.624999,0)        (-1.18877,0)        (0.115689,0)        (0.48,0)            
(1.0599,0)          (0.174067,0)        (-0.745579,0)       (0.300626,0)        (0.24,0)            
(1.04748,0)         (0.408077,0)        (-1.00268,0)        (0.222207,0)        (0.41,0)            
(1.04735,0)         (0.433589,0)        (-1.0176,0)         (0.205169,0)        (0.41,0)            
(1.05094,0)         (0.384704,0)        (-0.941852,0)       (0.207279,0)        (0.36,0)            
(1.04664,0)         (0.495491,0)        (-1.04512,0)        (0.158203,0)        (0.41,0)            
(1.0463,0)          (0.497196,0)        (-1.05022,0)        (0.159722,0)        (0.42,0)            
(1.04041,0)         (0.566672,0)        (-1.18647,0)        (0.175237,0)        (0.49,0)            
(1.05113,0)         (0.370299,0)        (-0.922038,0)       (0.209523,0)        (0.36,0)            
(1.04928,0)         (0.474332,0)        (-0.987324,0)       (0.142923,0)        (0.38,0)            
(1.04464,0)         (0.491368,0)        (-1.08542,0)        (0.188616,0)        (0.44,0)            
(1.04219,0)         (0.57142,0)         (-1.14281,0)        (0.142001,0)        (0.47,0)            
(1.05453,0)         (0.262521,0)        (-0.84669,0)        (0.273529,0)        (0.31,0)            
(1.05313,0)         (0.278966,0)        (-0.871465,0)       (0.272361,0)        (0.33,0)            
(1.05472,0)         (0.300393,0)        (-0.863242,0)       (0.244611,0)        (0.31,0)            
(1.05539,0)         (0.308775,0)        (-0.844157,0)       (0.223481,0)        (0.3,0)             
(1.04897,0)         (0.417656,0)        (-1.00398,0)        (0.213026,0)        (0.38,0)            
(1.04471,0)         (0.501339,0)        (-1.07272,0)        (0.169957,0)        (0.44,0)            
(1.04264,0)         (0.533836,0)        (-1.12305,0)        (0.168539,0)        (0.47,0)            
(1.04525,0)         (0.537507,0)        (-1.08417,0)        (0.13952,0)         (0.43,0)            
(1.05406,0)         (0.242009,0)        (-0.861578,0)       (0.304636,0)        (0.32,0)            
(1.04146,0)         (0.572952,0)        (-1.14984,0)        (0.144947,0)        (0.48,0)            
(1.05256,0)         (0.29661,0)         (-0.916629,0)       (0.283142,0)        (0.33,0)            
(1.04776,0)         (0.44413,0)         (-1.01541,0)        (0.192722,0)        (0.4,0)             
(1.04849,0)         (0.396007,0)        (-1.01106,0)        (0.240266,0)        (0.39,0)            
(1.05339,0)         (0.232491,0)        (-0.872855,0)       (0.3219,0)          (0.33,0)            
(1.04029,0)         (0.592185,0)        (-1.20139,0)        (0.158199,0)        (0.49,0)            
(1.0422,0)          (0.572557,0)        (-1.15062,0)        (0.145867,0)        (0.47,0)            
(1.04735,0)         (0.48018,0)         (-1.01493,0)        (0.154677,0)        (0.41,0)            
(1.04658,0)         (0.484383,0)        (-1.05001,0)        (0.172996,0)        (0.41,0)            
(1.04477,0)         (0.512446,0)        (-1.06783,0)        (0.155163,0)        (0.44,0)            
(1.0379,0)          (0.682207,0)        (-1.24608,0)        (0.0929241,0)       (0.52,0)            
(1.04559,0)         (0.512507,0)        (-1.08041,0)        (0.163247,0)        (0.42,0)            
(1.05161,0)         (0.370927,0)        (-0.931911,0)       (0.21526,0)         (0.35,0)            
(1.04525,0)         (0.511937,0)        (-1.06989,0)        (0.157034,0)        (0.43,0)            
(1.05173,0)         (0.319845,0)        (-0.902711,0)       (0.249812,0)        (0.35,0)            
(1.04843,0)         (0.404783,0)        (-0.991195,0)       (0.218217,0)        (0.39,0)            
(1.04763,0)         (0.396344,0)        (-1.01092,0)        (0.239823,0)        (0.4,0)             
(1.05088,0)         (0.396891,0)        (-0.945409,0)       (0.196827,0)        (0.36,0)            
(1.04426,0)         (0.564493,0)        (-1.10676,0)        (0.125905,0)        (0.44,0)            
(1.05246,0)         (0.317486,0)        (-0.887709,0)       (0.242566,0)        (0.34,0)            
