59
e_L                 onsite              nnhop               ospair              nnJastrow           nnnJastrow          
(-7.84,0)           (-1.57244,0)        (0.179774,0)        (1.48237,0)         (-0.98,0)           (0.98,0)            
(-7.88,0)           (-1.58974,0)        (0.187832,0)        (1.48758,0)         (-0.985,0)          (0.985,0)           
(-7.92,0)           (-1.60703,0)        (0.195889,0)        (1.4928,0)          (-0.99,0)           (0.99,0)            
(-7.96,0)           (-1.62432,0)        (0.203946,0)        (1.49802,0)         (-0.995,0)          (0.995,0)           
(-7.84,0)           (-1.57244,0)        (0.179774,0)        (1.48237,0)         (-0.98,0)           (0.98,0)            
(-7.68,0)           (-1.50328,0)        (0.147545,0)        (1.4615,0)          (-0.96,0)           (0.96,0)            
(-8,0)              (-1.64161,0)        (0.212004,0)        (1.50323,0)         (-1,0)              (1,0)               
(-7.76,0)           (-1.55515,0)        (0.157811,0)        (1.5025,0)          (-0.97,0)           (0.97,0)            
(-7.88,0)           (-1.58974,0)        (0.187832,0)        (1.48758,0)         (-0.985,0)          (0.985,0)           
(-7.88,0)           (-1.58974,0)        (0.187832,0)        (1.48758,0)         (-0.985,0)          (0.985,0)           
(-7.44,0)           (-1.4211,0)         (0.067094,0)        (1.51354,0)         (-0.93,0)           (0.935,0)           
(-7.64,0)           (-1.48832,0)        (0.130123,0)        (1.47603,0)         (-0.955,0)          (0.96,0)            
(-7.8,0)            (-1.5533,0)         (0.180205,0)        (1.45955,0)         (-0.975,0)          (0.96,0)            
(-7.88,0)           (-1.58974,0)        (0.187832,0)        (1.48758,0)         (-0.985,0)          (0.985,0)           
(-7.92,0)           (-1.60703,0)        (0.195889,0)        (1.4928,0)          (-0.99,0)           (0.99,0)            
(-7.92,0)           (-1.60703,0)        (0.195889,0)        (1.4928,0)          (-0.99,0)           (0.99,0)            
(-7.88,0)           (-1.58974,0)        (0.187832,0)        (1.48758,0)         (-0.985,0)          (0.985,0)           
(-7.96,0)           (-1.62432,0)        (0.203946,0)        (1.49802,0)         (-0.995,0)          (0.995,0)           
(-7.96,0)           (-1.62432,0)        (0.203946,0)        (1.49802,0)         (-0.995,0)          (0.995,0)           
(-7.88,0)           (-1.58974,0)        (0.187832,0)        (1.48758,0)         (-0.985,0)          (0.985,0)           
(-7.92,0)           (-1.66409,0)        (0.199317,0)        (1.55224,0)         (-0.99,0)           (0.99,0)            
(-7.8,0)            (-1.55454,0)        (0.174546,0)        (1.47128,0)         (-0.975,0)          (0.97,0)            
(-7.68,0)           (-1.50328,0)        (0.147545,0)        (1.4615,0)          (-0.96,0)           (0.96,0)            
(-7.88,0)           (-1.61827,0)        (0.189545,0)        (1.5173,0)          (-0.985,0)          (0.985,0)           
(-7.96,0)           (-1.62432,0)        (0.203946,0)        (1.49802,0)         (-0.995,0)          (0.995,0)           
(-7.8,0)            (-1.55515,0)        (0.171717,0)        (1.47715,0)         (-0.975,0)          (0.975,0)           
(-8,0)              (-1.64161,0)        (0.212004,0)        (1.50323,0)         (-1,0)              (1,0)               
(-7.76,0)           (-1.53786,0)        (0.16366,0)         (1.47193,0)         (-0.97,0)           (0.97,0)            
(-7.68,0)           (-1.50561,0)        (0.13818,0)         (1.48125,0)         (-0.96,0)           (0.965,0)           
(-7.92,0)           (-1.60703,0)        (0.195889,0)        (1.4928,0)          (-0.99,0)           (0.99,0)            
(-7.76,0)           (-1.53786,0)        (0.16366,0)         (1.47193,0)         (-0.97,0)           (0.97,0)            
(-7.6,0)            (-1.48366,0)        (0.134947,0)        (1.46187,0)         (-0.95,0)           (0.945,0)           
(-7.8,0)            (-1.55515,0)        (0.171717,0)        (1.47715,0)         (-0.975,0)          (0.975,0)           
(-7.84,0)           (-1.57244,0)        (0.179774,0)        (1.48237,0)         (-0.98,0)           (0.98,0)            
(-7.48,0)           (-1.46035,0)        (0.118198,0)        (1.46557,0)         (-0.935,0)          (0.905,0)           
(-7.44,0)           (-1.39953,0)        (0.0992018,0)       (1.43019,0)         (-0.93,0)           (0.93,0)            
(-7.76,0)           (-1.54019,0)        (0.154295,0)        (1.49168,0)         (-0.97,0)           (0.975,0)           
(-7.88,0)           (-1.58974,0)        (0.187832,0)        (1.48758,0)         (-0.985,0)          (0.985,0)           
(-7.56,0)           (-1.47103,0)        (0.10816,0)         (1.49616,0)         (-0.945,0)          (0.95,0)            
(-7.72,0)           (-1.52105,0)        (0.154726,0)        (1.46886,0)         (-0.965,0)          (0.955,0)           
(-7.64,0)           (-1.57158,0)        (0.144629,0)        (1.54543,0)         (-0.955,0)          (0.955,0)           
(-7.8,0)            (-1.55515,0)        (0.171717,0)        (1.47715,0)         (-0.975,0)          (0.975,0)           
(-7.76,0)           (-1.53786,0)        (0.16366,0)         (1.47193,0)         (-0.97,0)           (0.97,0)            
(-7.72,0)           (-1.54865,0)        (0.167513,0)        (1.47733,0)         (-0.965,0)          (0.945,0)           
(-7.96,0)           (-1.62432,0)        (0.203946,0)        (1.49802,0)         (-0.995,0)          (0.995,0)           
(-7.8,0)            (-1.55748,0)        (0.162352,0)        (1.4969,0)          (-0.975,0)          (0.98,0)            
(-7.88,0)           (-1.58974,0)        (0.187832,0)        (1.48758,0)         (-0.985,0)          (0.985,0)           
(-7.92,0)           (-1.60703,0)        (0.195889,0)        (1.4928,0)          (-0.99,0)           (0.99,0)            
(-8,0)              (-1.64161,0)        (0.212004,0)        (1.50323,0)         (-1,0)              (1,0)               
(-7.92,0)           (-1.60703,0)        (0.195889,0)        (1.4928,0)          (-0.99,0)           (0.99,0)            
(-7.84,0)           (-1.60036,0)        (0.184318,0)        (1.50622,0)         (-0.98,0)           (0.975,0)           
(-7.64,0)           (-1.48476,0)        (0.145147,0)        (1.44454,0)         (-0.955,0)          (0.945,0)           
(-7.8,0)            (-1.55515,0)        (0.171717,0)        (1.47715,0)         (-0.975,0)          (0.975,0)           
(-7.28,0)           (-1.40747,0)        (0.0574585,0)       (1.51541,0)         (-0.91,0)           (0.89,0)            
(-6.84,0)           (-1.17839,0)        (-0.0547785,0)      (1.45631,0)         (-0.855,0)          (0.84,0)            
(-7.96,0)           (-1.62432,0)        (0.203946,0)        (1.49802,0)         (-0.995,0)          (0.995,0)           
(-7.64,0)           (-1.51685,0)        (0.131837,0)        (1.50575,0)         (-0.955,0)          (0.96,0)            
(-7.72,0)           (-1.52607,0)        (0.127295,0)        (1.52464,0)         (-0.965,0)          (0.975,0)           
(-7.88,0)           (-1.58974,0)        (0.187832,0)        (1.48758,0)         (-0.985,0)          (0.985,0)           
(-7.92,0)           (-1.60703,0)        (0.195889,0)        (1.4928,0)          (-0.99,0)           (0.99,0)            
(-7.52,0)           (-1.44908,0)        (0.118833,0)        (1.45144,0)         (-0.94,0)           (0.935,0)           
(-7.8,0)            (-1.55515,0)        (0.171717,0)        (1.47715,0)         (-0.975,0)          (0.975,0)           
(-7.56,0)           (-1.45141,0)        (0.123374,0)        (1.44584,0)         (-0.945,0)          (0.945,0)           
(-7.76,0)           (-1.53786,0)        (0.16366,0)         (1.47193,0)         (-0.97,0)           (0.97,0)            
(-7.96,0)           (-1.62432,0)        (0.203946,0)        (1.49802,0)         (-0.995,0)          (0.995,0)           
(-8,0)              (-1.64161,0)        (0.212004,0)        (1.50323,0)         (-1,0)              (1,0)               
(-7.92,0)           (-1.60703,0)        (0.195889,0)        (1.4928,0)          (-0.99,0)           (0.99,0)            
(-7.88,0)           (-1.58974,0)        (0.187832,0)        (1.48758,0)         (-0.985,0)          (0.985,0)           
(-7.4,0)            (-1.38738,0)        (0.0715375,0)       (1.46663,0)         (-0.925,0)          (0.925,0)           
(-7.52,0)           (-1.60729,0)        (0.122053,0)        (1.62769,0)         (-0.94,0)           (0.93,0)            
(-7.92,0)           (-1.60703,0)        (0.195889,0)        (1.4928,0)          (-0.99,0)           (0.99,0)            
(-7.96,0)           (-1.65285,0)        (0.20566,0)         (1.52774,0)         (-0.995,0)          (0.995,0)           
(-7.56,0)           (-1.47994,0)        (0.125087,0)        (1.47556,0)         (-0.945,0)          (0.945,0)           
(-7.8,0)            (-1.61221,0)        (0.175145,0)        (1.53658,0)         (-0.975,0)          (0.975,0)           
(-8,0)              (-1.64161,0)        (0.212004,0)        (1.50323,0)         (-1,0)              (1,0)               
(-7.76,0)           (-1.54019,0)        (0.154295,0)        (1.49168,0)         (-0.97,0)           (0.975,0)           
(-7.44,0)           (-1.414,0)          (0.108439,0)        (1.43001,0)         (-0.93,0)           (0.9,0)             
(-7.84,0)           (-1.57244,0)        (0.179774,0)        (1.48237,0)         (-0.98,0)           (0.98,0)            
(-7.84,0)           (-1.57244,0)        (0.179774,0)        (1.48237,0)         (-0.98,0)           (0.98,0)            
(-7.92,0)           (-1.60579,0)        (0.201548,0)        (1.48107,0)         (-0.99,0)           (0.98,0)            
(-8,0)              (-1.64161,0)        (0.212004,0)        (1.50323,0)         (-1,0)              (1,0)               
(-7.76,0)           (-1.53859,0)        (0.155305,0)        (1.488,0)           (-0.97,0)           (0.97,0)            
(-7.76,0)           (-1.53786,0)        (0.16366,0)         (1.47193,0)         (-0.97,0)           (0.97,0)            
(-7.72,0)           (-1.52057,0)        (0.155603,0)        (1.46671,0)         (-0.965,0)          (0.965,0)           
(-7.72,0)           (-1.5229,0)         (0.146238,0)        (1.48647,0)         (-0.965,0)          (0.97,0)            
(-7.92,0)           (-1.60703,0)        (0.195889,0)        (1.4928,0)          (-0.99,0)           (0.99,0)            
(-8,0)              (-1.64161,0)        (0.212004,0)        (1.50323,0)         (-1,0)              (1,0)               
(-7.84,0)           (-1.57244,0)        (0.179774,0)        (1.48237,0)         (-0.98,0)           (0.98,0)            
(-7.76,0)           (-1.55392,0)        (0.16347,0)         (1.49076,0)         (-0.97,0)           (0.96,0)            
(-7.8,0)            (-1.61221,0)        (0.175145,0)        (1.53658,0)         (-0.975,0)          (0.975,0)           
(-7.88,0)           (-1.58974,0)        (0.187832,0)        (1.48758,0)         (-0.985,0)          (0.985,0)           
(-7.72,0)           (-1.52057,0)        (0.155603,0)        (1.46671,0)         (-0.965,0)          (0.965,0)           
(-7.88,0)           (-1.58974,0)        (0.187832,0)        (1.48758,0)         (-0.985,0)          (0.985,0)           
(-7.76,0)           (-1.56639,0)        (0.165374,0)        (1.50165,0)         (-0.97,0)           (0.97,0)            
(-7.52,0)           (-1.50801,0)        (0.126702,0)        (1.50493,0)         (-0.94,0)           (0.915,0)           
(-8,0)              (-1.64161,0)        (0.212004,0)        (1.50323,0)         (-1,0)              (1,0)               
(-7.68,0)           (-1.50634,0)        (0.129825,0)        (1.49732,0)         (-0.96,0)           (0.965,0)           
(-7.92,0)           (-1.60703,0)        (0.195889,0)        (1.4928,0)          (-0.99,0)           (0.99,0)            
(-7.64,0)           (-1.48537,0)        (0.142317,0)        (1.45041,0)         (-0.955,0)          (0.95,0)            
(-7.96,0)           (-1.62432,0)        (0.203946,0)        (1.49802,0)         (-0.995,0)          (0.995,0)           
(-7.92,0)           (-1.60703,0)        (0.195889,0)        (1.4928,0)          (-0.99,0)           (0.99,0)            
(-7.76,0)           (-1.53786,0)        (0.16366,0)         (1.47193,0)         (-0.97,0)           (0.97,0)            
(-7.92,0)           (-1.65052,0)        (0.201119,0)        (1.53333,0)         (-0.99,0)           (0.985,0)           
(-7.64,0)           (-1.49065,0)        (0.120758,0)        (1.49578,0)         (-0.955,0)          (0.965,0)           
(-7.76,0)           (-1.53663,0)        (0.169319,0)        (1.4602,0)          (-0.97,0)           (0.96,0)            
(-7.56,0)           (-1.51251,0)        (0.1109,0)          (1.53892,0)         (-0.945,0)          (0.95,0)            
(-7.68,0)           (-1.50561,0)        (0.13818,0)         (1.48125,0)         (-0.96,0)           (0.965,0)           
(-7.64,0)           (-1.5264,0)         (0.155254,0)        (1.47406,0)         (-0.955,0)          (0.93,0)            
(-7.72,0)           (-1.5491,0)         (0.157316,0)        (1.49643,0)         (-0.965,0)          (0.965,0)           
(-7.84,0)           (-1.57244,0)        (0.179774,0)        (1.48237,0)         (-0.98,0)           (0.98,0)            
(-7.68,0)           (-1.50266,0)        (0.150375,0)        (1.45563,0)         (-0.96,0)           (0.955,0)           
(-7.84,0)           (-1.57244,0)        (0.179774,0)        (1.48237,0)         (-0.98,0)           (0.98,0)            
(-7.88,0)           (-1.58974,0)        (0.187832,0)        (1.48758,0)         (-0.985,0)          (0.985,0)           
(-7.84,0)           (-1.57244,0)        (0.179774,0)        (1.48237,0)         (-0.98,0)           (0.98,0)            
(-7.6,0)            (-1.49723,0)        (0.133145,0)        (1.48078,0)         (-0.95,0)           (0.95,0)            
(-7.8,0)            (-1.61221,0)        (0.175145,0)        (1.53658,0)         (-0.975,0)          (0.975,0)           
(-7.96,0)           (-1.62432,0)        (0.203946,0)        (1.49802,0)         (-0.995,0)          (0.995,0)           
(-7.96,0)           (-1.62432,0)        (0.203946,0)        (1.49802,0)         (-0.995,0)          (0.995,0)           
(-7.72,0)           (-1.5491,0)         (0.157316,0)        (1.49643,0)         (-0.965,0)          (0.965,0)           
(-7.84,0)           (-1.57244,0)        (0.179774,0)        (1.48237,0)         (-0.98,0)           (0.98,0)            
(-7.76,0)           (-1.55665,0)        (0.153092,0)        (1.51282,0)         (-0.97,0)           (0.975,0)           
(-7.92,0)           (-1.60703,0)        (0.195889,0)        (1.4928,0)          (-0.99,0)           (0.99,0)            
(-7.76,0)           (-1.53786,0)        (0.16366,0)         (1.47193,0)         (-0.97,0)           (0.97,0)            
(-7.68,0)           (-1.61757,0)        (0.161768,0)        (1.56713,0)         (-0.96,0)           (0.945,0)           
(-7.48,0)           (-1.433,0)          (0.102692,0)        (1.46235,0)         (-0.935,0)          (0.93,0)            
(-7.8,0)            (-1.58441,0)        (0.165076,0)        (1.52293,0)         (-0.975,0)          (0.975,0)           
(-7.96,0)           (-1.62432,0)        (0.203946,0)        (1.49802,0)         (-0.995,0)          (0.995,0)           
(-7.52,0)           (-1.46732,0)        (0.113039,0)        (1.48299,0)         (-0.94,0)           (0.935,0)           
(-7.8,0)            (-1.58368,0)        (0.173431,0)        (1.50687,0)         (-0.975,0)          (0.975,0)           
(-8,0)              (-1.64161,0)        (0.212004,0)        (1.50323,0)         (-1,0)              (1,0)               
(-7.88,0)           (-1.58912,0)        (0.190661,0)        (1.48172,0)         (-0.985,0)          (0.98,0)            
(-7.44,0)           (-1.41203,0)        (0.114035,0)        (1.41754,0)         (-0.93,0)           (0.905,0)           
(-7.96,0)           (-1.62432,0)        (0.203946,0)        (1.49802,0)         (-0.995,0)          (0.995,0)           
(-7.92,0)           (-1.63494,0)        (0.200432,0)        (1.51665,0)         (-0.99,0)           (0.985,0)           
(-7.96,0)           (-1.62432,0)        (0.203946,0)        (1.49802,0)         (-0.995,0)          (0.995,0)           
(-7.68,0)           (-1.53786,0)        (0.135848,0)        (1.52263,0)         (-0.96,0)           (0.96,0)            
(-7.96,0)           (-1.62432,0)        (0.203946,0)        (1.49802,0)         (-0.995,0)          (0.995,0)           
(-7.64,0)           (-1.51452,0)        (0.141202,0)        (1.486,0)           (-0.955,0)          (0.955,0)           
(-7.88,0)           (-1.59207,0)        (0.178467,0)        (1.50734,0)         (-0.985,0)          (0.99,0)            
(-7.92,0)           (-1.60703,0)        (0.195889,0)        (1.4928,0)          (-0.99,0)           (0.99,0)            
(-7.72,0)           (-1.52057,0)        (0.155603,0)        (1.46671,0)         (-0.965,0)          (0.965,0)           
(-7.8,0)            (-1.5587,0)         (0.154269,0)        (1.51303,0)         (-0.975,0)          (0.98,0)            
(-7.08,0)           (-1.28831,0)        (0.0429564,0)       (1.40468,0)         (-0.885,0)          (0.845,0)           
(-7.72,0)           (-1.57763,0)        (0.15903,0)         (1.52615,0)         (-0.965,0)          (0.965,0)           
(-7.6,0)            (-1.48366,0)        (0.134947,0)        (1.46187,0)         (-0.95,0)           (0.945,0)           
(-7.76,0)           (-1.56712,0)        (0.157018,0)        (1.51772,0)         (-0.97,0)           (0.97,0)            
(-7.88,0)           (-1.58974,0)        (0.187832,0)        (1.48758,0)         (-0.985,0)          (0.985,0)           
(-7.76,0)           (-1.53786,0)        (0.16366,0)         (1.47193,0)         (-0.97,0)           (0.97,0)            
(-7.64,0)           (-1.4877,0)         (0.132952,0)        (1.47016,0)         (-0.955,0)          (0.955,0)           
(-7.8,0)            (-1.57012,0)        (0.175233,0)        (1.48796,0)         (-0.975,0)          (0.97,0)            
(-7.64,0)           (-1.48832,0)        (0.130123,0)        (1.47603,0)         (-0.955,0)          (0.96,0)            
(-7.84,0)           (-1.58741,0)        (0.183291,0)        (1.49318,0)         (-0.98,0)           (0.975,0)           
(-7.92,0)           (-1.60703,0)        (0.195889,0)        (1.4928,0)          (-0.99,0)           (0.99,0)            
(-7.76,0)           (-1.53786,0)        (0.16366,0)         (1.47193,0)         (-0.97,0)           (0.97,0)            
(-7.88,0)           (-1.58974,0)        (0.187832,0)        (1.48758,0)         (-0.985,0)          (0.985,0)           
(-7.96,0)           (-1.62432,0)        (0.203946,0)        (1.49802,0)         (-0.995,0)          (0.995,0)           
(-7.84,0)           (-1.57244,0)        (0.179774,0)        (1.48237,0)         (-0.98,0)           (0.98,0)            
(-7.52,0)           (-1.47949,0)        (0.121378,0)        (1.4818,0)          (-0.94,0)           (0.92,0)            
(-7.96,0)           (-1.62432,0)        (0.203946,0)        (1.49802,0)         (-0.995,0)          (0.995,0)           
(-7.84,0)           (-1.57244,0)        (0.179774,0)        (1.48237,0)         (-0.98,0)           (0.98,0)            
(-7.48,0)           (-1.44517,0)        (0.120109,0)        (1.44461,0)         (-0.935,0)          (0.91,0)            
(-7.96,0)           (-1.62432,0)        (0.203946,0)        (1.49802,0)         (-0.995,0)          (0.995,0)           
(-7.8,0)            (-1.61221,0)        (0.175145,0)        (1.53658,0)         (-0.975,0)          (0.975,0)           
(-7.8,0)            (-1.58368,0)        (0.173431,0)        (1.50687,0)         (-0.975,0)          (0.975,0)           
(-7.52,0)           (-1.43645,0)        (0.105951,0)        (1.46038,0)         (-0.94,0)           (0.945,0)           
(-7.84,0)           (-1.57183,0)        (0.182604,0)        (1.4765,0)          (-0.98,0)           (0.975,0)           
(-8,0)              (-1.64161,0)        (0.212004,0)        (1.50323,0)         (-1,0)              (1,0)               
(-7.8,0)            (-1.55748,0)        (0.162352,0)        (1.4969,0)          (-0.975,0)          (0.98,0)            
(-7.88,0)           (-1.58974,0)        (0.187832,0)        (1.48758,0)         (-0.985,0)          (0.985,0)           
(-7.72,0)           (-1.52057,0)        (0.155603,0)        (1.46671,0)         (-0.965,0)          (0.965,0)           
(-7.8,0)            (-1.55515,0)        (0.171717,0)        (1.47715,0)         (-0.975,0)          (0.975,0)           
(-7.84,0)           (-1.57244,0)        (0.179774,0)        (1.48237,0)         (-0.98,0)           (0.98,0)            
(-7.88,0)           (-1.58974,0)        (0.187832,0)        (1.48758,0)         (-0.985,0)          (0.985,0)           
(-7.88,0)           (-1.58974,0)        (0.187832,0)        (1.48758,0)         (-0.985,0)          (0.985,0)           
(-7.16,0)           (-1.35343,0)        (0.0371314,0)       (1.49027,0)         (-0.895,0)          (0.875,0)           
(-8,0)              (-1.64161,0)        (0.212004,0)        (1.50323,0)         (-1,0)              (1,0)               
(-7.88,0)           (-1.58974,0)        (0.187832,0)        (1.48758,0)         (-0.985,0)          (0.985,0)           
(-7.68,0)           (-1.50794,0)        (0.128815,0)        (1.501,0)           (-0.96,0)           (0.97,0)            
(-7.52,0)           (-1.45017,0)        (0.115126,0)        (1.45946,0)         (-0.94,0)           (0.93,0)            
(-7.72,0)           (-1.5229,0)         (0.146238,0)        (1.48647,0)         (-0.965,0)          (0.97,0)            
(-7.8,0)            (-1.58368,0)        (0.173431,0)        (1.50687,0)         (-0.975,0)          (0.975,0)           
(-7.88,0)           (-1.58974,0)        (0.187832,0)        (1.48758,0)         (-0.985,0)          (0.985,0)           
(-7.68,0)           (-1.56034,0)        (0.150973,0)        (1.52093,0)         (-0.96,0)           (0.96,0)            
(-7.88,0)           (-1.6468,0)         (0.191259,0)        (1.54702,0)         (-0.985,0)          (0.985,0)           
(-7.72,0)           (-1.57763,0)        (0.15903,0)         (1.52615,0)         (-0.965,0)          (0.965,0)           
(-7.84,0)           (-1.57244,0)        (0.179774,0)        (1.48237,0)         (-0.98,0)           (0.98,0)            
(-7.92,0)           (-1.60703,0)        (0.195889,0)        (1.4928,0)          (-0.99,0)           (0.99,0)            
(-7.92,0)           (-1.60703,0)        (0.195889,0)        (1.4928,0)          (-0.99,0)           (0.99,0)            
(-7.72,0)           (-1.53725,0)        (0.148973,0)        (1.498,0)           (-0.965,0)          (0.965,0)           
(-7.64,0)           (-1.48832,0)        (0.130123,0)        (1.47603,0)         (-0.955,0)          (0.96,0)            
(-7.52,0)           (-1.45374,0)        (0.100103,0)        (1.49095,0)         (-0.94,0)           (0.945,0)           
(-7.64,0)           (-1.4829,0)         (0.153635,0)        (1.42694,0)         (-0.955,0)          (0.93,0)            
(-7.96,0)           (-1.62432,0)        (0.203946,0)        (1.49802,0)         (-0.995,0)          (0.995,0)           
(-7.56,0)           (-1.46514,0)        (0.128938,0)        (1.45151,0)         (-0.945,0)          (0.935,0)           
(-7.92,0)           (-1.60703,0)        (0.195889,0)        (1.4928,0)          (-0.99,0)           (0.99,0)            
(-7.92,0)           (-1.60703,0)        (0.195889,0)        (1.4928,0)          (-0.99,0)           (0.99,0)            
(-7.88,0)           (-1.58974,0)        (0.187832,0)        (1.48758,0)         (-0.985,0)          (0.985,0)           
(-7.92,0)           (-1.60703,0)        (0.195889,0)        (1.4928,0)          (-0.99,0)           (0.99,0)            
(-7.84,0)           (-1.57244,0)        (0.179774,0)        (1.48237,0)         (-0.98,0)           (0.98,0)            
(-7.96,0)           (-1.62432,0)        (0.203946,0)        (1.49802,0)         (-0.995,0)          (0.995,0)           
(-7.56,0)           (-1.49789,0)        (0.118508,0)        (1.50821,0)         (-0.945,0)          (0.93,0)            
(-7.84,0)           (-1.62772,0)        (0.185033,0)        (1.53641,0)         (-0.98,0)           (0.98,0)            
(-7.96,0)           (-1.62432,0)        (0.203946,0)        (1.49802,0)         (-0.995,0)          (0.995,0)           
(-7.6,0)            (-1.4687,0)         (0.131431,0)        (1.45106,0)         (-0.95,0)           (0.95,0)            
(-7.72,0)           (-1.5229,0)         (0.146238,0)        (1.48647,0)         (-0.965,0)          (0.97,0)            
(-7.76,0)           (-1.53786,0)        (0.16366,0)         (1.47193,0)         (-0.97,0)           (0.97,0)            
(-7.64,0)           (-1.51626,0)        (0.133686,0)        (1.5017,0)          (-0.955,0)          (0.95,0)            
(-7.16,0)           (-1.39801,0)        (0.0457191,0)       (1.52592,0)         (-0.895,0)          (0.87,0)            
(-7.72,0)           (-1.52057,0)        (0.155603,0)        (1.46671,0)         (-0.965,0)          (0.965,0)           
(-7.84,0)           (-1.60098,0)        (0.181488,0)        (1.51208,0)         (-0.98,0)           (0.98,0)            
(-7.76,0)           (-1.53786,0)        (0.16366,0)         (1.47193,0)         (-0.97,0)           (0.97,0)            
(-7.4,0)            (-1.42282,0)        (0.117888,0)        (1.42293,0)         (-0.925,0)          (0.88,0)            
(-8,0)              (-1.64161,0)        (0.212004,0)        (1.50323,0)         (-1,0)              (1,0)               
(-7.76,0)           (-1.53786,0)        (0.16366,0)         (1.47193,0)         (-0.97,0)           (0.97,0)            
(-7.56,0)           (-1.49789,0)        (0.122916,0)        (1.50018,0)         (-0.945,0)          (0.94,0)            
(-7.6,0)            (-1.48599,0)        (0.125582,0)        (1.48163,0)         (-0.95,0)           (0.95,0)            
(-7.88,0)           (-1.58974,0)        (0.187832,0)        (1.48758,0)         (-0.985,0)          (0.985,0)           
(-7.72,0)           (-1.52057,0)        (0.155603,0)        (1.46671,0)         (-0.965,0)          (0.965,0)           
(-7.96,0)           (-1.62432,0)        (0.203946,0)        (1.49802,0)         (-0.995,0)          (0.995,0)           
(-7.96,0)           (-1.62432,0)        (0.203946,0)        (1.49802,0)         (-0.995,0)          (0.995,0)           
(-7.44,0)           (-1.40419,0)        (0.0804719,0)       (1.4697,0)          (-0.93,0)           (0.94,0)            
(-7.6,0)            (-1.47336,0)        (0.112701,0)        (1.49057,0)         (-0.95,0)           (0.96,0)            
(-7.84,0)           (-1.57244,0)        (0.179774,0)        (1.48237,0)         (-0.98,0)           (0.98,0)            
(-7.84,0)           (-1.57121,0)        (0.185433,0)        (1.47063,0)         (-0.98,0)           (0.97,0)            
(-7.64,0)           (-1.51478,0)        (0.141899,0)        (1.48503,0)         (-0.955,0)          (0.955,0)           
(-7.72,0)           (-1.57719,0)        (0.165617,0)        (1.51363,0)         (-0.965,0)          (0.95,0)            
(-7.88,0)           (-1.58974,0)        (0.187832,0)        (1.48758,0)         (-0.985,0)          (0.985,0)           
(-7.8,0)            (-1.55748,0)        (0.162352,0)        (1.4969,0)          (-0.975,0)          (0.98,0)            
(-7.84,0)           (-1.57244,0)        (0.179774,0)        (1.48237,0)         (-0.98,0)           (0.98,0)            
(-7.76,0)           (-1.53725,0)        (0.166489,0)        (1.46606,0)         (-0.97,0)           (0.965,0)           
(-7.96,0)           (-1.62432,0)        (0.203946,0)        (1.49802,0)         (-0.995,0)          (0.995,0)           
(-7.68,0)           (-1.51701,0)        (0.15672,0)         (1.46057,0)         (-0.96,0)           (0.945,0)           
(-7.96,0)           (-1.62432,0)        (0.203946,0)        (1.49802,0)         (-0.995,0)          (0.995,0)           
(-7.72,0)           (-1.54848,0)        (0.160146,0)        (1.49056,0)         (-0.965,0)          (0.96,0)            
(-7.84,0)           (-1.57244,0)        (0.179774,0)        (1.48237,0)         (-0.98,0)           (0.98,0)            
(-7.88,0)           (-1.58974,0)        (0.187832,0)        (1.48758,0)         (-0.985,0)          (0.985,0)           
(-7.64,0)           (-1.48832,0)        (0.130123,0)        (1.47603,0)         (-0.955,0)          (0.96,0)            
(-7.52,0)           (-1.44194,0)        (0.0776438,0)       (1.51831,0)         (-0.94,0)           (0.955,0)           
(-7.84,0)           (-1.57244,0)        (0.179774,0)        (1.48237,0)         (-0.98,0)           (0.98,0)            
(-7.92,0)           (-1.60703,0)        (0.195889,0)        (1.4928,0)          (-0.99,0)           (0.99,0)            
(-7.6,0)            (-1.4687,0)         (0.131431,0)        (1.45106,0)         (-0.95,0)           (0.95,0)            
(-7.96,0)           (-1.62432,0)        (0.203946,0)        (1.49802,0)         (-0.995,0)          (0.995,0)           
(-7.68,0)           (-1.50328,0)        (0.147545,0)        (1.4615,0)          (-0.96,0)           (0.96,0)            
(-7.8,0)            (-1.58323,0)        (0.183627,0)        (1.48776,0)         (-0.975,0)          (0.955,0)           
(-7.96,0)           (-1.62432,0)        (0.203946,0)        (1.49802,0)         (-0.995,0)          (0.995,0)           
(-8,0)              (-1.64161,0)        (0.212004,0)        (1.50323,0)         (-1,0)              (1,0)               
(-7.92,0)           (-1.66409,0)        (0.199317,0)        (1.55224,0)         (-0.99,0)           (0.99,0)            
(-7.88,0)           (-1.58974,0)        (0.187832,0)        (1.48758,0)         (-0.985,0)          (0.985,0)           
(-8,0)              (-1.64161,0)        (0.212004,0)        (1.50323,0)         (-1,0)              (1,0)               
(-7.8,0)            (-1.55515,0)        (0.171717,0)        (1.47715,0)         (-0.975,0)          (0.975,0)           
(-7.92,0)           (-1.60703,0)        (0.195889,0)        (1.4928,0)          (-0.99,0)           (0.99,0)            
(-7.72,0)           (-1.52057,0)        (0.155603,0)        (1.46671,0)         (-0.965,0)          (0.965,0)           
(-7.92,0)           (-1.63556,0)        (0.197603,0)        (1.52252,0)         (-0.99,0)           (0.99,0)            
(-7.76,0)           (-1.56639,0)        (0.165374,0)        (1.50165,0)         (-0.97,0)           (0.97,0)            
(-8,0)              (-1.64161,0)        (0.212004,0)        (1.50323,0)         (-1,0)              (1,0)               
(-7.76,0)           (-1.55515,0)        (0.157811,0)        (1.5025,0)          (-0.97,0)           (0.97,0)            
(-7.68,0)           (-1.50328,0)        (0.147545,0)        (1.4615,0)          (-0.96,0)           (0.96,0)            
(-7.12,0)           (-1.29295,0)        (0.0292591,0)       (1.435,0)           (-0.89,0)           (0.875,0)           
(-7.64,0)           (-1.51685,0)        (0.131837,0)        (1.50575,0)         (-0.955,0)          (0.96,0)            
(-7.72,0)           (-1.52057,0)        (0.155603,0)        (1.46671,0)         (-0.965,0)          (0.965,0)           
(-7.96,0)           (-1.62432,0)        (0.203946,0)        (1.49802,0)         (-0.995,0)          (0.995,0)           
(-7.92,0)           (-1.60703,0)        (0.195889,0)        (1.4928,0)          (-0.99,0)           (0.99,0)            
(-7.64,0)           (-1.49186,0)        (0.112675,0)        (1.51191,0)         (-0.955,0)          (0.965,0)           
(-7.24,0)           (-1.38853,0)        (0.0491777,0)       (1.50871,0)         (-0.905,0)          (0.905,0)           
(-7.92,0)           (-1.60703,0)        (0.195889,0)        (1.4928,0)          (-0.99,0)           (0.99,0)            
(-7.88,0)           (-1.58974,0)        (0.187832,0)        (1.48758,0)         (-0.985,0)          (0.985,0)           
(-7.8,0)            (-1.55515,0)        (0.171717,0)        (1.47715,0)         (-0.975,0)          (0.975,0)           
(-7.8,0)            (-1.55748,0)        (0.162352,0)        (1.4969,0)          (-0.975,0)          (0.98,0)            
(-7.88,0)           (-1.58974,0)        (0.187832,0)        (1.48758,0)         (-0.985,0)          (0.985,0)           
(-7.96,0)           (-1.62432,0)        (0.203946,0)        (1.49802,0)         (-0.995,0)          (0.995,0)           
(-7.44,0)           (-1.42026,0)        (0.0766716,0)       (1.49512,0)         (-0.93,0)           (0.935,0)           
(-7.8,0)            (-1.58307,0)        (0.17626,0)         (1.501,0)           (-0.975,0)          (0.97,0)            
(-7.76,0)           (-1.62345,0)        (0.168801,0)        (1.56108,0)         (-0.97,0)           (0.97,0)            
(-7.88,0)           (-1.58974,0)        (0.187832,0)        (1.48758,0)         (-0.985,0)          (0.985,0)           
(-7.6,0)            (-1.49995,0)        (0.127449,0)        (1.4943,0)          (-0.95,0)           (0.945,0)           
(-7.96,0)           (-1.62432,0)        (0.203946,0)        (1.49802,0)         (-0.995,0)          (0.995,0)           
(-7.48,0)           (-1.47855,0)        (0.0919567,0)       (1.53435,0)         (-0.935,0)          (0.945,0)           
(-7.64,0)           (-1.51651,0)        (0.137656,0)        (1.49476,0)         (-0.955,0)          (0.945,0)           
(-7.4,0)            (-1.47108,0)        (0.0919839,0)       (1.52571,0)         (-0.925,0)          (0.92,0)            
(-7.96,0)           (-1.62432,0)        (0.203946,0)        (1.49802,0)         (-0.995,0)          (0.995,0)           
(-7.92,0)           (-1.60703,0)        (0.195889,0)        (1.4928,0)          (-0.99,0)           (0.99,0)            
(-7.56,0)           (-1.46808,0)        (0.120354,0)        (1.47054,0)         (-0.945,0)          (0.94,0)            
(-7.8,0)            (-1.57012,0)        (0.175233,0)        (1.48796,0)         (-0.975,0)          (0.97,0)            
(-7.84,0)           (-1.57244,0)        (0.179774,0)        (1.48237,0)         (-0.98,0)           (0.98,0)            
(-7.72,0)           (-1.52523,0)        (0.136873,0)        (1.50622,0)         (-0.965,0)          (0.975,0)           
(-7.64,0)           (-1.51685,0)        (0.131837,0)        (1.50575,0)         (-0.955,0)          (0.96,0)            
(-7.88,0)           (-1.58974,0)        (0.187832,0)        (1.48758,0)         (-0.985,0)          (0.985,0)           
(-7.84,0)           (-1.60036,0)        (0.184318,0)        (1.50622,0)         (-0.98,0)           (0.975,0)           
(-7.8,0)            (-1.58368,0)        (0.173431,0)        (1.50687,0)         (-0.975,0)          (0.975,0)           
(-7.88,0)           (-1.58974,0)        (0.187832,0)        (1.48758,0)         (-0.985,0)          (0.985,0)           
(-7.72,0)           (-1.52461,0)        (0.139702,0)        (1.50035,0)         (-0.965,0)          (0.97,0)            
(-7.68,0)           (-1.50328,0)        (0.147545,0)        (1.4615,0)          (-0.96,0)           (0.96,0)            
(-7.68,0)           (-1.50328,0)        (0.147545,0)        (1.4615,0)          (-0.96,0)           (0.96,0)            
(-7.96,0)           (-1.62432,0)        (0.203946,0)        (1.49802,0)         (-0.995,0)          (0.995,0)           
(-7.8,0)            (-1.55515,0)        (0.171717,0)        (1.47715,0)         (-0.975,0)          (0.975,0)           
(-7.88,0)           (-1.58974,0)        (0.187832,0)        (1.48758,0)         (-0.985,0)          (0.985,0)           
(-7.56,0)           (-1.48067,0)        (0.116732,0)        (1.49163,0)         (-0.945,0)          (0.945,0)           
(-7.72,0)           (-1.5491,0)         (0.157316,0)        (1.49643,0)         (-0.965,0)          (0.965,0)           
(-8,0)              (-1.64161,0)        (0.212004,0)        (1.50323,0)         (-1,0)              (1,0)               
(-7.96,0)           (-1.62432,0)        (0.203946,0)        (1.49802,0)         (-0.995,0)          (0.995,0)           
