108
e_L                 onsite              nnhop               ospair              nnpair              
(0.5,0)             (0.0362693,0)       (-0.0582983,0)      (0.0283427,0)       (-0.00470079,0)     
(0.5,0)             (0.01049,0)         (-0.0568282,0)      (0.0431684,0)       (-0.0263388,0)      
(0.5,0)             (0.0241515,0)       (-0.084681,0)       (0.0590012,0)       (-0.0317931,0)      
(0.5,0)             (-0.00446152,0)     (-0.0482402,0)      (0.0449986,0)       (-0.0340539,0)      
(0.5,0)             (0.00864313,0)      (-0.0457644,0)      (0.0346419,0)       (-0.02104,0)        
(0.5,0)             (0.00550616,0)      (-0.0539655,0)      (0.0437785,0)       (-0.0289105,0)      
(0.5,0)             (0.0387612,0)       (-0.0597296,0)      (0.0280376,0)       (-0.00341494,0)     
(0.5,0)             (-0.0250419,0)      (-0.0464219,0)      (0.0562704,0)       (-0.0509254,0)      
(0.5,0)             (-0.00553659,0)     (-0.0642942,0)      (0.0597178,0)       (-0.0450284,0)      
(0.5,0)             (0.0179658,0)       (-0.0611222,0)      (0.0422533,0)       (-0.0224813,0)      
(0.5,0)             (-0.00110955,0)     (-0.0368283,0)      (0.0329182,0)       (-0.0239885,0)      
(0.5,0)             (0.00799809,0)      (-0.0553968,0)      (0.0434734,0)       (-0.0276247,0)      
(0.5,0)             (0.043745,0)        (-0.0625923,0)      (0.0274276,0)       (-0.000843244,0)    
(0.5,0)             (-0.0130124,0)      (-0.0600002,0)      (0.0606329,0)       (-0.048886,0)       
(0.5,0)             (-0.00403149,0)     (-0.0418185,0)      (0.0391109,0)       (-0.0296641,0)      
(0.5,0)             (-0.025687,0)       (-0.0560544,0)      (0.0651019,0)       (-0.0575101,0)      
(0.5,0)             (0.0217478,0)       (-0.0432886,0)      (0.0242852,0)       (-0.00802609,0)     
(0.5,0)             (0.0183958,0)       (-0.0547005,0)      (0.0363656,0)       (-0.0180915,0)      
(0.5,0)             (0.01092,0)         (-0.0504065,0)      (0.0372807,0)       (-0.0219491,0)      
(0.5,0)             (0.0082131,0)       (-0.052186,0)       (0.0405296,0)       (-0.0254298,0)      
(0.5,0)             (-0.0179962,0)      (-0.0571376,0)      (0.061243,0)        (-0.0514576,0)      
(0.5,0)             (-0.00424651,0)     (-0.0450294,0)      (0.0420548,0)       (-0.031859,0)       
(0.5,0)             (0.0125519,0)       (-0.0646811,0)      (0.048751,0)        (-0.0294428,0)      
(0.5,0)             (-0.00489155,0)     (-0.0546618,0)      (0.0508863,0)       (-0.0384437,0)      
(0.5,0)             (-0.00467654,0)     (-0.051451,0)       (0.0479424,0)       (-0.0362488,0)      
(0.5,0)             (0.0208877,0)       (-0.0561319,0)      (0.0360606,0)       (-0.0168057,0)      
(0.5,0)             (-0.0173512,0)      (-0.0475051,0)      (0.0524115,0)       (-0.044873,0)       
(0.5,0)             (0.01006,0)         (-0.0632498,0)      (0.0490561,0)       (-0.0307286,0)      
(0.5,0)             (0.0161189,0)       (-0.0500584,0)      (0.0337268,0)       (-0.0171825,0)      
(0.5,0)             (0.0299954,0)       (-0.0747005,0)      (0.0466158,0)       (-0.0204419,0)      
(0.5,0)             (0.0211027,0)       (-0.0529211,0)      (0.0331167,0)       (-0.0146108,0)      
(0.5,0)             (-0.0078135,0)      (-0.0596521,0)      (0.057079,0)        (-0.0441194,0)      
(0.5,0)             (0.00301424,0)      (-0.0525342,0)      (0.0440835,0)       (-0.0301964,0)      
(0.5,0)             (0.000737335,0)     (-0.047892,0)       (0.0414447,0)       (-0.0292873,0)      
(0.5,0)             (0.00301424,0)      (-0.0525342,0)      (0.0440835,0)       (-0.0301964,0)      
(0.5,0)             (0.013412,0)        (-0.0518379,0)      (0.0369757,0)       (-0.0206632,0)      
(0.5,0)             (0.0242397,0)       (-0.04472,0)        (0.0239802,0)       (-0.00674024,0)     
(0.5,0)             (-0.0171361,0)      (-0.0442943,0)      (0.0494676,0)       (-0.0426781,0)      
(0.5,0)             (0.0482989,0)       (-0.0718765,0)      (0.0327052,0)       (-0.00266134,0)     
(0.5,0)             (0.00885814,0)      (-0.0425536,0)      (0.0316981,0)       (-0.0188451,0)      
(0.5,0)             (0.0335623,0)       (-0.0600777,0)      (0.0315916,0)       (-0.00818153,0)     
(0.5,0)             (0.0188258,0)       (-0.0482789,0)      (0.0304779,0)       (-0.0137017,0)      
(0.5,0)             (0.0127669,0)       (-0.0614703,0)      (0.0458072,0)       (-0.0272479,0)      
(0.5,0)             (0.013412,0)        (-0.0518379,0)      (0.0369757,0)       (-0.0206632,0)      
(0.5,0)             (-0.0019696,0)      (-0.0496715,0)      (0.0446936,0)       (-0.0327681,0)      
(0.5,0)             (-0.0121523,0)      (-0.047157,0)       (0.0488575,0)       (-0.0401064,0)      
(0.5,0)             (0.00486112,0)      (-0.0635979,0)      (0.05261,0)         (-0.0354952,0)      
(0.5,0)             (0.0238097,0)       (-0.0511416,0)      (0.0298678,0)       (-0.01113,0)        
(0.5,0)             (-0.0175662,0)      (-0.0507159,0)      (0.0553553,0)       (-0.0470679,0)      
(0.5,0)             (0.01092,0)         (-0.0504065,0)      (0.0372807,0)       (-0.0219491,0)      
(0.5,0)             (0.00799809,0)      (-0.0553968,0)      (0.0434734,0)       (-0.0276247,0)      
(0.5,0)             (0.0235947,0)       (-0.0543524,0)      (0.0328117,0)       (-0.0133249,0)      
(0.5,0)             (0.0229496,0)       (-0.0639848,0)      (0.0416432,0)       (-0.0199096,0)      
(0.5,0)             (0.00778307,0)      (-0.0586076,0)      (0.0464173,0)       (-0.0298196,0)      
(0.5,0)             (0.01092,0)         (-0.0504065,0)      (0.0372807,0)       (-0.0219491,0)      
(0.5,0)             (-0.0144292,0)      (-0.0425148,0)      (0.0462187,0)       (-0.0391973,0)      
(0.5,0)             (0.013627,0)        (-0.0486271,0)      (0.0340318,0)       (-0.0184683,0)      
(0.5,0)             (0.0356242,0)       (-0.0679307,0)      (0.0371742,0)       (-0.0112855,0)      
(0.5,0)             (0.0279335,0)       (-0.0668475,0)      (0.0410331,0)       (-0.0173379,0)      
(0.5,0)             (0.000952349,0)     (-0.0446812,0)      (0.0385008,0)       (-0.0270925,0)      
(0.5,0)             (0.00258421,0)      (-0.0589558,0)      (0.0499712,0)       (-0.0345862,0)      
(0.5,0)             (0.0161189,0)       (-0.0500584,0)      (0.0337268,0)       (-0.0171825,0)      
(0.5,0)             (0.0263016,0)       (-0.0525729,0)      (0.0295628,0)       (-0.00984418,0)     
(0.5,0)             (0.00572118,0)      (-0.0507547,0)      (0.0408346,0)       (-0.0267156,0)      
(0.5,0)             (0.00756806,0)      (-0.0618185,0)      (0.0493611,0)       (-0.0320145,0)      
(0.5,0)             (0.0265166,0)       (-0.0493621,0)      (0.026619,0)        (-0.00764929,0)     
(0.5,0)             (0.0179658,0)       (-0.0611222,0)      (0.0422533,0)       (-0.0224813,0)      
(0.5,0)             (0.0335623,0)       (-0.0600777,0)      (0.0315916,0)       (-0.00818153,0)     
(0.5,0)             (0.0391912,0)       (-0.053308,0)       (0.02215,0)         (0.000974847,0)     
(0.5,0)             (0.00799809,0)      (-0.0553968,0)      (0.0434734,0)       (-0.0276247,0)      
(0.5,0)             (-0.00175459,0)     (-0.0464607,0)      (0.0417497,0)       (-0.0305732,0)      
(0.5,0)             (-0.00424651,0)     (-0.0450294,0)      (0.0420548,0)       (-0.031859,0)       
(0.5,0)             (-0.0123673,0)      (-0.0503678,0)      (0.0518014,0)       (-0.0423013,0)      
(0.5,0)             (0.00344427,0)      (-0.0461125,0)      (0.0381958,0)       (-0.0258066,0)      
(0.5,0)             (-0.00695344,0)     (-0.0468088,0)      (0.0453036,0)       (-0.0353398,0)      
(0.5,0)             (0.0156889,0)       (-0.05648,0)        (0.0396145,0)       (-0.0215723,0)      
(0.5,0)             (0.0267316,0)       (-0.0461513,0)      (0.0236751,0)       (-0.00545439,0)     
(0.5,0)             (0.0129819,0)       (-0.0582595,0)      (0.0428634,0)       (-0.025053,0)       
(0.5,0)             (0.00864313,0)      (-0.0457644,0)      (0.0346419,0)       (-0.02104,0)        
(0.5,0)             (-0.00695344,0)     (-0.0468088,0)      (0.0453036,0)       (-0.0353398,0)      
(0.5,0)             (0.0231646,0)       (-0.060774,0)       (0.0386994,0)       (-0.0177147,0)      
(0.5,0)             (0.00615121,0)      (-0.0443331,0)      (0.0349469,0)       (-0.0223259,0)      
(0.5,0)             (-0.00446152,0)     (-0.0482402,0)      (0.0449986,0)       (-0.0340539,0)      
(0.5,0)             (-0.0123673,0)      (-0.0503678,0)      (0.0518014,0)       (-0.0423013,0)      
(0.5,0)             (0.00778307,0)      (-0.0586076,0)      (0.0464173,0)       (-0.0298196,0)      
(0.5,0)             (0.0190408,0)       (-0.0450681,0)      (0.0275341,0)       (-0.0115068,0)      
(0.5,0)             (0.0385462,0)       (-0.0629404,0)      (0.0309815,0)       (-0.00560983,0)     
(0.5,0)             (0.043745,0)        (-0.0625923,0)      (0.0274276,0)       (-0.000843244,0)    
(0.5,0)             (-0.02298,0)        (-0.0542749,0)      (0.0618531,0)       (-0.0540293,0)      
(0.5,0)             (0.0337774,0)       (-0.0568669,0)      (0.0286477,0)       (-0.00598664,0)     
(0.5,0)             (0.0161189,0)       (-0.0500584,0)      (0.0337268,0)       (-0.0171825,0)      
(0.5,0)             (0.0204577,0)       (-0.0625535,0)      (0.0419483,0)       (-0.0211955,0)      
(0.5,0)             (-0.00282966,0)     (-0.0625147,0)      (0.0564689,0)       (-0.0415477,0)      
(0.5,0)             (0.0167639,0)       (-0.040426,0)       (0.0248953,0)       (-0.0105978,0)      
(0.5,0)             (0.0156889,0)       (-0.05648,0)        (0.0396145,0)       (-0.0215723,0)      
(0.5,0)             (0.01049,0)         (-0.0568282,0)      (0.0431684,0)       (-0.0263388,0)      
(0.5,0)             (0.00799809,0)      (-0.0553968,0)      (0.0434734,0)       (-0.0276247,0)      
(0.5,0)             (0.010705,0)        (-0.0536174,0)      (0.0402245,0)       (-0.024144,0)       
(0.5,0)             (0.0206727,0)       (-0.0593427,0)      (0.0390044,0)       (-0.0190006,0)      
(0.5,0)             (0.00301424,0)      (-0.0525342,0)      (0.0440835,0)       (-0.0301964,0)      
(0.5,0)             (0.0331323,0)       (-0.0664994,0)      (0.0374792,0)       (-0.0125713,0)      
(0.5,0)             (0.00107912,0)      (-0.0814315,0)      (0.0705781,0)       (-0.0499504,0)      
(0.5,0)             (-0.00446152,0)     (-0.0482402,0)      (0.0449986,0)       (-0.0340539,0)      
(0.5,0)             (0.00344427,0)      (-0.0461125,0)      (0.0381958,0)       (-0.0258066,0)      
(0.5,0)             (0.00215419,0)      (-0.0653774,0)      (0.0558589,0)       (-0.038976,0)       
(0.5,0)             (0.0333473,0)       (-0.0632885,0)      (0.0345354,0)       (-0.0103764,0)      
(0.5,0)             (-0.00489155,0)     (-0.0546618,0)      (0.0508863,0)       (-0.0384437,0)      
(0.5,0)             (0.0208877,0)       (-0.0561319,0)      (0.0360606,0)       (-0.0168057,0)      
(0.5,0)             (0.0312854,0)       (-0.0554356,0)      (0.0289527,0)       (-0.00727249,0)     
(0.5,0)             (0.00572118,0)      (-0.0507547,0)      (0.0408346,0)       (-0.0267156,0)      
(0.5,0)             (0.0283635,0)       (-0.0604259,0)      (0.0351455,0)       (-0.0129481,0)      
(0.5,0)             (-0.00175459,0)     (-0.0464607,0)      (0.0417497,0)       (-0.0305732,0)      
(0.5,0)             (0.00301424,0)      (-0.0525342,0)      (0.0440835,0)       (-0.0301964,0)      
(0.5,0)             (0.0333473,0)       (-0.0632885,0)      (0.0345354,0)       (-0.0103764,0)      
(0.5,0)             (0.0304254,0)       (-0.0682788,0)      (0.0407281,0)       (-0.0160521,0)      
(0.5,0)             (0.0208877,0)       (-0.0561319,0)      (0.0360606,0)       (-0.0168057,0)      
(0.5,0)             (0.0283635,0)       (-0.0604259,0)      (0.0351455,0)       (-0.0129481,0)      
(0.5,0)             (-0.0194131,0)      (-0.0396522,0)      (0.0468288,0)       (-0.041769,0)       
(0.5,0)             (0.0480838,0)       (-0.0750874,0)      (0.035649,0)        (-0.00485623,0)     
(0.5,0)             (0.0414681,0)       (-0.0579501,0)      (0.0247888,0)       (6.58016e-05,0)     
(0.5,0)             (0.010705,0)        (-0.0536174,0)      (0.0402245,0)       (-0.024144,0)       
(0.5,0)             (0.0614035,0)       (-0.0694008,0)      (0.0223485,0)       (0.0103526,0)       
(0.5,0)             (-0.00360147,0)     (-0.0353969,0)      (0.0332232,0)       (-0.0252744,0)      
(0.5,0)             (0.0406081,0)       (-0.0707934,0)      (0.0365641,0)       (-0.00871377,0)     
(0.5,0)             (0.000952349,0)     (-0.0446812,0)      (0.0385008,0)       (-0.0270925,0)      
(0.5,0)             (0.01006,0)         (-0.0632498,0)      (0.0490561,0)       (-0.0307286,0)      
(0.5,0)             (-0.00695344,0)     (-0.0468088,0)      (0.0453036,0)       (-0.0353398,0)      
(0.5,0)             (0.0281485,0)       (-0.0636367,0)      (0.0380893,0)       (-0.015143,0)       
(0.5,0)             (0.0229496,0)       (-0.0639848,0)      (0.0416432,0)       (-0.0199096,0)      
(0.5,0)             (-0.00673843,0)     (-0.043598,0)       (0.0423598,0)       (-0.0331449,0)      
(0.5,0)             (0.000307307,0)     (-0.0543136,0)      (0.0473324,0)       (-0.0336771,0)      
(0.5,0)             (0.0179658,0)       (-0.0611222,0)      (0.0422533,0)       (-0.0224813,0)      
(0.5,0)             (-0.0160611,0)      (-0.0282403,0)      (0.0347484,0)       (-0.0317036,0)      
(0.5,0)             (0.0204577,0)       (-0.0625535,0)      (0.0419483,0)       (-0.0211955,0)      
(0.5,0)             (0.0335623,0)       (-0.0600777,0)      (0.0315916,0)       (-0.00818153,0)     
(0.5,0)             (0.00138238,0)      (-0.0382596,0)      (0.0326132,0)       (-0.0227027,0)      
(0.5,0)             (0.0123369,0)       (-0.0678919,0)      (0.0516949,0)       (-0.0316377,0)      
(0.5,0)             (0.0335623,0)       (-0.0600777,0)      (0.0315916,0)       (-0.00818153,0)     
(0.5,0)             (0.0281485,0)       (-0.0636367,0)      (0.0380893,0)       (-0.015143,0)       
(0.5,0)             (0.00443109,0)      (-0.0700196,0)      (0.0584977,0)       (-0.039885,0)       
(0.5,0)             (0.0202427,0)       (-0.0657643,0)      (0.0448921,0)       (-0.0233903,0)      
(0.5,0)             (0.01092,0)         (-0.0504065,0)      (0.0372807,0)       (-0.0219491,0)      
(0.5,0)             (-0.00966038,0)     (-0.0485883,0)      (0.0485525,0)       (-0.0388205,0)      
(0.5,0)             (0.04353,0)         (-0.0658031,0)      (0.0303714,0)       (-0.00303814,0)     
(0.5,0)             (0.0206727,0)       (-0.0593427,0)      (0.0390044,0)       (-0.0190006,0)      
(0.5,0)             (0.0263016,0)       (-0.0525729,0)      (0.0295628,0)       (-0.00984418,0)     
(0.5,0)             (-0.0132274,0)      (-0.063211,0)       (0.0635768,0)       (-0.0510808,0)      
(0.5,0)             (0.0256566,0)       (-0.0622054,0)      (0.0383943,0)       (-0.0164289,0)      
(0.5,0)             (-0.0184262,0)      (-0.0635592,0)      (0.0671307,0)       (-0.0558474,0)      
(0.5,0)             (0.00258421,0)      (-0.0589558,0)      (0.0499712,0)       (-0.0345862,0)      
(0.5,0)             (0.0186108,0)       (-0.0514897,0)      (0.0334218,0)       (-0.0158966,0)      
(0.5,0)             (-0.022335,0)       (-0.0446425,0)      (0.0530215,0)       (-0.0474447,0)      
(0.5,0)             (0.0306404,0)       (-0.065068,0)       (0.0377843,0)       (-0.0138572,0)      
(0.5,0)             (-0.0019696,0)      (-0.0496715,0)      (0.0446936,0)       (-0.0327681,0)      
(0.5,0)             (0.0206727,0)       (-0.0593427,0)      (0.0390044,0)       (-0.0190006,0)      
(0.5,0)             (0.0358393,0)       (-0.0647199,0)      (0.0342304,0)       (-0.00909058,0)     
(0.5,0)             (-0.0019696,0)      (-0.0496715,0)      (0.0446936,0)       (-0.0327681,0)      
(0.5,0)             (0.0161189,0)       (-0.0500584,0)      (0.0337268,0)       (-0.0171825,0)      
(0.5,0)             (0.0534977,0)       (-0.0715284,0)      (0.0291513,0)       (0.00210525,0)      
(0.5,0)             (0.013412,0)        (-0.0518379,0)      (0.0369757,0)       (-0.0206632,0)      
(0.5,0)             (0.010705,0)        (-0.0536174,0)      (0.0402245,0)       (-0.024144,0)       
(0.5,0)             (0.0186108,0)       (-0.0514897,0)      (0.0334218,0)       (-0.0158966,0)      
(0.5,0)             (-0.00510656,0)     (-0.0578726,0)      (0.0538301,0)       (-0.0406386,0)      
(0.5,0)             (0.0213177,0)       (-0.0497103,0)      (0.0301729,0)       (-0.0124159,0)      
(0.5,0)             (0.0387612,0)       (-0.0597296,0)      (0.0280376,0)       (-0.00341494,0)     
(0.5,0)             (-0.00153957,0)     (-0.0432499,0)      (0.0388059,0)       (-0.0283783,0)      
(0.5,0)             (0.0159039,0)       (-0.0532692,0)      (0.0366706,0)       (-0.0193774,0)      
(0.5,0)             (0.013627,0)        (-0.0486271,0)      (0.0340318,0)       (-0.0184683,0)      
(0.5,0)             (0.0281485,0)       (-0.0636367,0)      (0.0380893,0)       (-0.015143,0)       
(0.5,0)             (0.0156889,0)       (-0.05648,0)        (0.0396145,0)       (-0.0215723,0)      
(0.5,0)             (0.00593619,0)      (-0.0475439,0)      (0.0378908,0)       (-0.0245208,0)      
(0.5,0)             (0.00138238,0)      (-0.0382596,0)      (0.0326132,0)       (-0.0227027,0)      
(0.5,0)             (-0.0119373,0)      (-0.0439462,0)      (0.0459137,0)       (-0.0379115,0)      
(0.5,0)             (0.00301424,0)      (-0.0525342,0)      (0.0440835,0)       (-0.0301964,0)      
(0.5,0)             (0.0260866,0)       (-0.0557837,0)      (0.0325067,0)       (-0.0120391,0)      
(0.5,0)             (0.0167639,0)       (-0.040426,0)       (0.0248953,0)       (-0.0105978,0)      
(0.5,0)             (0.010705,0)        (-0.0536174,0)      (0.0402245,0)       (-0.024144,0)       
(0.5,0)             (0.000952349,0)     (-0.0446812,0)      (0.0385008,0)       (-0.0270925,0)      
(0.5,0)             (-0.0300258,0)      (-0.0435593,0)      (0.0568805,0)       (-0.0534971,0)      
(0.5,0)             (-0.00153957,0)     (-0.0432499,0)      (0.0388059,0)       (-0.0283783,0)      
(0.5,0)             (-0.00716846,0)     (-0.0500196,0)      (0.0482475,0)       (-0.0375347,0)      
(0.5,0)             (0.0146138,0)       (-0.0725341,0)      (0.0543337,0)       (-0.0325467,0)      
(0.5,0)             (0.0339924,0)       (-0.0536561,0)      (0.0257039,0)       (-0.00379174,0)     
(0.5,0)             (-0.00175459,0)     (-0.0464607,0)      (0.0417497,0)       (-0.0305732,0)      
(0.5,0)             (0.0229496,0)       (-0.0639848,0)      (0.0416432,0)       (-0.0199096,0)      
(0.5,0)             (-0.00845854,0)     (-0.0692845,0)      (0.0659105,0)       (-0.050704,0)       
(0.5,0)             (0.0379011,0)       (-0.0725728,0)      (0.039813,0)        (-0.0121945,0)      
(0.5,0)             (0.0283635,0)       (-0.0604259,0)      (0.0351455,0)       (-0.0129481,0)      
(0.5,0)             (-0.00218461,0)     (-0.0528823,0)      (0.0476374,0)       (-0.034963,0)       
(0.5,0)             (-0.000122721,0)    (-0.0607353,0)      (0.0532201,0)       (-0.0380669,0)      
(0.5,0)             (0.0152588,0)       (-0.0629016,0)      (0.0455022,0)       (-0.025962,0)       
(0.5,0)             (0.0082131,0)       (-0.052186,0)       (0.0405296,0)       (-0.0254298,0)      
(0.5,0)             (0.0356242,0)       (-0.0679307,0)      (0.0371742,0)       (-0.0112855,0)      
(0.5,0)             (-0.0157193,0)      (-0.0617797,0)      (0.0638818,0)       (-0.0523667,0)      
(0.5,0)             (0.0181808,0)       (-0.0579114,0)      (0.0393094,0)       (-0.0202864,0)      
(0.5,0)             (0.00365928,0)      (-0.0429017,0)      (0.035252,0)        (-0.0236117,0)      
(0.5,0)             (0.0333473,0)       (-0.0632885,0)      (0.0345354,0)       (-0.0103764,0)      
(0.5,0)             (0.000737335,0)     (-0.047892,0)       (0.0414447,0)       (-0.0292873,0)      
(0.5,0)             (0.0383312,0)       (-0.0661512,0)      (0.0339253,0)       (-0.00780473,0)     
(0.5,0)             (-0.0150743,0)      (-0.0521473,0)      (0.0550503,0)       (-0.045782,0)       
