65
e_L                 onsite              nnhop               ospair              nnJastrow           
(1.04106,0)         (0.595,0)           (-1.16164,0)        (0.125143,0)        (0.49,0)            
(1.04351,0)         (0.527037,0)        (-1.10985,0)        (0.162899,0)        (0.46,0)            
(1.05398,0)         (0.324249,0)        (-0.883746,0)       (0.229502,0)        (0.33,0)            
(1.05802,0)         (0.130175,0)        (-0.775753,0)       (0.362985,0)        (0.28,0)            
(1.04107,0)         (0.558344,0)        (-1.1522,0)         (0.157405,0)        (0.49,0)            
(1.04189,0)         (0.54458,0)         (-1.14225,0)        (0.165395,0)        (0.48,0)            
(1.03947,0)         (0.613504,0)        (-1.20366,0)        (0.132828,0)        (0.51,0)            
(1.05717,0)         (0.151839,0)        (-0.755894,0)       (0.327551,0)        (0.29,0)            
(1.05154,0)         (0.318901,0)        (-0.916658,0)       (0.25627,0)         (0.36,0)            
(1.0435,0)          (0.513784,0)        (-1.09793,0)        (0.16909,0)         (0.46,0)            
(1.05722,0)         (0.20603,0)         (-0.810642,0)       (0.306101,0)        (0.29,0)            
(1.05317,0)         (0.24064,0)         (-0.867504,0)       (0.306491,0)        (0.34,0)            
(1.05319,0)         (0.290192,0)        (-0.889679,0)       (0.268936,0)        (0.34,0)            
(1.04994,0)         (0.325223,0)        (-0.955106,0)       (0.274396,0)        (0.38,0)            
(1.05563,0)         (0.357685,0)        (-0.881059,0)       (0.192804,0)        (0.31,0)            
(1.04349,0)         (0.55044,0)         (-1.10737,0)        (0.136827,0)        (0.46,0)            
(1.03945,0)         (0.552539,0)        (-1.18644,0)        (0.185503,0)        (0.51,0)            
(1.05318,0)         (0.339084,0)        (-0.90205,0)        (0.225763,0)        (0.34,0)            
(1.054,0)           (0.253134,0)        (-0.880923,0)       (0.302059,0)        (0.33,0)            
(1.04511,0)         (0.509658,0)        (-1.07554,0)        (0.158996,0)        (0.44,0)            
(1.04029,0)         (0.646326,0)        (-1.1913,0)         (0.0905502,0)       (0.5,0)             
(1.05313,0)         (0.239377,0)        (-0.858051,0)       (0.30173,0)         (0.34,0)            
(1.04834,0)         (0.391494,0)        (-1.00179,0)        (0.235127,0)        (0.4,0)             
(1.04271,0)         (0.62731,0)         (-1.15125,0)        (0.0846641,0)       (0.47,0)            
(1.04592,0)         (0.461543,0)        (-1.07091,0)        (0.206341,0)        (0.43,0)            
(1.04108,0)         (0.631546,0)        (-1.17236,0)        (0.0938191,0)       (0.49,0)            
(1.05562,0)         (0.295595,0)        (-0.856127,0)       (0.241698,0)        (0.31,0)            
(1.04917,0)         (0.414275,0)        (-1.00255,0)        (0.211792,0)        (0.39,0)            
(1.04433,0)         (0.548802,0)        (-1.10163,0)        (0.134844,0)        (0.45,0)            
(1.04186,0)         (0.480595,0)        (-1.10108,0)        (0.205828,0)        (0.48,0)            
(1.04835,0)         (0.462445,0)        (-1.00654,0)        (0.163977,0)        (0.4,0)             
(1.05151,0)         (0.255795,0)        (-0.882738,0)       (0.300444,0)        (0.36,0)            
(1.05392,0)         (0.247945,0)        (-0.837266,0)       (0.279396,0)        (0.33,0)            
(1.05237,0)         (0.278714,0)        (-0.885247,0)       (0.278089,0)        (0.35,0)            
(1.05477,0)         (0.18968,0)         (-0.847046,0)       (0.346624,0)        (0.32,0)            
(1.05079,0)         (0.374619,0)        (-0.978428,0)       (0.237742,0)        (0.37,0)            
(1.04269,0)         (0.553038,0)        (-1.12274,0)        (0.143999,0)        (0.47,0)            
(1.04428,0)         (0.534589,0)        (-1.08008,0)        (0.135845,0)        (0.45,0)            
(1.05404,0)         (0.376189,0)        (-0.92308,0)        (0.200489,0)        (0.33,0)            
(1.0467,0)          (0.40459,0)         (-1.00272,0)        (0.222026,0)        (0.42,0)            
(1.05157,0)         (0.380936,0)        (-0.94223,0)        (0.207845,0)        (0.36,0)            
(1.04432,0)         (0.561039,0)        (-1.10456,0)        (0.123934,0)        (0.45,0)            
(1.04997,0)         (0.422789,0)        (-0.98241,0)        (0.189928,0)        (0.38,0)            
(1.04914,0)         (0.459901,0)        (-0.990526,0)       (0.156336,0)        (0.39,0)            
(1.05725,0)         (0.279122,0)        (-0.832081,0)       (0.243454,0)        (0.29,0)            
(1.04348,0)         (0.489475,0)        (-1.09014,0)        (0.189503,0)        (0.46,0)            
(1.04433,0)         (0.513272,0)        (-1.0999,0)         (0.170888,0)        (0.45,0)            
(1.03946,0)         (0.649034,0)        (-1.20539,0)        (0.0967838,0)       (0.51,0)            
(1.05159,0)         (0.465195,0)        (-0.958255,0)       (0.130036,0)        (0.36,0)            
(1.04832,0)         (0.377116,0)        (-0.982165,0)       (0.237535,0)        (0.4,0)             
(1.05397,0)         (0.223554,0)        (-0.833788,0)       (0.302666,0)        (0.33,0)            
(1.05963,0)         (0.16158,0)         (-0.755091,0)       (0.316847,0)        (0.26,0)            
(1.04756,0)         (0.50384,0)         (-1.04804,0)        (0.147389,0)        (0.41,0)            
(1.04992,0)         (0.383031,0)        (-0.94665,0)        (0.208499,0)        (0.38,0)            
(1.0467,0)          (0.429311,0)        (-1.00905,0)        (0.200246,0)        (0.42,0)            
(1.05163,0)         (0.446184,0)        (-0.992844,0)       (0.172173,0)        (0.36,0)            
(1.04352,0)         (0.528107,0)        (-1.1182,0)         (0.16715,0)         (0.46,0)            
(1.04993,0)         (0.384101,0)        (-0.954997,0)       (0.212749,0)        (0.38,0)            
(1.05317,0)         (0.304734,0)        (-0.907384,0)       (0.26512,0)         (0.34,0)            
(1.04429,0)         (0.546716,0)        (-1.08429,0)        (0.125873,0)        (0.45,0)            
(1.05643,0)         (0.329542,0)        (-0.851476,0)       (0.203202,0)        (0.3,0)             
(1.03787,0)         (0.667538,0)        (-1.24741,0)        (0.104469,0)        (0.53,0)            
(1.04591,0)         (0.409384,0)        (-1.03414,0)        (0.237231,0)        (0.43,0)            
(1.05399,0)         (0.371907,0)        (-0.889692,0)       (0.183486,0)        (0.33,0)            
(1.04916,0)         (0.44868,0)         (-0.99658,0)        (0.171966,0)        (0.39,0)            
(1.05563,0)         (0.286679,0)        (-0.876955,0)       (0.264423,0)        (0.31,0)            
(1.04915,0)         (0.473154,0)        (-1.00245,0)        (0.150145,0)        (0.39,0)            
(1.05637,0)         (0.241002,0)        (-0.802063,0)       (0.264008,0)        (0.3,0)             
(1.0443,0)          (0.53673,0)         (-1.09677,0)        (0.144347,0)        (0.45,0)            
(1.04186,0)         (0.554675,0)        (-1.12848,0)        (0.145982,0)        (0.48,0)            
(1.03865,0)         (0.602849,0)        (-1.20711,0)        (0.14619,0)         (0.52,0)            
(1.0443,0)          (0.522242,0)        (-1.07843,0)        (0.147694,0)        (0.45,0)            
(1.04994,0)         (0.359628,0)        (-0.949131,0)       (0.234571,0)        (0.38,0)            
(1.05716,0)         (0.271738,0)        (-0.77237,0)        (0.212759,0)        (0.29,0)            
(1.04996,0)         (0.385062,0)        (-0.964624,0)       (0.217939,0)        (0.38,0)            
(1.0451,0)          (0.497476,0)        (-1.07196,0)        (0.169437,0)        (0.44,0)            
(1.05806,0)         (0.267663,0)        (-0.836897,0)       (0.258537,0)        (0.28,0)            
(1.0459,0)          (0.444915,0)        (-1.03587,0)        (0.201187,0)        (0.43,0)            
(1.04835,0)         (0.46357,0)         (-1.01424,0)        (0.167759,0)        (0.4,0)             
(1.05079,0)         (0.433388,0)        (-0.9796,0)         (0.177034,0)        (0.37,0)            
(1.0451,0)          (0.533006,0)        (-1.0737,0)         (0.133393,0)        (0.44,0)            
(1.04433,0)         (0.585403,0)        (-1.11171,0)        (0.103051,0)        (0.45,0)            
(1.05157,0)         (0.344335,0)        (-0.932151,0)       (0.239638,0)        (0.36,0)            
(1.05319,0)         (0.423343,0)        (-0.918075,0)       (0.147954,0)        (0.34,0)            
(1.04435,0)         (0.549818,0)        (-1.11061,0)        (0.139565,0)        (0.45,0)            
(1.0548,0)          (0.299373,0)        (-0.878564,0)       (0.252183,0)        (0.32,0)            
(1.05237,0)         (0.317318,0)        (-0.910274,0)       (0.253818,0)        (0.35,0)            
(1.05162,0)         (0.371857,0)        (-0.964979,0)       (0.231978,0)        (0.36,0)            
(1.04591,0)         (0.50706,0)         (-1.06017,0)        (0.151824,0)        (0.43,0)            
(1.0467,0)          (0.419023,0)        (-1.0217,0)         (0.219148,0)        (0.42,0)            
(1.05639,0)         (0.277548,0)        (-0.812782,0)       (0.232684,0)        (0.3,0)             
(1.05,0)            (0.437057,0)        (-1.00332,0)        (0.188457,0)        (0.38,0)            
(1.05313,0)         (0.251614,0)        (-0.860984,0)       (0.290819,0)        (0.34,0)            
(1.04994,0)         (0.385172,0)        (-0.963344,0)       (0.217,0)           (0.38,0)            
(1.0403,0)          (0.637411,0)        (-1.21213,0)        (0.113275,0)        (0.5,0)             
(1.04351,0)         (0.539273,0)        (-1.11278,0)        (0.151989,0)        (0.46,0)            
(1.05563,0)         (0.261135,0)        (-0.862742,0)       (0.281993,0)        (0.31,0)            
(1.05479,0)         (0.321596,0)        (-0.869016,0)       (0.222799,0)        (0.32,0)            
(1.03621,0)         (0.65745,0)         (-1.24826,0)        (0.115563,0)        (0.55,0)            
(1.05563,0)         (0.311098,0)        (-0.88346,0)        (0.243071,0)        (0.31,0)            
(1.04429,0)         (0.500129,0)        (-1.08669,0)        (0.17614,0)         (0.45,0)            
(1.05075,0)         (0.345863,0)        (-0.939175,0)       (0.24256,0)         (0.37,0)            
(1.04918,0)         (0.475295,0)        (-1.01914,0)        (0.158647,0)        (0.39,0)            
(1.04347,0)         (0.477293,0)        (-1.08657,0)        (0.199944,0)        (0.46,0)            
(1.04756,0)         (0.491658,0)        (-1.04447,0)        (0.15783,0)         (0.41,0)            
(1.05077,0)         (0.32139,0)         (-0.933309,0)       (0.264381,0)        (0.37,0)            
(1.04269,0)         (0.480907,0)        (-1.11093,0)        (0.211837,0)        (0.47,0)            
(1.05397,0)         (0.286578,0)        (-0.86532,0)        (0.257044,0)        (0.33,0)            
(1.05641,0)         (0.291926,0)        (-0.832409,0)       (0.230275,0)        (0.3,0)             
(1.05317,0)         (0.301358,0)        (-0.884264,0)       (0.253775,0)        (0.34,0)            
(1.04595,0)         (0.448072,0)        (-1.06156,0)        (0.214409,0)        (0.43,0)            
(1.04674,0)         (0.492115,0)        (-1.04314,0)        (0.156501,0)        (0.42,0)            
(1.03707,0)         (0.694555,0)        (-1.26929,0)        (0.0902892,0)       (0.54,0)            
(1.0467,0)          (0.490029,0)        (-1.02581,0)        (0.147529,0)        (0.42,0)            
(1.04185,0)         (0.456231,0)        (-1.09394,0)        (0.22671,0)         (0.48,0)            
(1.04832,0)         (0.450372,0)        (-1.00168,0)        (0.17348,0)         (0.4,0)             
(1.05079,0)         (0.372368,0)        (-0.963015,0)       (0.230179,0)        (0.37,0)            
(1.05155,0)         (0.354376,0)        (-0.91903,0)        (0.220695,0)        (0.36,0)            
(1.04271,0)         (0.604017,0)        (-1.15245,0)        (0.109798,0)        (0.47,0)            
(1.0451,0)          (0.469983,0)        (-1.04216,0)        (0.179016,0)        (0.44,0)            
(1.0475,0)          (0.416425,0)        (-1.00633,0)        (0.211976,0)        (0.41,0)            
(1.05238,0)         (0.280608,0)        (-0.901476,0)       (0.28655,0)         (0.35,0)            
(1.05156,0)         (0.332153,0)        (-0.928578,0)       (0.25008,0)         (0.36,0)            
(1.04756,0)         (0.480546,0)        (-1.04924,0)        (0.172522,0)        (0.41,0)            
(1.04997,0)         (0.360891,0)        (-0.958584,0)       (0.239332,0)        (0.38,0)            
(1.05319,0)         (0.376756,0)        (-0.920476,0)       (0.198221,0)        (0.34,0)            
(1.04188,0)         (0.581235,0)        (-1.15168,0)        (0.133132,0)        (0.48,0)            
(1.0524,0)          (0.353755,0)        (-0.922275,0)       (0.223433,0)        (0.35,0)            
(1.05394,0)         (0.200123,0)        (-0.833242,0)       (0.32682,0)         (0.33,0)            
(1.04026,0)         (0.549062,0)        (-1.16382,0)        (0.17459,0)         (0.5,0)             
(1.04914,0)         (0.435483,0)        (-0.98402,0)        (0.177687,0)        (0.39,0)            
(1.05079,0)         (0.457807,0)        (-0.986106,0)       (0.155682,0)        (0.37,0)            
(1.05563,0)         (0.318833,0)        (-0.855567,0)       (0.217034,0)        (0.31,0)            
(1.05472,0)         (0.170142,0)        (-0.78679,0)        (0.328288,0)        (0.32,0)            
(1.05802,0)         (0.166831,0)        (-0.785192,0)       (0.330722,0)        (0.28,0)            
(1.05639,0)         (0.169063,0)        (-0.791358,0)       (0.332355,0)        (0.3,0)             
(1.05398,0)         (0.300955,0)        (-0.884947,0)       (0.254635,0)        (0.33,0)            
(1.0548,0)          (0.334903,0)        (-0.880296,0)       (0.216139,0)        (0.32,0)            
(1.05161,0)         (0.384093,0)        (-0.967912,0)       (0.221067,0)        (0.36,0)            
(1.04672,0)         (0.384563,0)        (-1.02832,0)        (0.259443,0)        (0.42,0)            
(1.04675,0)         (0.506493,0)        (-1.06277,0)        (0.154092,0)        (0.42,0)            
(1.06039,0)         (0.141337,0)        (-0.695692,0)       (0.2998,0)          (0.25,0)            
(1.0532,0)          (0.411106,0)        (-0.915142,0)       (0.158865,0)        (0.34,0)            
(1.04345,0)         (0.512878,0)        (-1.08766,0)        (0.163431,0)        (0.46,0)            
(1.04831,0)         (0.352752,0)        (-0.975019,0)       (0.258418,0)        (0.4,0)             
(1.0427,0)          (0.578527,0)        (-1.13759,0)        (0.126898,0)        (0.47,0)            
(1.05,0)            (0.436234,0)        (-0.995436,0)       (0.184247,0)        (0.38,0)            
(1.04666,0)         (0.403684,0)        (-0.99245,0)        (0.216367,0)        (0.42,0)            
(1.04919,0)         (0.47524,0)         (-1.01978,0)        (0.159116,0)        (0.39,0)            
(1.05154,0)         (0.366613,0)        (-0.921963,0)       (0.209785,0)        (0.36,0)            
(1.05884,0)         (0.153012,0)        (-0.775876,0)       (0.339181,0)        (0.27,0)            
(1.04103,0)         (0.544076,0)        (-1.13129,0)        (0.158875,0)        (0.49,0)            
(1.04593,0)         (0.471475,0)        (-1.05907,0)        (0.188337,0)        (0.43,0)            
(1.05321,0)         (0.342296,0)        (-0.927091,0)       (0.238516,0)        (0.34,0)            
(1.05078,0)         (0.432318,0)        (-0.971253,0)       (0.172783,0)        (0.37,0)            
(1.04513,0)         (0.511799,0)        (-1.09223,0)        (0.167498,0)        (0.44,0)            
(1.03947,0)         (0.540247,0)        (-1.18414,0)        (0.196883,0)        (0.51,0)            
(1.05566,0)         (0.372008,0)        (-0.901326,0)       (0.190865,0)        (0.31,0)            
(1.05557,0)         (0.173719,0)        (-0.821036,0)       (0.34658,0)         (0.31,0)            
(1.04832,0)         (0.377116,0)        (-0.982165,0)       (0.237535,0)        (0.4,0)             
(1.04594,0)         (0.520258,0)        (-1.07273,0)        (0.146103,0)        (0.43,0)            
(1.04833,0)         (0.329651,0)        (-0.977325,0)       (0.284061,0)        (0.4,0)             
(1.06044,0)         (0.036009,0)        (-0.699949,0)       (0.412693,0)        (0.25,0)            
(1.04591,0)         (0.433803,0)        (-1.04065,0)        (0.215879,0)        (0.43,0)            
(1.05882,0)         (0.24742,0)         (-0.777499,0)       (0.24149,0)         (0.27,0)            
(1.03626,0)         (0.686097,0)        (-1.2888,0)         (0.111684,0)        (0.55,0)            
(1.05153,0)         (0.268993,0)        (-0.895299,0)       (0.294723,0)        (0.36,0)            
(1.04188,0)         (0.627822,0)        (-1.14928,0)        (0.0828653,0)       (0.48,0)            
(1.04677,0)         (0.567458,0)        (-1.08,0)           (0.101416,0)        (0.42,0)            
(1.0443,0)          (0.572205,0)        (-1.09915,0)        (0.108772,0)        (0.45,0)            
(1.04674,0)         (0.482129,0)        (-1.05562,0)        (0.174974,0)        (0.42,0)            
(1.04998,0)         (0.377272,0)        (-0.993159,0)       (0.244445,0)        (0.38,0)            
(1.05077,0)         (0.382409,0)        (-0.949894,0)       (0.211236,0)        (0.37,0)            
(1.05236,0)         (0.388379,0)        (-0.913738,0)       (0.18173,0)         (0.35,0)            
(1.0484,0)          (0.48116,0)         (-1.05891,0)        (0.178103,0)        (0.4,0)             
(1.04995,0)         (0.409536,0)        (-0.97049,0)        (0.196118,0)        (0.38,0)            
(1.0508,0)          (0.434459,0)        (-0.987947,0)       (0.181285,0)        (0.37,0)            
(1.04998,0)         (0.362785,0)        (-0.974813,0)       (0.247793,0)        (0.38,0)            
(1.05076,0)         (0.382464,0)        (-0.949254,0)       (0.210767,0)        (0.37,0)            
(1.04671,0)         (0.480043,0)        (-1.03829,0)        (0.166003,0)        (0.42,0)            
(1.05723,0)         (0.279232,0)        (-0.8308,0)         (0.242515,0)        (0.29,0)            
(1.04994,0)         (0.432884,0)        (-0.968649,0)       (0.170515,0)        (0.38,0)            
(1.04993,0)         (0.324152,0)        (-0.946759,0)       (0.270145,0)        (0.38,0)            
(1.05157,0)         (0.378686,0)        (-0.926817,0)       (0.200282,0)        (0.36,0)            
(1.04673,0)         (0.466626,0)        (-1.02829,0)        (0.173601,0)        (0.42,0)            
(1.05319,0)         (0.339029,0)        (-0.90269,0)        (0.226233,0)        (0.34,0)            
(1.04756,0)         (0.466114,0)        (-1.03025,0)        (0.1754,0)          (0.41,0)            
(1.0443,0)          (0.524493,0)        (-1.09384,0)        (0.155258,0)        (0.45,0)            
(1.05152,0)         (0.317885,0)        (-0.90767,0)        (0.25155,0)         (0.36,0)            
(1.04758,0)         (0.503785,0)        (-1.04868,0)        (0.147858,0)        (0.41,0)            
(1.05316,0)         (0.384655,0)        (-0.890661,0)       (0.170776,0)        (0.34,0)            
(1.04912,0)         (0.408923,0)        (-0.96082,0)        (0.190537,0)        (0.39,0)            
(1.04109,0)         (0.642603,0)        (-1.16823,0)        (0.0795963,0)       (0.49,0)            
(1.05075,0)         (0.427981,0)        (-0.938505,0)       (0.156249,0)        (0.37,0)            
(1.05956,0)         (0.107444,0)        (-0.699703,0)       (0.337827,0)        (0.26,0)            
(1.05565,0)         (0.393106,0)        (-0.884072,0)       (0.157699,0)        (0.31,0)            
(1.0451,0)          (0.5563,0)          (-1.0725,0)         (0.10826,0)         (0.44,0)            
(1.05232,0)         (0.15382,0)         (-0.826221,0)       (0.370728,0)        (0.35,0)            
(1.0435,0)          (0.574804,0)        (-1.11452,0)        (0.115945,0)        (0.46,0)            
(1.05317,0)         (0.301358,0)        (-0.884264,0)       (0.253775,0)        (0.34,0)            
(1.05237,0)         (0.318444,0)        (-0.917981,0)       (0.2576,0)          (0.35,0)            
(1.04433,0)         (0.538816,0)        (-1.11411,0)        (0.153318,0)        (0.45,0)            
(1.03864,0)         (0.627323,0)        (-1.21298,0)        (0.124369,0)        (0.52,0)            
(1.0532,0)          (0.3401,0)          (-0.911037,0)       (0.230483,0)        (0.34,0)            
(1.05644,0)         (0.281775,0)        (-0.846811,0)       (0.250157,0)        (0.3,0)             
(1.05232,0)         (0.27756,0)         (-0.874514,0)       (0.272389,0)        (0.35,0)            
(1.03867,0)         (0.60274,0)         (-1.20839,0)        (0.147129,0)        (0.52,0)            
(1.0532,0)          (0.327863,0)        (-0.908105,0)       (0.241394,0)        (0.34,0)            
(1.04352,0)         (0.601364,0)        (-1.13772,0)        (0.103095,0)        (0.46,0)            
(1.0459,0)          (0.421621,0)        (-1.03708,0)        (0.22632,0)         (0.43,0)            
(1.04753,0)         (0.454041,0)        (-1.0254,0)         (0.184903,0)        (0.41,0)            
(1.05883,0)         (0.198528,0)        (-0.765127,0)       (0.284663,0)        (0.27,0)            
(1.04514,0)         (0.511744,0)        (-1.09287,0)        (0.167967,0)        (0.44,0)            
(1.05319,0)         (0.387867,0)        (-0.915702,0)       (0.183529,0)        (0.34,0)            
(1.03867,0)         (0.616102,0)        (-1.21903,0)        (0.14,0)            (0.52,0)            
(1.05318,0)         (0.302428,0)        (-0.892611,0)       (0.258026,0)        (0.34,0)            
(1.04509,0)         (0.531936,0)        (-1.06535,0)        (0.129142,0)        (0.44,0)            
(1.05235,0)         (0.304066,0)        (-0.898354,0)       (0.260008,0)        (0.35,0)            
(1.04024,0)         (0.583275,0)        (-1.15674,0)        (0.134255,0)        (0.5,0)             
(1.04999,0)         (0.461531,0)        (-1.00918,0)        (0.166636,0)        (0.38,0)            
(1.05478,0)         (0.25838,0)         (-0.836377,0)       (0.267911,0)        (0.32,0)            
(1.05072,0)         (0.344902,0)        (-0.929547,0)       (0.23737,0)         (0.37,0)            
(1.04923,0)         (0.404318,0)        (-1.01806,0)        (0.232184,0)        (0.39,0)            
(1.05077,0)         (0.369102,0)        (-0.938614,0)       (0.217896,0)        (0.37,0)            
(1.05234,0)         (0.339596,0)        (-0.900086,0)       (0.223964,0)        (0.35,0)            
(1.05152,0)         (0.244628,0)        (-0.888152,0)       (0.315605,0)        (0.36,0)            
(1.04509,0)         (0.494155,0)        (-1.0482,0)         (0.157623,0)        (0.44,0)            
(1.05157,0)         (0.321042,0)        (-0.933352,0)       (0.264772,0)        (0.36,0)            
(1.04674,0)         (0.540953,0)        (-1.05616,0)        (0.113797,0)        (0.42,0)            
(1.04269,0)         (0.516437,0)        (-1.11266,0)        (0.175793,0)        (0.47,0)            
(1.04914,0)         (0.44879,0)         (-0.995299,0)       (0.171028,0)        (0.39,0)            
(1.0427,0)          (0.516684,0)        (-1.11313,0)        (0.175833,0)        (0.47,0)            
(1.04189,0)         (0.532343,0)        (-1.13931,0)        (0.176305,0)        (0.48,0)            
(1.04593,0)         (0.520312,0)        (-1.07209,0)        (0.145633,0)        (0.43,0)            
(1.04829,0)         (0.361667,0)        (-0.954191,0)       (0.235693,0)        (0.4,0)             
(1.05398,0)         (0.347543,0)        (-0.882546,0)       (0.204368,0)        (0.33,0)            
(1.05001,0)         (0.474783,0)        (-1.0211,0)         (0.160446,0)        (0.38,0)            
(1.05071,0)         (0.343832,0)        (-0.9212,0)         (0.233119,0)        (0.37,0)            
(1.05393,0)         (0.260072,0)        (-0.84148,0)        (0.269424,0)        (0.33,0)            
(1.05084,0)         (0.448727,0)        (-1.00885,0)        (0.179815,0)        (0.37,0)            
(1.0427,0)          (0.590764,0)        (-1.14053,0)        (0.115988,0)        (0.47,0)            
(1.03785,0)         (0.654285,0)        (-1.23549,0)        (0.110659,0)        (0.53,0)            
(1.0427,0)          (0.541926,0)        (-1.12751,0)        (0.158692,0)        (0.47,0)            
(1.03625,0)         (0.695012,0)        (-1.26797,0)        (0.0889596,0)       (0.55,0)            
(1.05073,0)         (0.39256,0)         (-0.935492,0)       (0.191354,0)        (0.37,0)            
(1.04672,0)         (0.515518,0)        (-1.04066,0)        (0.130428,0)        (0.42,0)            
(1.03944,0)         (0.586998,0)        (-1.17982,0)        (0.145208,0)        (0.51,0)            
(1.05316,0)         (0.325831,0)        (-0.89013,0)        (0.231954,0)        (0.34,0)            
(1.04433,0)         (0.551053,0)        (-1.11704,0)        (0.142408,0)        (0.45,0)            
(1.04997,0)         (0.399495,0)        (-0.983611,0)       (0.215061,0)        (0.38,0)            
(1.05481,0)         (0.31043,0)         (-0.87443,0)        (0.23796,0)         (0.32,0)            
(1.05557,0)         (0.182882,0)        (-0.800674,0)       (0.323896,0)        (0.31,0)            
(1.04913,0)         (0.385574,0)        (-0.962661,0)       (0.21614,0)         (0.39,0)            
(1.05068,0)         (0.341745,0)        (-0.903865,0)       (0.224148,0)        (0.37,0)            
(1.04516,0)         (0.538304,0)        (-1.11607,0)        (0.155117,0)        (0.44,0)            
(1.0395,0)          (0.602283,0)        (-1.20972,0)        (0.148459,0)        (0.51,0)            
(1.0467,0)          (0.46561,0)         (-1.0193,0)         (0.168881,0)        (0.42,0)            
(1.05157,0)         (0.382062,0)        (-0.949937,0)       (0.211627,0)        (0.36,0)            
(1.04349,0)         (0.574858,0)        (-1.11388,0)        (0.115475,0)        (0.46,0)            
(1.04431,0)         (0.501145,0)        (-1.09568,0)        (0.18086,0)         (0.45,0)            
(1.03866,0)         (0.589487,0)        (-1.19647,0)        (0.153319,0)        (0.52,0)            
(1.04512,0)         (0.436649,0)        (-1.05648,0)        (0.223092,0)        (0.44,0)            
(1.04433,0)         (0.56211,0)         (-1.11291,0)        (0.128185,0)        (0.45,0)            
(1.04507,0)         (0.458789,0)        (-1.04455,0)        (0.192259,0)        (0.44,0)            
(1.04837,0)         (0.416874,0)        (-1.01793,0)        (0.218964,0)        (0.4,0)             
(1.04833,0)         (0.403731,0)        (-1.00472,0)        (0.224216,0)        (0.4,0)             
(1.03947,0)         (0.625686,0)        (-1.20723,0)        (0.122387,0)        (0.51,0)            
(1.04358,0)         (0.642192,0)        (-1.18182,0)        (0.0887745,0)       (0.46,0)            
(1.05645,0)         (0.285097,0)        (-0.870571,0)       (0.261971,0)        (0.3,0)             
(1.04591,0)         (0.407436,0)        (-1.01855,0)        (0.229239,0)        (0.43,0)            
(1.05312,0)         (0.274962,0)        (-0.859143,0)       (0.265217,0)        (0.34,0)            
(1.05078,0)         (0.410149,0)        (-0.98016,0)        (0.201698,0)        (0.37,0)            
(1.03787,0)         (0.619826,0)        (-1.24211,0)        (0.150954,0)        (0.53,0)            
(1.05235,0)         (0.304066,0)        (-0.898354,0)       (0.260008,0)        (0.35,0)            
(1.04594,0)         (0.495839,0)        (-1.06622,0)        (0.167454,0)        (0.43,0)            
(1.04758,0)         (0.504911,0)        (-1.05639,0)        (0.15164,0)         (0.41,0)            
(1.0387,0)          (0.69032,0)         (-1.24818,0)        (0.0811342,0)       (0.52,0)            
(1.04915,0)         (0.326641,0)        (-0.96341,0)        (0.278256,0)        (0.39,0)            
(1.04754,0)         (0.444055,0)        (-1.03788,0)        (0.203377,0)        (0.41,0)            
(1.04754,0)         (0.47728,0)         (-1.02484,0)        (0.160239,0)        (0.41,0)            
(1.0427,0)          (0.481154,0)        (-1.1114,0)         (0.211877,0)        (0.47,0)            
(1.04993,0)         (0.248947,0)        (-0.911653,0)       (0.326209,0)        (0.38,0)            
(1.05401,0)         (0.240897,0)        (-0.87799,0)        (0.312969,0)        (0.33,0)            
(1.0524,0)          (0.35488,0)         (-0.929981,0)       (0.227214,0)        (0.35,0)            
(1.04916,0)         (0.385712,0)        (-0.964407,0)       (0.21712,0)         (0.39,0)            
(1.0467,0)          (0.477847,0)        (-1.02224,0)        (0.157971,0)        (0.42,0)            
(1.05557,0)         (0.244725,0)        (-0.82514,0)        (0.274962,0)        (0.31,0)            
(1.04349,0)         (0.526021,0)        (-1.10086,0)        (0.158179,0)        (0.46,0)            
(1.04836,0)         (0.390561,0)        (-0.995191,0)       (0.231855,0)        (0.4,0)             
(1.05234,0)         (0.350707,0)        (-0.895312,0)       (0.209272,0)        (0.35,0)            
(1.04842,0)         (0.419153,0)        (-1.03637,0)        (0.228446,0)        (0.4,0)             
(1.04107,0)         (0.557521,0)        (-1.14432,0)        (0.153195,0)        (0.49,0)            
(1.04997,0)         (0.459389,0)        (-0.992489,0)       (0.158134,0)        (0.38,0)            
(1.04268,0)         (0.553093,0)        (-1.1221,0)         (0.14353,0)         (0.47,0)            
(1.0411,0)          (0.572667,0)        (-1.17247,0)        (0.155466,0)        (0.49,0)            
(1.05323,0)         (0.353298,0)        (-0.923598,0)       (0.224762,0)        (0.34,0)            
(1.04509,0)         (0.435386,0)        (-1.04703,0)        (0.218331,0)        (0.44,0)            
(1.04353,0)         (0.589127,0)        (-1.13478,0)        (0.114005,0)        (0.46,0)            
(1.05075,0)         (0.331733,0)        (-0.920013,0)       (0.245009,0)        (0.37,0)            
(1.04511,0)         (0.497421,0)        (-1.0726,0)         (0.169906,0)        (0.44,0)            
