63
e_L                 onsite              nnhop               ospair              nnJastrow           
(1.05401,0)         (0.374061,0)        (-0.906417,0)       (0.192005,0)        (0.33,0)            
(1.05556,0)         (0.219248,0)        (-0.810315,0)       (0.292081,0)        (0.31,0)            
(1.05484,0)         (0.277301,0)        (-0.88989,0)        (0.282567,0)        (0.32,0)            
(1.05403,0)         (0.290763,0)        (-0.900021,0)       (0.275006,0)        (0.33,0)            
(1.04593,0)         (0.483672,0)        (-1.06268,0)        (0.177916,0)        (0.43,0)            
(1.05561,0)         (0.283425,0)        (-0.852583,0)       (0.252158,0)        (0.31,0)            
(1.04995,0)         (0.445026,0)        (-0.972894,0)       (0.160561,0)        (0.38,0)            
(1.05314,0)         (0.289298,0)        (-0.87944,0)        (0.263296,0)        (0.34,0)            
(1.04189,0)         (0.532358,0)        (-1.13935,0)        (0.176327,0)        (0.48,0)            
(1.05317,0)         (0.218128,0)        (-0.877258,0)       (0.336325,0)        (0.34,0)            
(1.0427,0)          (0.433155,0)        (-1.1063,0)         (0.258815,0)        (0.47,0)            
(1.0435,0)          (0.48938,0)         (-1.09146,0)        (0.190463,0)        (0.46,0)            
(1.04749,0)         (0.36653,0)         (-0.985008,0)       (0.250449,0)        (0.41,0)            
(1.04272,0)         (0.580684,0)        (-1.15433,0)        (0.135422,0)        (0.47,0)            
(1.04996,0)         (0.337364,0)        (-0.959352,0)       (0.264445,0)        (0.38,0)            
(1.04831,0)         (0.448191,0)        (-0.985661,0)       (0.165466,0)        (0.4,0)             
(1.04347,0)         (0.549439,0)        (-1.09842,0)        (0.132127,0)        (0.46,0)            
(1.03944,0)         (0.599197,0)        (-1.18343,0)        (0.134789,0)        (0.51,0)            
(1.04027,0)         (0.598685,0)        (-1.1854,0)         (0.136588,0)        (0.5,0)             
(1.04269,0)         (0.578598,0)        (-1.13699,0)        (0.12645,0)         (0.47,0)            
(1.04754,0)         (0.479545,0)        (-1.04029,0)        (0.167822,0)        (0.41,0)            
(1.04751,0)         (0.417509,0)        (-1.01471,0)        (0.216247,0)        (0.41,0)            
(1.03946,0)         (0.503662,0)        (-1.1741,0)         (0.228701,0)        (0.51,0)            
(1.05073,0)         (0.320442,0)        (-0.923712,0)       (0.259211,0)        (0.37,0)            
(1.04677,0)         (0.519761,0)        (-1.07473,0)        (0.147922,0)        (0.42,0)            
(1.05642,0)         (0.269661,0)        (-0.842627,0)       (0.260147,0)        (0.3,0)             
(1.04349,0)         (0.574874,0)        (-1.11391,0)        (0.115495,0)        (0.46,0)            
(1.04589,0)         (0.419439,0)        (-1.02106,0)        (0.218308,0)        (0.43,0)            
(1.04506,0)         (0.483222,0)        (-1.05109,0)        (0.170927,0)        (0.44,0)            
(1.0532,0)          (0.243865,0)        (-0.892577,0)       (0.319265,0)        (0.34,0)            
(1.05561,0)         (0.330012,0)        (-0.850181,0)       (0.201889,0)        (0.31,0)            
(1.04832,0)         (0.37713,0)         (-0.982198,0)       (0.237556,0)        (0.4,0)             
(1.04835,0)         (0.414747,0)        (-1.00126,0)        (0.210483,0)        (0.4,0)             
(1.05158,0)         (0.380895,0)        (-0.942902,0)       (0.208334,0)        (0.36,0)            
(1.05081,0)         (0.400068,0)        (-0.993956,0)       (0.221132,0)        (0.37,0)            
(1.04428,0)         (0.497948,0)        (-1.07067,0)        (0.168128,0)        (0.45,0)            
(1.03786,0)         (0.642065,0)        (-1.2326,0)         (0.121592,0)        (0.53,0)            
(1.05154,0)         (0.330025,0)        (-0.911914,0)       (0.241597,0)        (0.36,0)            
(1.03945,0)         (0.624686,0)        (-1.19829,0)        (0.117688,0)        (0.51,0)            
(1.05723,0)         (0.2537,0)          (-0.816616,0)       (0.260103,0)        (0.29,0)            
(1.04344,0)         (0.476347,0)        (-1.07698,0)        (0.194776,0)        (0.46,0)            
(1.04676,0)         (0.434624,0)        (-1.05146,0)        (0.221992,0)        (0.42,0)            
(1.04517,0)         (0.585978,0)        (-1.12205,0)        (0.109122,0)        (0.44,0)            
(1.0435,0)          (0.527107,0)        (-1.10925,0)        (0.162451,0)        (0.46,0)            
(1.05398,0)         (0.31208,0)         (-0.880203,0)       (0.239961,0)        (0.33,0)            
(1.04433,0)         (0.464751,0)        (-1.08674,0)        (0.213186,0)        (0.45,0)            
(1.05315,0)         (0.227098,0)        (-0.855789,0)       (0.31313,0)         (0.34,0)            
(1.05158,0)         (0.391952,0)        (-0.938768,0)       (0.19411,0)         (0.36,0)            
(1.04833,0)         (0.425913,0)        (-0.99585,0)        (0.195321,0)        (0.4,0)             
(1.0443,0)          (0.500089,0)        (-1.08737,0)        (0.176631,0)        (0.45,0)            
(1.04671,0)         (0.502225,0)        (-1.02942,0)        (0.137107,0)        (0.42,0)            
(1.04107,0)         (0.570542,0)        (-1.15581,0)        (0.146986,0)        (0.49,0)            
(1.03785,0)         (0.677596,0)        (-1.23433,0)        (0.0855473,0)       (0.53,0)            
(1.05641,0)         (0.244171,0)        (-0.827773,0)       (0.277248,0)        (0.3,0)             
(1.05641,0)         (0.256408,0)        (-0.830706,0)       (0.266337,0)        (0.3,0)             
(1.05723,0)         (0.290301,0)        (-0.826695,0)       (0.22831,0)         (0.29,0)            
(1.04832,0)         (0.450387,0)        (-1.00172,0)        (0.173499,0)        (0.4,0)             
(1.05318,0)         (0.255854,0)        (-0.895044,0)       (0.308313,0)        (0.34,0)            
(1.05078,0)         (0.393727,0)        (-0.946257,0)       (0.197073,0)        (0.37,0)            
(1.04678,0)         (0.460882,0)        (-1.07484,0)        (0.209571,0)        (0.42,0)            
(1.06533,0)         (0.169524,0)        (-0.675843,0)       (0.257561,0)        (0.19,0)            
(1.04428,0)         (0.452486,0)        (-1.08078,0)        (0.222178,0)        (0.45,0)            
(1.04597,0)         (0.557835,0)        (-1.09247,0)        (0.119519,0)        (0.43,0)            
(1.05882,0)         (0.137822,0)        (-0.748394,0)       (0.337398,0)        (0.27,0)            
(1.05153,0)         (0.353374,0)        (-0.910073,0)       (0.215993,0)        (0.36,0)            
(1.04828,0)         (0.228886,0)        (-0.925011,0)       (0.355799,0)        (0.4,0)             
(1.04433,0)         (0.563251,0)        (-1.12065,0)        (0.131987,0)        (0.45,0)            
(1.04594,0)         (0.496101,0)        (-1.06672,0)        (0.167516,0)        (0.43,0)            
(1.05804,0)         (0.166733,0)        (-0.786501,0)       (0.33168,0)         (0.28,0)            
(1.05075,0)         (0.405826,0)        (-0.947444,0)       (0.185182,0)        (0.37,0)            
(1.04594,0)         (0.410662,0)        (-1.04363,0)        (0.242014,0)        (0.43,0)            
(1.04594,0)         (0.555748,0)        (-1.07513,0)        (0.110547,0)        (0.43,0)            
(1.04592,0)         (0.459307,0)        (-1.05554,0)        (0.198799,0)        (0.43,0)            
(1.04431,0)         (0.50116,0)         (-1.09572,0)        (0.180882,0)        (0.45,0)            
(1.05317,0)         (0.288311,0)        (-0.873479,0)       (0.260494,0)        (0.34,0)            
(1.04834,0)         (0.365963,0)        (-0.987613,0)       (0.252718,0)        (0.4,0)             
(1.03786,0)         (0.703085,0)        (-1.24919,0)        (0.0684463,0)       (0.53,0)            
(1.04671,0)         (0.46782,0)         (-1.03539,0)        (0.176934,0)        (0.42,0)            
(1.05642,0)         (0.231934,0)        (-0.82484,0)        (0.288159,0)        (0.3,0)             
(1.04755,0)         (0.490602,0)        (-1.03615,0)        (0.153599,0)        (0.41,0)            
(1.05155,0)         (0.390991,0)        (-0.92914,0)        (0.18892,0)         (0.36,0)            
(1.04595,0)         (0.509106,0)        (-1.07818,0)        (0.161285,0)        (0.43,0)            
(1.04027,0)         (0.645272,0)        (-1.18299,0)        (0.0863198,0)       (0.5,0)             
(1.05963,0)         (0.221486,0)        (-0.763996,0)       (0.259937,0)        (0.26,0)            
(1.05073,0)         (0.36928,0)         (-0.936724,0)       (0.216507,0)        (0.37,0)            
(1.05316,0)         (0.362446,0)        (-0.900239,0)       (0.200178,0)        (0.34,0)            
(1.04027,0)         (0.634215,0)        (-1.18713,0)        (0.100543,0)        (0.5,0)             
(1.04668,0)         (0.248214,0)        (-0.974916,0)       (0.367696,0)        (0.42,0)            
(1.04836,0)         (0.43025,0)         (-1.0286,0)         (0.211856,0)        (0.4,0)             
(1.05963,0)         (0.138297,0)        (-0.756319,0)       (0.341999,0)        (0.26,0)            
(1.05886,0)         (0.273883,0)        (-0.802007,0)       (0.229595,0)        (0.27,0)            
(1.05314,0)         (0.299284,0)        (-0.866959,0)       (0.244822,0)        (0.34,0)            
(1.04917,0)         (0.413164,0)        (-0.994882,0)       (0.208031,0)        (0.39,0)            
(1.04755,0)         (0.479491,0)        (-1.04093,0)        (0.168291,0)        (0.41,0)            
(1.05317,0)         (0.229239,0)        (-0.872484,0)       (0.321632,0)        (0.34,0)            
(1.04758,0)         (0.505996,0)        (-1.06477,0)        (0.155911,0)        (0.41,0)            
(1.04676,0)         (0.566403,0)        (-1.07168,0)        (0.0971841,0)       (0.42,0)            
(1.04835,0)         (0.453599,0)        (-1.02676,0)        (0.186253,0)        (0.4,0)             
(1.04593,0)         (0.470309,0)        (-1.05204,0)        (0.185045,0)        (0.43,0)            
(1.04675,0)         (0.469907,0)        (-1.05273,0)        (0.185906,0)        (0.42,0)            
(1.04433,0)         (0.536581,0)        (-1.09873,0)        (0.145776,0)        (0.45,0)            
(1.04596,0)         (0.521289,0)        (-1.08175,0)        (0.150843,0)        (0.43,0)            
(1.06045,0)         (0.219903,0)        (-0.757612,0)       (0.257485,0)        (0.25,0)            
(1.05559,0)         (0.245753,0)        (-0.834157,0)       (0.2797,0)          (0.31,0)            
(1.0475,0)          (0.463026,0)        (-1.00396,0)        (0.161728,0)        (0.41,0)            
(1.0515,0)          (0.30352,0)         (-0.888073,0)       (0.253977,0)        (0.36,0)            
(1.04915,0)         (0.399911,0)        (-0.982961,0)       (0.214221,0)        (0.39,0)            
(1.04919,0)         (0.343174,0)        (-0.999766,0)       (0.284372,0)        (0.39,0)            
(1.05158,0)         (0.382021,0)        (-0.950609,0)       (0.212116,0)        (0.36,0)            
(1.04676,0)         (0.51869,0)         (-1.06638,0)        (0.143671,0)        (0.42,0)            
(1.04598,0)         (0.572268,0)        (-1.11146,0)        (0.116642,0)        (0.43,0)            
(1.03784,0)         (0.605519,0)        (-1.22188,0)        (0.152917,0)        (0.53,0)            
(1.05557,0)         (0.268031,0)        (-0.823967,0)       (0.249845,0)        (0.31,0)            
(1.05559,0)         (0.292341,0)        (-0.831754,0)       (0.229432,0)        (0.31,0)            
(1.04029,0)         (0.622994,0)        (-1.19318,0)        (0.116175,0)        (0.5,0)             
(1.0443,0)          (0.547802,0)        (-1.09267,0)        (0.130144,0)        (0.45,0)            
(1.05401,0)         (0.349642,0)        (-0.899911,0)       (0.213358,0)        (0.33,0)            
(1.04997,0)         (0.411691,0)        (-0.987217,0)       (0.20464,0)         (0.38,0)            
(1.04832,0)         (0.439275,0)        (-1.00649,0)        (0.188192,0)        (0.4,0)             
(1.04589,0)         (0.398397,0)        (-1.03767,0)        (0.251007,0)        (0.43,0)            
(1.05238,0)         (0.40159,0)         (-0.92633,0)        (0.176027,0)        (0.35,0)            
(1.05242,0)         (0.404748,0)        (-0.952013,0)       (0.18925,0)         (0.35,0)            
(1.04188,0)         (0.506045,0)        (-1.11661,0)        (0.189218,0)        (0.48,0)            
(1.04187,0)         (0.592363,0)        (-1.14695,0)        (0.118461,0)        (0.48,0)            
(1.04675,0)         (0.530927,0)        (-1.06931,0)        (0.13276,0)         (0.42,0)            
(1.04191,0)         (0.617743,0)        (-1.16308,0)        (0.102298,0)        (0.48,0)            
(1.04913,0)         (0.374477,0)        (-0.967467,0)       (0.230852,0)        (0.39,0)            
(1.03787,0)         (0.715267,0)        (-1.25276,0)        (0.0580049,0)       (0.53,0)            
(1.06207,0)         (0.0217977,0)       (-0.691343,0)       (0.422032,0)        (0.23,0)            
(1.04513,0)         (0.571709,0)        (-1.10114,0)        (0.110591,0)        (0.44,0)            
(1.05077,0)         (0.421275,0)        (-0.975419,0)       (0.187025,0)        (0.37,0)            
(1.04996,0)         (0.310996,0)        (-0.937257,0)       (0.277805,0)        (0.38,0)            
(1.04757,0)         (0.504926,0)        (-1.05642,0)        (0.15166,0)         (0.41,0)            
(1.05159,0)         (0.403311,0)        (-0.934459,0)       (0.179458,0)        (0.36,0)            
(1.04752,0)         (0.476279,0)        (-1.01589,0)        (0.155537,0)        (0.41,0)            
(1.04512,0)         (0.510744,0)        (-1.08392,0)        (0.163268,0)        (0.44,0)            
(1.04834,0)         (0.389559,0)        (-0.986236,0)       (0.227155,0)        (0.4,0)             
(1.0451,0)          (0.484183,0)        (-1.06072,0)        (0.176117,0)        (0.44,0)            
(1.04112,0)         (0.659138,0)        (-1.20459,0)        (0.0857109,0)       (0.49,0)            
(1.04186,0)         (0.520286,0)        (-1.1345,0)         (0.18583,0)         (0.48,0)            
(1.04831,0)         (0.426022,0)        (-0.994569,0)       (0.194382,0)        (0.4,0)             
(1.0443,0)          (0.378296,0)        (-1.05467,0)        (0.282963,0)        (0.45,0)            
(1.05075,0)         (0.30815,0)         (-0.92142,0)        (0.270591,0)        (0.37,0)            
(1.04104,0)         (0.519617,0)        (-1.12546,0)        (0.180718,0)        (0.49,0)            
(1.04027,0)         (0.646397,0)        (-1.1907,0)         (0.0901018,0)       (0.5,0)             
(1.05157,0)         (0.357656,0)        (-0.943463,0)       (0.232999,0)        (0.36,0)            
(1.05078,0)         (0.433457,0)        (-0.978992,0)       (0.176584,0)        (0.37,0)            
(1.04267,0)         (0.506576,0)        (-1.1239,0)         (0.19335,0)         (0.47,0)            
(1.04995,0)         (0.433969,0)        (-0.977028,0)       (0.174785,0)        (0.38,0)            
(1.05083,0)         (0.448796,0)        (-1.00825,0)        (0.179366,0)        (0.37,0)            
(1.03383,0)         (0.729549,0)        (-1.3354,0)         (0.0962428,0)       (0.58,0)            
(1.04997,0)         (0.410566,0)        (-0.97951,0)        (0.200858,0)        (0.38,0)            
(1.04753,0)         (0.45293,0)         (-1.01773,0)        (0.181141,0)        (0.41,0)            
(1.0427,0)          (0.543067,0)        (-1.13526,0)        (0.162495,0)        (0.47,0)            
(1.05078,0)         (0.456751,0)        (-0.977791,0)       (0.15145,0)         (0.37,0)            
(1.04592,0)         (0.470364,0)        (-1.0514,0)         (0.184576,0)        (0.43,0)            
(1.05235,0)         (0.157867,0)        (-0.859174,0)       (0.387713,0)        (0.35,0)            
(1.05239,0)         (0.353823,0)        (-0.921665,0)       (0.222983,0)        (0.35,0)            
(1.04994,0)         (0.385186,0)        (-0.963376,0)       (0.21702,0)         (0.38,0)            
(1.04672,0)         (0.420053,0)        (-1.03073,0)        (0.22389,0)         (0.42,0)            
(1.04992,0)         (0.395226,0)        (-0.950254,0)       (0.198076,0)        (0.38,0)            
(1.03944,0)         (0.599197,0)        (-1.18343,0)        (0.134789,0)        (0.51,0)            
(1.04999,0)         (0.387163,0)        (-0.981992,0)       (0.226931,0)        (0.38,0)            
(1.04589,0)         (0.457221,0)        (-1.0382,0)         (0.189827,0)        (0.43,0)            
(1.04674,0)         (0.505437,0)        (-1.05446,0)        (0.149861,0)        (0.42,0)            
(1.05074,0)         (0.332624,0)        (-0.927286,0)       (0.24877,0)         (0.37,0)            
(1.0435,0)          (0.539344,0)        (-1.11218,0)        (0.15154,0)         (0.46,0)            
(1.03948,0)         (0.615716,0)        (-1.21975,0)        (0.140884,0)        (0.51,0)            
(1.04919,0)         (0.488562,0)        (-1.03109,0)        (0.152476,0)        (0.39,0)            
(1.03865,0)         (0.565441,0)        (-1.18919,0)        (0.173796,0)        (0.52,0)            
(1.03622,0)         (0.669595,0)        (-1.25251,0)        (0.105614,0)        (0.55,0)            
(1.04272,0)         (0.627272,0)        (-1.15192,0)        (0.0851536,0)       (0.47,0)            
(1.03948,0)         (0.626773,0)        (-1.21562,0)        (0.12666,0)         (0.51,0)            
(1.05075,0)         (0.371421,0)        (-0.953419,0)       (0.225009,0)        (0.37,0)            
(1.04511,0)         (0.497436,0)        (-1.07264,0)        (0.169927,0)        (0.44,0)            
(1.0475,0)          (0.342358,0)        (-0.978967,0)       (0.271842,0)        (0.41,0)            
(1.05232,0)         (0.313049,0)        (-0.876915,0)       (0.236832,0)        (0.35,0)            
(1.05805,0)         (0.242186,0)        (-0.822073,0)       (0.275657,0)        (0.28,0)            
(1.05075,0)         (0.405826,0)        (-0.947444,0)       (0.185182,0)        (0.37,0)            
(1.04917,0)         (0.437583,0)        (-1.00139,0)        (0.186678,0)        (0.39,0)            
(1.04671,0)         (0.4068,0)          (-1.01881,0)        (0.23008,0)         (0.42,0)            
(1.04271,0)         (0.567432,0)        (-1.1424,0)         (0.141612,0)        (0.47,0)            
(1.04833,0)         (0.379326,0)        (-0.998252,0)       (0.245589,0)        (0.4,0)             
(1.05321,0)         (0.183558,0)        (-0.885155,0)       (0.37756,0)         (0.34,0)            
(1.05319,0)         (0.32568,0)         (-0.892081,0)       (0.23338,0)         (0.34,0)            
(1.03873,0)         (0.752373,0)        (-1.27379,0)        (0.0327311,0)       (0.52,0)            
(1.04991,0)         (0.27154,0)         (-0.90132,0)        (0.295947,0)        (0.38,0)            
(1.04431,0)         (0.535565,0)        (-1.08974,0)        (0.141055,0)        (0.45,0)            
(1.04833,0)         (0.3782,0)          (-0.990545,0)       (0.241807,0)        (0.4,0)             
(1.04514,0)         (0.461796,0)        (-1.07219,0)        (0.206911,0)        (0.44,0)            
(1.04509,0)         (0.384613,0)        (-1.01847,0)        (0.253064,0)        (0.44,0)            
(1.04029,0)         (0.646288,0)        (-1.19198,0)        (0.0910405,0)       (0.5,0)             
(1.03949,0)         (0.590117,0)        (-1.20618,0)        (0.158923,0)        (0.51,0)            
(1.04915,0)         (0.483154,0)        (-0.989997,0)       (0.131689,0)        (0.39,0)            
(1.04753,0)         (0.358631,0)        (-1.01483,0)        (0.277896,0)        (0.41,0)            
(1.04996,0)         (0.333466,0)        (-0.928174,0)       (0.24846,0)         (0.38,0)            
(1.04835,0)         (0.426929,0)        (-1.00484,0)        (0.200041,0)        (0.4,0)             
(1.05078,0)         (0.349089,0)        (-0.964249,0)       (0.255334,0)        (0.37,0)            
(1.04351,0)         (0.563708,0)        (-1.11933,0)        (0.130657,0)        (0.46,0)            
(1.04668,0)         (0.44244,0)         (-1.01926,0)        (0.193096,0)        (0.42,0)            
(1.04349,0)         (0.538273,0)        (-1.10383,0)        (0.147289,0)        (0.46,0)            
(1.0491,0)          (0.324677,0)        (-0.944827,0)       (0.268367,0)        (0.39,0)            
(1.05479,0)         (0.260589,0)        (-0.852461,0)       (0.275962,0)        (0.32,0)            
(1.05401,0)         (0.314166,0)        (-0.897539,0)       (0.248933,0)        (0.33,0)            
(1.0475,0)          (0.451969,0)        (-1.0081,0)         (0.175951,0)        (0.41,0)            
(1.0459,0)          (0.456041,0)        (-1.03113,0)        (0.186515,0)        (0.43,0)            
(1.04592,0)         (0.459307,0)        (-1.05554,0)        (0.198799,0)        (0.43,0)            
(1.05236,0)         (0.351736,0)        (-0.90433,0)        (0.214011,0)        (0.35,0)            
(1.05076,0)         (0.382478,0)        (-0.949285,0)       (0.210786,0)        (0.37,0)            
(1.05397,0)         (0.276604,0)        (-0.877831,0)       (0.275537,0)        (0.33,0)            
(1.05075,0)         (0.308452,0)        (-0.921245,0)       (0.270163,0)        (0.37,0)            
(1.0443,0)          (0.498964,0)        (-1.07966,0)        (0.172849,0)        (0.45,0)            
(1.0548,0)          (0.199761,0)        (-0.836982,0)       (0.329619,0)        (0.32,0)            
(1.05476,0)         (0.318397,0)        (-0.844003,0)       (0.210062,0)        (0.32,0)            
(1.05885,0)         (0.237337,0)        (-0.791288,0)       (0.26092,0)         (0.27,0)            
(1.04674,0)         (0.55315,0)         (-1.05976,0)        (0.103374,0)        (0.42,0)            
(1.04596,0)         (0.535722,0)        (-1.10074,0)        (0.147966,0)        (0.43,0)            
(1.0467,0)          (0.465624,0)        (-1.01934,0)        (0.1689,0)          (0.42,0)            
(1.04675,0)         (0.506508,0)        (-1.06281,0)        (0.154112,0)        (0.42,0)            
(1.04988,0)         (0.321063,0)        (-0.920467,0)       (0.256473,0)        (0.38,0)            
(1.04992,0)         (0.345565,0)        (-0.92936,0)        (0.23657,0)         (0.38,0)            
(1.05316,0)         (0.263946,0)        (-0.866333,0)       (0.281377,0)        (0.34,0)            
(1.05155,0)         (0.332221,0)        (-0.927969,0)       (0.24963,0)         (0.36,0)            
(1.06042,0)         (0.0990978,0)       (-0.730869,0)       (0.36662,0)         (0.25,0)            
(1.05641,0)         (0.255282,0)        (-0.822999,0)       (0.262555,0)        (0.3,0)             
(1.05237,0)         (0.316151,0)        (-0.903239,0)       (0.250525,0)        (0.35,0)            
(1.04997,0)         (0.459404,0)        (-0.992522,0)       (0.158153,0)        (0.38,0)            
(1.04026,0)         (0.608726,0)        (-1.17227,0)        (0.117644,0)        (0.5,0)             
(1.05237,0)         (0.377226,0)        (-0.919183,0)       (0.19691,0)         (0.35,0)            
(1.04999,0)         (0.436001,0)        (-0.995004,0)       (0.184226,0)        (0.38,0)            
(1.05159,0)         (0.357547,0)        (-0.944744,0)       (0.233937,0)        (0.36,0)            
(1.05637,0)         (0.144463,0)        (-0.783774,0)       (0.353216,0)        (0.3,0)             
(1.05319,0)         (0.241669,0)        (-0.876522,0)       (0.311232,0)        (0.34,0)            
(1.04267,0)         (0.540926,0)        (-1.11856,0)        (0.153992,0)        (0.47,0)            
(1.04828,0)         (0.327385,0)        (-0.958917,0)       (0.274601,0)        (0.4,0)             
(1.04432,0)         (0.489225,0)        (-1.09261,0)        (0.191364,0)        (0.45,0)            
(1.04753,0)         (0.394106,0)        (-1.0172,0)         (0.24232,0)         (0.41,0)            
(1.04674,0)         (0.528731,0)        (-1.05326,0)        (0.124726,0)        (0.42,0)            
(1.058,0)           (0.152464,0)        (-0.765592,0)       (0.333149,0)        (0.28,0)            
(1.05316,0)         (0.36132,0)         (-0.892532,0)       (0.196396,0)        (0.34,0)            
(1.05399,0)         (0.287606,0)        (-0.874338,0)       (0.261783,0)        (0.33,0)            
(1.05402,0)         (0.422844,0)        (-0.920069,0)       (0.14977,0)         (0.33,0)            
(1.06205,0)         (0.142575,0)        (-0.715059,0)       (0.310978,0)        (0.23,0)            
(1.04918,0)         (0.438654,0)        (-1.00973,0)        (0.19093,0)         (0.39,0)            
(1.04273,0)         (0.617286,0)        (-1.1644,0)         (0.103628,0)        (0.47,0)            
(1.05477,0)         (0.248461,0)        (-0.848247,0)       (0.285934,0)        (0.32,0)            
(1.05478,0)         (0.296119,0)        (-0.854192,0)       (0.239917,0)        (0.32,0)            
(1.05161,0)         (0.444057,0)        (-0.976182,0)       (0.16369,0)         (0.36,0)            
(1.04998,0)         (0.412762,0)        (-0.995565,0)       (0.208891,0)        (0.38,0)            
(1.04671,0)         (0.417857,0)        (-1.01467,0)        (0.215856,0)        (0.42,0)            
(1.04989,0)         (0.321008,0)        (-0.921108,0)       (0.256943,0)        (0.38,0)            
(1.04592,0)         (0.520327,0)        (-1.07212,0)        (0.145653,0)        (0.43,0)            
(1.05155,0)         (0.284509,0)        (-0.922664,0)       (0.296117,0)        (0.36,0)            
(1.04833,0)         (0.329362,0)        (-0.977534,0)       (0.284512,0)        (0.4,0)             
(1.06047,0)         (0.256449,0)        (-0.768332,0)       (0.226161,0)        (0.25,0)            
(1.05558,0)         (0.210332,0)        (-0.831144,0)       (0.314807,0)        (0.31,0)            
(1.05404,0)         (0.340672,0)        (-0.92138,0)        (0.236553,0)        (0.33,0)            
(1.05395,0)         (0.248918,0)        (-0.846923,0)       (0.284605,0)        (0.33,0)            
(1.04832,0)         (0.427093,0)        (-1.00292,0)        (0.198633,0)        (0.4,0)             
(1.05559,0)         (0.233571,0)        (-0.830583,0)       (0.290142,0)        (0.31,0)            
(1.05156,0)         (0.282203,0)        (-0.907891,0)       (0.289022,0)        (0.36,0)            
(1.03945,0)         (0.64798,0)         (-1.19708,0)        (0.0925539,0)       (0.51,0)            
(1.04027,0)         (0.620853,0)        (-1.17649,0)        (0.107672,0)        (0.5,0)             
(1.04831,0)         (0.461498,0)        (-0.996941,0)       (0.158806,0)        (0.4,0)             
(1.05556,0)         (0.195954,0)        (-0.811516,0)       (0.317215,0)        (0.31,0)            
(1.0491,0)          (0.313566,0)        (-0.949601,0)       (0.283059,0)        (0.39,0)            
(1.05157,0)         (0.369838,0)        (-0.947036,0)       (0.222557,0)        (0.36,0)            
(1.04999,0)         (0.448183,0)        (-0.998577,0)       (0.173785,0)        (0.38,0)            
(1.04432,0)         (0.52665,0)         (-1.11057,0)        (0.163781,0)        (0.45,0)            
(1.04832,0)         (0.462569,0)        (-1.00529,0)        (0.163057,0)        (0.4,0)             
(1.0476,0)          (0.495955,0)        (-1.07789,0)        (0.174855,0)        (0.41,0)            
(1.0419,0)          (0.521247,0)        (-1.14412,0)        (0.19102,0)         (0.48,0)            
(1.04994,0)         (0.431773,0)        (-0.960973,0)       (0.166751,0)        (0.38,0)            
(1.03947,0)         (0.541691,0)        (-1.19171,0)        (0.200261,0)        (0.51,0)            
(1.05482,0)         (0.348114,0)        (-0.892887,0)       (0.210436,0)        (0.32,0)            
(1.04352,0)         (0.60138,0)         (-1.13775,0)        (0.103115,0)        (0.46,0)            
(1.04433,0)         (0.586544,0)        (-1.11945,0)        (0.106853,0)        (0.45,0)            
(1.05229,0)         (0.241082,0)        (-0.863183,0)       (0.303263,0)        (0.35,0)            
(1.05235,0)         (0.388392,0)        (-0.913768,0)       (0.181747,0)        (0.35,0)            
(1.05397,0)         (0.249111,0)        (-0.848029,0)       (0.285115,0)        (0.33,0)            
(1.04271,0)         (0.533027,0)        (-1.14838,0)        (0.181439,0)        (0.47,0)            
(1.04758,0)         (0.458284,0)        (-1.05947,0)        (0.202398,0)        (0.41,0)            
(1.04676,0)         (0.51869,0)         (-1.06638,0)        (0.143671,0)        (0.42,0)            
(1.05241,0)         (0.39262,0)         (-0.947799,0)       (0.199222,0)        (0.35,0)            
(1.05804,0)         (0.204459,0)        (-0.804287,0)       (0.303668,0)        (0.28,0)            
(1.04996,0)         (0.422803,0)        (-0.982443,0)       (0.189947,0)        (0.38,0)            
(1.04759,0)         (0.542597,0)        (-1.07485,0)        (0.124118,0)        (0.41,0)            
(1.04269,0)         (0.482047,0)        (-1.11867,0)        (0.215641,0)        (0.47,0)            
(1.04675,0)         (0.471032,0)        (-1.06043,0)        (0.189688,0)        (0.42,0)            
(1.04347,0)         (0.537202,0)        (-1.09548,0)        (0.143038,0)        (0.46,0)            
(1.04837,0)         (0.465726,0)        (-1.03097,0)        (0.176281,0)        (0.4,0)             
(1.05236,0)         (0.376155,0)        (-0.910836,0)       (0.192658,0)        (0.35,0)            
(1.04756,0)         (0.457268,0)        (-1.05048,0)        (0.197677,0)        (0.41,0)            
(1.04676,0)         (0.519816,0)        (-1.07409,0)        (0.147453,0)        (0.42,0)            
(1.04107,0)         (0.607198,0)        (-1.16525,0)        (0.114723,0)        (0.49,0)            
(1.03466,0)         (0.787861,0)        (-1.3379,0)         (0.0368628,0)       (0.57,0)            
(1.04829,0)         (0.376169,0)        (-0.972569,0)       (0.232366,0)        (0.4,0)             
(1.05162,0)         (0.419583,0)        (-0.970317,0)       (0.185512,0)        (0.36,0)            
(1.04592,0)         (0.495908,0)        (-1.06562,0)        (0.167006,0)        (0.43,0)            
(1.05318,0)         (0.302441,0)        (-0.892642,0)       (0.258045,0)        (0.34,0)            
