84
e_L                 onsite              nnhop               ospair              nnpair              
(0.5,0)             (0.00572118,0)      (-0.0507547,0)      (0.0408346,0)       (-0.0267156,0)      
(0.5,0)             (0.01006,0)         (-0.0632498,0)      (0.0490561,0)       (-0.0307286,0)      
(0.5,0)             (0.043745,0)        (-0.0625923,0)      (0.0274276,0)       (-0.000843244,0)    
(0.5,0)             (0.0163339,0)       (-0.0468476,0)      (0.0307829,0)       (-0.0149876,0)      
(0.5,0)             (-0.0179962,0)      (-0.0571376,0)      (0.061243,0)        (-0.0514576,0)      
(0.5,0)             (-0.0152893,0)      (-0.0553581,0)      (0.0579941,0)       (-0.0479769,0)      
(0.5,0)             (0.0331323,0)       (-0.0664994,0)      (0.0374792,0)       (-0.0125713,0)      
(0.5,0)             (-0.000122721,0)    (-0.0607353,0)      (0.0532201,0)       (-0.0380669,0)      
(0.5,0)             (0.00443109,0)      (-0.0700196,0)      (0.0584977,0)       (-0.039885,0)       
(0.5,0)             (-0.0123673,0)      (-0.0503678,0)      (0.0518014,0)       (-0.0423013,0)      
(0.5,0)             (0.00279923,0)      (-0.055745,0)       (0.0470273,0)       (-0.0323913,0)      
(0.5,0)             (0.013842,0)        (-0.0454163,0)      (0.031088,0)        (-0.0162734,0)      
(0.5,0)             (0.0206727,0)       (-0.0593427,0)      (0.0390044,0)       (-0.0190006,0)      
(0.5,0)             (0.000952349,0)     (-0.0446812,0)      (0.0385008,0)       (-0.0270925,0)      
(0.5,0)             (0.014057,0)        (-0.0422054,0)      (0.0281441,0)       (-0.0140785,0)      
(0.5,0)             (-0.0196281,0)      (-0.042863,0)       (0.0497726,0)       (-0.0439639,0)      
(0.5,0)             (-0.00759849,0)     (-0.0564413,0)      (0.0541352,0)       (-0.0419245,0)      
(0.5,0)             (0.0333473,0)       (-0.0632885,0)      (0.0345354,0)       (-0.0103764,0)      
(0.5,0)             (0.0175357,0)       (-0.0675438,0)      (0.048141,0)        (-0.0268711,0)      
(0.5,0)             (-0.00424651,0)     (-0.0450294,0)      (0.0420548,0)       (-0.031859,0)       
(0.5,0)             (0.0290085,0)       (-0.0507934,0)      (0.0263139,0)       (-0.00636344,0)     
(0.5,0)             (0.0163339,0)       (-0.0468476,0)      (0.0307829,0)       (-0.0149876,0)      
(0.5,0)             (-0.0019696,0)      (-0.0496715,0)      (0.0446936,0)       (-0.0327681,0)      
(0.5,0)             (0.0290085,0)       (-0.0507934,0)      (0.0263139,0)       (-0.00636344,0)     
(0.5,0)             (0.0362693,0)       (-0.0582983,0)      (0.0283427,0)       (-0.00470079,0)     
(0.5,0)             (0.0275034,0)       (-0.0732691,0)      (0.0469208,0)       (-0.0217277,0)      
(0.5,0)             (0.0208877,0)       (-0.0561319,0)      (0.0360606,0)       (-0.0168057,0)      
(0.5,0)             (0.0127669,0)       (-0.0614703,0)      (0.0458072,0)       (-0.0272479,0)      
(0.5,0)             (0.0202427,0)       (-0.0657643,0)      (0.0448921,0)       (-0.0233903,0)      
(0.5,0)             (0.000522321,0)     (-0.0511028,0)      (0.0443885,0)       (-0.0314822,0)      
(0.5,0)             (0.011135,0)        (-0.0471957,0)      (0.0343369,0)       (-0.0197542,0)      
(0.5,0)             (0.00799809,0)      (-0.0553968,0)      (0.0434734,0)       (-0.0276247,0)      
(0.5,0)             (0.010275,0)        (-0.060039,0)       (0.0461122,0)       (-0.0285337,0)      
(0.5,0)             (-0.0202731,0)      (-0.0524954,0)      (0.0586042,0)       (-0.0505486,0)      
(0.5,0)             (0.0125519,0)       (-0.0646811,0)      (0.048751,0)        (-0.0294428,0)      
(0.5,0)             (0.00842811,0)      (-0.0489752,0)      (0.0375857,0)       (-0.0232349,0)      
(0.5,0)             (0.0131969,0)       (-0.0550487,0)      (0.0399195,0)       (-0.0228581,0)      
(0.5,0)             (0.010275,0)        (-0.060039,0)       (0.0461122,0)       (-0.0285337,0)      
(0.5,0)             (0.0127669,0)       (-0.0614703,0)      (0.0458072,0)       (-0.0272479,0)      
(0.5,0)             (0.0121219,0)       (-0.0711027,0)      (0.0546387,0)       (-0.0338326,0)      
(0.5,0)             (0.0260866,0)       (-0.0557837,0)      (0.0325067,0)       (-0.0120391,0)      
(0.5,0)             (-0.00738347,0)     (-0.0532305,0)      (0.0511913,0)       (-0.0397296,0)      
(0.5,0)             (-0.00652342,0)     (-0.0403872,0)      (0.0394159,0)       (-0.03095,0)        
(0.5,0)             (0.0163339,0)       (-0.0468476,0)      (0.0307829,0)       (-0.0149876,0)      
(0.5,0)             (0.0038743,0)       (-0.0396909,0)      (0.0323081,0)       (-0.0214168,0)      
(0.5,0)             (-0.00716846,0)     (-0.0500196,0)      (0.0482475,0)       (-0.0375347,0)      
(0.5,0)             (0.0208877,0)       (-0.0561319,0)      (0.0360606,0)       (-0.0168057,0)      
(0.5,0)             (0.0312854,0)       (-0.0554356,0)      (0.0289527,0)       (-0.00727249,0)     
(0.5,0)             (0.0287935,0)       (-0.0540043,0)      (0.0292578,0)       (-0.00855833,0)     
(0.5,0)             (0.000522321,0)     (-0.0511028,0)      (0.0443885,0)       (-0.0314822,0)      
(0.5,0)             (-0.0144292,0)      (-0.0425148,0)      (0.0462187,0)       (-0.0391973,0)      
(0.5,0)             (-0.0150743,0)      (-0.0521473,0)      (0.0550503,0)       (-0.045782,0)       
(0.5,0)             (0.0125519,0)       (-0.0646811,0)      (0.048751,0)        (-0.0294428,0)      
(0.5,0)             (0.013842,0)        (-0.0454163,0)      (0.031088,0)        (-0.0162734,0)      
(0.5,0)             (0.01049,0)         (-0.0568282,0)      (0.0431684,0)       (-0.0263388,0)      
(0.5,0)             (-0.000767763,0)    (-0.0703677,0)      (0.0620516,0)       (-0.0446516,0)      
(0.5,0)             (0.0127669,0)       (-0.0614703,0)      (0.0458072,0)       (-0.0272479,0)      
(0.5,0)             (0.0260866,0)       (-0.0557837,0)      (0.0325067,0)       (-0.0120391,0)      
(0.5,0)             (0.0267316,0)       (-0.0461513,0)      (0.0236751,0)       (-0.00545439,0)     
(0.5,0)             (0.01092,0)         (-0.0504065,0)      (0.0372807,0)       (-0.0219491,0)      
(0.5,0)             (-0.00966038,0)     (-0.0485883,0)      (0.0485525,0)       (-0.0388205,0)      
(0.5,0)             (0.0360543,0)       (-0.0615091,0)      (0.0312865,0)       (-0.00689568,0)     
(0.5,0)             (-0.00489155,0)     (-0.0546618,0)      (0.0508863,0)       (-0.0384437,0)      
(0.5,0)             (0.0358393,0)       (-0.0647199,0)      (0.0342304,0)       (-0.00909058,0)     
(0.5,0)             (0.00593619,0)      (-0.0475439,0)      (0.0378908,0)       (-0.0245208,0)      
(0.5,0)             (0.006708,0)        (-0.0746617,0)      (0.0611365,0)       (-0.0407941,0)      
(0.5,0)             (0.00258421,0)      (-0.0589558,0)      (0.0499712,0)       (-0.0345862,0)      
(0.5,0)             (0.0256566,0)       (-0.0622054,0)      (0.0383943,0)       (-0.0164289,0)      
(0.5,0)             (0.0410381,0)       (-0.0643717,0)      (0.0306764,0)       (-0.00432399,0)     
(0.5,0)             (0.00365928,0)      (-0.0429017,0)      (0.035252,0)        (-0.0236117,0)      
(0.5,0)             (0.0553446,0)       (-0.0825922,0)      (0.0376778,0)       (-0.00319358,0)     
(0.5,0)             (0.0152588,0)       (-0.0629016,0)      (0.0455022,0)       (-0.025962,0)       
(0.5,0)             (-0.00609339,0)     (-0.0339656,0)      (0.0335283,0)       (-0.0265602,0)      
(0.5,0)             (0.0082131,0)       (-0.052186,0)       (0.0405296,0)       (-0.0254298,0)      
(0.5,0)             (0.0285785,0)       (-0.0572151,0)      (0.0322016,0)       (-0.0107532,0)      
(0.5,0)             (0.0283635,0)       (-0.0604259,0)      (0.0351455,0)       (-0.0129481,0)      
(0.5,0)             (-0.00966038,0)     (-0.0485883,0)      (0.0485525,0)       (-0.0388205,0)      
(0.5,0)             (0.00258421,0)      (-0.0589558,0)      (0.0499712,0)       (-0.0345862,0)      
(0.5,0)             (0.00550616,0)      (-0.0539655,0)      (0.0437785,0)       (-0.0289105,0)      
(0.5,0)             (0.0285785,0)       (-0.0572151,0)      (0.0322016,0)       (-0.0107532,0)      
(0.5,0)             (-0.0132274,0)      (-0.063211,0)       (0.0635768,0)       (-0.0510808,0)      
(0.5,0)             (-0.0213482,0)      (-0.0685495,0)      (0.0733234,0)       (-0.0615231,0)      
(0.5,0)             (0.00572118,0)      (-0.0507547,0)      (0.0408346,0)       (-0.0267156,0)      
(0.5,0)             (-0.0115073,0)      (-0.0375245,0)      (0.040026,0)        (-0.0335217,0)      
(0.5,0)             (0.013627,0)        (-0.0486271,0)      (0.0340318,0)       (-0.0184683,0)      
(0.5,0)             (0.01049,0)         (-0.0568282,0)      (0.0431684,0)       (-0.0263388,0)      
(0.5,0)             (0.0275034,0)       (-0.0732691,0)      (0.0469208,0)       (-0.0217277,0)      
(0.5,0)             (0.00301424,0)      (-0.0525342,0)      (0.0440835,0)       (-0.0301964,0)      
(0.5,0)             (0.0190408,0)       (-0.0450681,0)      (0.0275341,0)       (-0.0115068,0)      
(0.5,0)             (0.00258421,0)      (-0.0589558,0)      (0.0499712,0)       (-0.0345862,0)      
(0.5,0)             (0.0179658,0)       (-0.0611222,0)      (0.0422533,0)       (-0.0224813,0)      
(0.5,0)             (0.00572118,0)      (-0.0507547,0)      (0.0408346,0)       (-0.0267156,0)      
(0.5,0)             (0.00572118,0)      (-0.0507547,0)      (0.0408346,0)       (-0.0267156,0)      
(0.5,0)             (0.0206727,0)       (-0.0593427,0)      (0.0390044,0)       (-0.0190006,0)      
(0.5,0)             (0.0127669,0)       (-0.0614703,0)      (0.0458072,0)       (-0.0272479,0)      
(0.5,0)             (-0.0148592,0)      (-0.0489365,0)      (0.0521064,0)       (-0.0435871,0)      
(0.5,0)             (0.00279923,0)      (-0.055745,0)       (0.0470273,0)       (-0.0323913,0)      
(0.5,0)             (0.0358393,0)       (-0.0647199,0)      (0.0342304,0)       (-0.00909058,0)     
(0.5,0)             (0.0129819,0)       (-0.0582595,0)      (0.0428634,0)       (-0.025053,0)       
(0.5,0)             (-0.0125823,0)      (-0.0535786,0)      (0.0547452,0)       (-0.0444962,0)      
(0.5,0)             (0.0238097,0)       (-0.0511416,0)      (0.0298678,0)       (-0.01113,0)        
(0.5,0)             (0.0181808,0)       (-0.0579114,0)      (0.0393094,0)       (-0.0202864,0)      
(0.5,0)             (0.00344427,0)      (-0.0461125,0)      (0.0381958,0)       (-0.0258066,0)      
(0.5,0)             (0.00572118,0)      (-0.0507547,0)      (0.0408346,0)       (-0.0267156,0)      
(0.5,0)             (-0.021905,0)       (-0.0382208,0)      (0.0471338,0)       (-0.0430549,0)      
(0.5,0)             (0.00486112,0)      (-0.0635979,0)      (0.05261,0)         (-0.0354952,0)      
(0.5,0)             (0.00756806,0)      (-0.0618185,0)      (0.0493611,0)       (-0.0320145,0)      
(0.5,0)             (0.000737335,0)     (-0.047892,0)       (0.0414447,0)       (-0.0292873,0)      
(0.5,0)             (-0.00923035,0)     (-0.0421667,0)      (0.0426648,0)       (-0.0344307,0)      
(0.5,0)             (-0.0144292,0)      (-0.0425148,0)      (0.0462187,0)       (-0.0391973,0)      
(0.5,0)             (0.0190408,0)       (-0.0450681,0)      (0.0275341,0)       (-0.0115068,0)      
(0.5,0)             (0.0154739,0)       (-0.0596908,0)      (0.0425583,0)       (-0.0237672,0)      
(0.5,0)             (0.0250115,0)       (-0.0718378,0)      (0.0472259,0)       (-0.0230135,0)      
(0.5,0)             (-0.0194131,0)      (-0.0396522,0)      (0.0468288,0)       (-0.041769,0)       
(0.5,0)             (0.000737335,0)     (-0.047892,0)       (0.0414447,0)       (-0.0292873,0)      
(0.5,0)             (0.0281485,0)       (-0.0636367,0)      (0.0380893,0)       (-0.015143,0)       
(0.5,0)             (-0.00944537,0)     (-0.0453775,0)      (0.0456087,0)       (-0.0366256,0)      
(0.5,0)             (0.011135,0)        (-0.0471957,0)      (0.0343369,0)       (-0.0197542,0)      
(0.5,0)             (-0.0019696,0)      (-0.0496715,0)      (0.0446936,0)       (-0.0327681,0)      
(0.5,0)             (-0.00446152,0)     (-0.0482402,0)      (0.0449986,0)       (-0.0340539,0)      
(0.5,0)             (0.0283635,0)       (-0.0604259,0)      (0.0351455,0)       (-0.0129481,0)      
(0.5,0)             (0.0254415,0)       (-0.0654162,0)      (0.0413382,0)       (-0.0186238,0)      
(0.5,0)             (0.0213177,0)       (-0.0497103,0)      (0.0301729,0)       (-0.0124159,0)      
(0.5,0)             (0.0213177,0)       (-0.0497103,0)      (0.0301729,0)       (-0.0124159,0)      
(0.5,0)             (0.00593619,0)      (-0.0475439,0)      (0.0378908,0)       (-0.0245208,0)      
(0.5,0)             (0.010705,0)        (-0.0536174,0)      (0.0402245,0)       (-0.024144,0)       
(0.5,0)             (-0.022765,0)       (-0.0510641,0)      (0.0589092,0)       (-0.0518345,0)      
(0.5,0)             (0.0023692,0)       (-0.0621666,0)      (0.052915,0)        (-0.0367811,0)      
(0.5,0)             (0.0131969,0)       (-0.0550487,0)      (0.0399195,0)       (-0.0228581,0)      
(0.5,0)             (0.0364843,0)       (-0.0550874,0)      (0.0253988,0)       (-0.00250589,0)     
(0.5,0)             (-0.00695344,0)     (-0.0468088,0)      (0.0453036,0)       (-0.0353398,0)      
(0.5,0)             (0.0283635,0)       (-0.0604259,0)      (0.0351455,0)       (-0.0129481,0)      
(0.5,0)             (0.0281485,0)       (-0.0636367,0)      (0.0380893,0)       (-0.015143,0)       
(0.5,0)             (0.00658123,0)      (-0.0379114,0)      (0.0290592,0)       (-0.0179361,0)      
(0.5,0)             (9.22927e-05,0)     (-0.0575245,0)      (0.0502762,0)       (-0.035872,0)       
(0.5,0)             (0.00778307,0)      (-0.0586076,0)      (0.0464173,0)       (-0.0298196,0)      
(0.5,0)             (0.0181808,0)       (-0.0579114,0)      (0.0393094,0)       (-0.0202864,0)      
(0.5,0)             (0.0215328,0)       (-0.0464994,0)      (0.027229,0)        (-0.010221,0)       
(0.5,0)             (-0.00716846,0)     (-0.0500196,0)      (0.0482475,0)       (-0.0375347,0)      
(0.5,0)             (-0.00510656,0)     (-0.0578726,0)      (0.0538301,0)       (-0.0406386,0)      
(0.5,0)             (0.0354092,0)       (-0.0711415,0)      (0.040118,0)        (-0.0134804,0)      
(0.5,0)             (0.0308554,0)       (-0.0618572,0)      (0.0348404,0)       (-0.0116623,0)      
(0.5,0)             (0.0381162,0)       (-0.069362,0)       (0.0368692,0)       (-0.00999962,0)     
(0.5,0)             (0.000952349,0)     (-0.0446812,0)      (0.0385008,0)       (-0.0270925,0)      
(0.5,0)             (-0.00218461,0)     (-0.0528823,0)      (0.0476374,0)       (-0.034963,0)       
(0.5,0)             (0.0306404,0)       (-0.065068,0)       (0.0377843,0)       (-0.0138572,0)      
(0.5,0)             (0.010705,0)        (-0.0536174,0)      (0.0402245,0)       (-0.024144,0)       
(0.5,0)             (-0.0078135,0)      (-0.0596521,0)      (0.057079,0)        (-0.0441194,0)      
(0.5,0)             (0.0208877,0)       (-0.0561319,0)      (0.0360606,0)       (-0.0168057,0)      
(0.5,0)             (0.0082131,0)       (-0.052186,0)       (0.0405296,0)       (-0.0254298,0)      
(0.5,0)             (0.0267316,0)       (-0.0461513,0)      (0.0236751,0)       (-0.00545439,0)     
(0.5,0)             (0.013627,0)        (-0.0486271,0)      (0.0340318,0)       (-0.0184683,0)      
(0.5,0)             (0.0231646,0)       (-0.060774,0)       (0.0386994,0)       (-0.0177147,0)      
(0.5,0)             (-0.00738347,0)     (-0.0532305,0)      (0.0511913,0)       (-0.0397296,0)      
(0.5,0)             (0.0131969,0)       (-0.0550487,0)      (0.0399195,0)       (-0.0228581,0)      
(0.5,0)             (0.0312854,0)       (-0.0554356,0)      (0.0289527,0)       (-0.00727249,0)     
(0.5,0)             (0.0129819,0)       (-0.0582595,0)      (0.0428634,0)       (-0.025053,0)       
(0.5,0)             (0.0256566,0)       (-0.0622054,0)      (0.0383943,0)       (-0.0164289,0)      
(0.5,0)             (0.0023692,0)       (-0.0621666,0)      (0.052915,0)        (-0.0367811,0)      
(0.5,0)             (0.00529115,0)      (-0.0571763,0)      (0.0467223,0)       (-0.0311054,0)      
(0.5,0)             (0.0562047,0)       (-0.0697489,0)      (0.0259024,0)       (0.005586,0)        
(0.5,0)             (0.000737335,0)     (-0.047892,0)       (0.0414447,0)       (-0.0292873,0)      
(0.5,0)             (0.0385462,0)       (-0.0629404,0)      (0.0309815,0)       (-0.00560983,0)     
(0.5,0)             (0.0123369,0)       (-0.0678919,0)      (0.0516949,0)       (-0.0316377,0)      
(0.5,0)             (0.0229496,0)       (-0.0639848,0)      (0.0416432,0)       (-0.0199096,0)      
(0.5,0)             (-0.0063084,0)      (-0.0371764,0)      (0.0364721,0)       (-0.0287551,0)      
(0.5,0)             (0.00593619,0)      (-0.0475439,0)      (0.0378908,0)       (-0.0245208,0)      
(0.5,0)             (0.0082131,0)       (-0.052186,0)       (0.0405296,0)       (-0.0254298,0)      
(0.5,0)             (-0.0161493,0)      (-0.0682013,0)      (0.0697695,0)       (-0.0567565,0)      
(0.5,0)             (0.0200277,0)       (-0.0689751,0)      (0.0478359,0)       (-0.0255852,0)      
(0.5,0)             (0.00864313,0)      (-0.0457644,0)      (0.0346419,0)       (-0.02104,0)        
(0.5,0)             (0.0181808,0)       (-0.0579114,0)      (0.0393094,0)       (-0.0202864,0)      
(0.5,0)             (0.00593619,0)      (-0.0475439,0)      (0.0378908,0)       (-0.0245208,0)      
(0.5,0)             (0.00443109,0)      (-0.0700196,0)      (0.0584977,0)       (-0.039885,0)       
(0.5,0)             (0.0315005,0)       (-0.0522248,0)      (0.0260089,0)       (-0.00507759,0)     
(0.5,0)             (-0.00282966,0)     (-0.0625147,0)      (0.0564689,0)       (-0.0415477,0)      
(0.5,0)             (0.00984497,0)      (-0.0664606,0)      (0.0519999,0)       (-0.0329235,0)      
(0.5,0)             (-0.0121523,0)      (-0.047157,0)       (0.0488575,0)       (-0.0401064,0)      
(0.5,0)             (-0.00403149,0)     (-0.0418185,0)      (0.0391109,0)       (-0.0296641,0)      
(0.5,0)             (0.0263016,0)       (-0.0525729,0)      (0.0295628,0)       (-0.00984418,0)     
(0.5,0)             (0.0154739,0)       (-0.0596908,0)      (0.0425583,0)       (-0.0237672,0)      
(0.5,0)             (0.0285785,0)       (-0.0572151,0)      (0.0322016,0)       (-0.0107532,0)      
(0.5,0)             (0.00138238,0)      (-0.0382596,0)      (0.0326132,0)       (-0.0227027,0)      
(0.5,0)             (0.0183958,0)       (-0.0547005,0)      (0.0363656,0)       (-0.0180915,0)      
(0.5,0)             (-0.0179962,0)      (-0.0571376,0)      (0.061243,0)        (-0.0514576,0)      
(0.5,0)             (0.0254415,0)       (-0.0654162,0)      (0.0413382,0)       (-0.0186238,0)      
(0.5,0)             (0.0156889,0)       (-0.05648,0)        (0.0396145,0)       (-0.0215723,0)      
(0.5,0)             (0.000737335,0)     (-0.047892,0)       (0.0414447,0)       (-0.0292873,0)      
(0.5,0)             (-0.00175459,0)     (-0.0464607,0)      (0.0417497,0)       (-0.0305732,0)      
(0.5,0)             (0.0238097,0)       (-0.0511416,0)      (0.0298678,0)       (-0.01113,0)        
(0.5,0)             (0.0188258,0)       (-0.0482789,0)      (0.0304779,0)       (-0.0137017,0)      
(0.5,0)             (0.0156889,0)       (-0.05648,0)        (0.0396145,0)       (-0.0215723,0)      
(0.5,0)             (0.00365928,0)      (-0.0429017,0)      (0.035252,0)        (-0.0236117,0)      
(0.5,0)             (0.0179658,0)       (-0.0611222,0)      (0.0422533,0)       (-0.0224813,0)      
(0.5,0)             (0.00258421,0)      (-0.0589558,0)      (0.0499712,0)       (-0.0345862,0)      
(0.5,0)             (0.0227346,0)       (-0.0671956,0)      (0.0445871,0)       (-0.0221045,0)      
(0.5,0)             (0.0165489,0)       (-0.0436368,0)      (0.0278391,0)       (-0.0127927,0)      
(0.5,0)             (0.010275,0)        (-0.060039,0)       (0.0461122,0)       (-0.0285337,0)      
(0.5,0)             (-0.0148592,0)      (-0.0489365,0)      (0.0521064,0)       (-0.0435871,0)      
(0.5,0)             (-0.00510656,0)     (-0.0578726,0)      (0.0538301,0)       (-0.0406386,0)      
