90
e_L                 onsite              nnhop               ospair              nnpair              
(0.5,0)             (0.0306404,0)       (-0.065068,0)       (0.0377843,0)       (-0.0138572,0)      
(0.5,0)             (-0.00381648,0)     (-0.0386077,0)      (0.0361671,0)       (-0.0274693,0)      
(0.5,0)             (0.0412531,0)       (-0.0611609,0)      (0.0277326,0)       (-0.00212909,0)     
(0.5,0)             (0.0156889,0)       (-0.05648,0)        (0.0396145,0)       (-0.0215723,0)      
(0.5,0)             (0.0082131,0)       (-0.052186,0)       (0.0405296,0)       (-0.0254298,0)      
(0.5,0)             (0.010705,0)        (-0.0536174,0)      (0.0402245,0)       (-0.024144,0)       
(0.5,0)             (0.00907316,0)      (-0.0393428,0)      (0.0287542,0)       (-0.0166502,0)      
(0.5,0)             (0.010705,0)        (-0.0536174,0)      (0.0402245,0)       (-0.024144,0)       
(0.5,0)             (-0.00153957,0)     (-0.0432499,0)      (0.0388059,0)       (-0.0283783,0)      
(0.5,0)             (0.0206727,0)       (-0.0593427,0)      (0.0390044,0)       (-0.0190006,0)      
(0.5,0)             (-0.0121523,0)      (-0.047157,0)       (0.0488575,0)       (-0.0401064,0)      
(0.5,0)             (-0.0100904,0)      (-0.0550099,0)      (0.0544402,0)       (-0.0432103,0)      
(0.5,0)             (0.0125519,0)       (-0.0646811,0)      (0.048751,0)        (-0.0294428,0)      
(0.5,0)             (0.0186108,0)       (-0.0514897,0)      (0.0334218,0)       (-0.0158966,0)      
(0.5,0)             (0.000522321,0)     (-0.0511028,0)      (0.0443885,0)       (-0.0314822,0)      
(0.5,0)             (0.00615121,0)      (-0.0443331,0)      (0.0349469,0)       (-0.0223259,0)      
(0.5,0)             (0.0154739,0)       (-0.0596908,0)      (0.0425583,0)       (-0.0237672,0)      
(0.5,0)             (-0.00239963,0)     (-0.0560931,0)      (0.0505813,0)       (-0.0371579,0)      
(0.5,0)             (0.0215328,0)       (-0.0464994,0)      (0.027229,0)        (-0.010221,0)       
(0.5,0)             (0.00301424,0)      (-0.0525342,0)      (0.0440835,0)       (-0.0301964,0)      
(0.5,0)             (0.0161189,0)       (-0.0500584,0)      (0.0337268,0)       (-0.0171825,0)      
(0.5,0)             (0.0159039,0)       (-0.0532692,0)      (0.0366706,0)       (-0.0193774,0)      
(0.5,0)             (-0.0250419,0)      (-0.0464219,0)      (0.0562704,0)       (-0.0509254,0)      
(0.5,0)             (0.0186108,0)       (-0.0514897,0)      (0.0334218,0)       (-0.0158966,0)      
(0.5,0)             (0.000952349,0)     (-0.0446812,0)      (0.0385008,0)       (-0.0270925,0)      
(0.5,0)             (0.00799809,0)      (-0.0553968,0)      (0.0434734,0)       (-0.0276247,0)      
(0.5,0)             (-0.00987539,0)     (-0.0517991,0)      (0.0514964,0)       (-0.0410154,0)      
(0.5,0)             (-0.0100904,0)      (-0.0550099,0)      (0.0544402,0)       (-0.0432103,0)      
(0.5,0)             (0.00550616,0)      (-0.0539655,0)      (0.0437785,0)       (-0.0289105,0)      
(0.5,0)             (0.0258716,0)       (-0.0589945,0)      (0.0354505,0)       (-0.014234,0)       
(0.5,0)             (-0.0117223,0)      (-0.0407354,0)      (0.0429699,0)       (-0.0357166,0)      
(0.5,0)             (0.00529115,0)      (-0.0571763,0)      (0.0467223,0)       (-0.0311054,0)      
(0.5,0)             (0.0385462,0)       (-0.0629404,0)      (0.0309815,0)       (-0.00560983,0)     
(0.5,0)             (0.00365928,0)      (-0.0429017,0)      (0.035252,0)        (-0.0236117,0)      
(0.5,0)             (-0.00510656,0)     (-0.0578726,0)      (0.0538301,0)       (-0.0406386,0)      
(0.5,0)             (0.0159039,0)       (-0.0532692,0)      (0.0366706,0)       (-0.0193774,0)      
(0.5,0)             (0.00507614,0)      (-0.0603871,0)      (0.0496661,0)       (-0.0333003,0)      
(0.5,0)             (0.0208877,0)       (-0.0561319,0)      (0.0360606,0)       (-0.0168057,0)      
(0.5,0)             (0.00550616,0)      (-0.0539655,0)      (0.0437785,0)       (-0.0289105,0)      
(0.5,0)             (0.00864313,0)      (-0.0457644,0)      (0.0346419,0)       (-0.02104,0)        
(0.5,0)             (-0.00966038,0)     (-0.0485883,0)      (0.0485525,0)       (-0.0388205,0)      
(0.5,0)             (0.00885814,0)      (-0.0425536,0)      (0.0316981,0)       (-0.0188451,0)      
(0.5,0)             (0.00172416,0)      (-0.071799,0)       (0.0617466,0)       (-0.0433658,0)      
(0.5,0)             (-0.00987539,0)     (-0.0517991,0)      (0.0514964,0)       (-0.0410154,0)      
(0.5,0)             (-0.0146442,0)      (-0.0457256,0)      (0.0491626,0)       (-0.0413922,0)      
(0.5,0)             (0.00593619,0)      (-0.0475439,0)      (0.0378908,0)       (-0.0245208,0)      
(0.5,0)             (0.0263016,0)       (-0.0525729,0)      (0.0295628,0)       (-0.00984418,0)     
(0.5,0)             (0.0127669,0)       (-0.0614703,0)      (0.0458072,0)       (-0.0272479,0)      
(0.5,0)             (-0.000337735,0)    (-0.0639461,0)      (0.0561639,0)       (-0.0402618,0)      
(0.5,0)             (0.0206727,0)       (-0.0593427,0)      (0.0390044,0)       (-0.0190006,0)      
(0.5,0)             (0.00572118,0)      (-0.0507547,0)      (0.0408346,0)       (-0.0267156,0)      
(0.5,0)             (0.000737335,0)     (-0.047892,0)       (0.0414447,0)       (-0.0292873,0)      
(0.5,0)             (0.000737335,0)     (-0.047892,0)       (0.0414447,0)       (-0.0292873,0)      
(0.5,0)             (0.010275,0)        (-0.060039,0)       (0.0461122,0)       (-0.0285337,0)      
(0.5,0)             (0.00593619,0)      (-0.0475439,0)      (0.0378908,0)       (-0.0245208,0)      
(0.5,0)             (0.0152588,0)       (-0.0629016,0)      (0.0455022,0)       (-0.025962,0)       
(0.5,0)             (0.0369143,0)       (-0.0486658,0)      (0.0195111,0)       (0.00188389,0)      
(0.5,0)             (0.000952349,0)     (-0.0446812,0)      (0.0385008,0)       (-0.0270925,0)      
(0.5,0)             (0.00799809,0)      (-0.0553968,0)      (0.0434734,0)       (-0.0276247,0)      
(0.5,0)             (-0.00424651,0)     (-0.0450294,0)      (0.0420548,0)       (-0.031859,0)       
(0.5,0)             (0.00279923,0)      (-0.055745,0)       (0.0470273,0)       (-0.0323913,0)      
(0.5,0)             (0.00615121,0)      (-0.0443331,0)      (0.0349469,0)       (-0.0223259,0)      
(0.5,0)             (0.00529115,0)      (-0.0571763,0)      (0.0467223,0)       (-0.0311054,0)      
(0.5,0)             (0.00301424,0)      (-0.0525342,0)      (0.0440835,0)       (-0.0301964,0)      
(0.5,0)             (0.00365928,0)      (-0.0429017,0)      (0.035252,0)        (-0.0236117,0)      
(0.5,0)             (-0.00944537,0)     (-0.0453775,0)      (0.0456087,0)       (-0.0366256,0)      
(0.5,0)             (0.01092,0)         (-0.0504065,0)      (0.0372807,0)       (-0.0219491,0)      
(0.5,0)             (0.0238097,0)       (-0.0511416,0)      (0.0298678,0)       (-0.01113,0)        
(0.5,0)             (-0.00695344,0)     (-0.0468088,0)      (0.0453036,0)       (-0.0353398,0)      
(0.5,0)             (-0.018983,0)       (-0.0332305,0)      (0.0409411,0)       (-0.0373792,0)      
(0.5,0)             (0.00529115,0)      (-0.0571763,0)      (0.0467223,0)       (-0.0311054,0)      
(0.5,0)             (0.0265166,0)       (-0.0493621,0)      (0.026619,0)        (-0.00764929,0)     
(0.5,0)             (0.01092,0)         (-0.0504065,0)      (0.0372807,0)       (-0.0219491,0)      
(0.5,0)             (0.0333473,0)       (-0.0632885,0)      (0.0345354,0)       (-0.0103764,0)      
(0.5,0)             (-0.0142142,0)      (-0.039304,0)       (0.0432749,0)       (-0.0370024,0)      
(0.5,0)             (0.00593619,0)      (-0.0475439,0)      (0.0378908,0)       (-0.0245208,0)      
(0.5,0)             (0.0159039,0)       (-0.0532692,0)      (0.0366706,0)       (-0.0193774,0)      
(0.5,0)             (0.00842811,0)      (-0.0489752,0)      (0.0375857,0)       (-0.0232349,0)      
(0.5,0)             (0.0387612,0)       (-0.0597296,0)      (0.0280376,0)       (-0.00341494,0)     
(0.5,0)             (0.0179658,0)       (-0.0611222,0)      (0.0422533,0)       (-0.0224813,0)      
(0.5,0)             (0.04353,0)         (-0.0658031,0)      (0.0303714,0)       (-0.00303814,0)     
(0.5,0)             (0.0159039,0)       (-0.0532692,0)      (0.0366706,0)       (-0.0193774,0)      
(0.5,0)             (0.0250115,0)       (-0.0718378,0)      (0.0472259,0)       (-0.0230135,0)      
(0.5,0)             (-0.00695344,0)     (-0.0468088,0)      (0.0453036,0)       (-0.0353398,0)      
(0.5,0)             (0.01006,0)         (-0.0632498,0)      (0.0490561,0)       (-0.0307286,0)      
(0.5,0)             (0.0308554,0)       (-0.0618572,0)      (0.0348404,0)       (-0.0116623,0)      
(0.5,0)             (0.00756806,0)      (-0.0618185,0)      (0.0493611,0)       (-0.0320145,0)      
(0.5,0)             (0.0256566,0)       (-0.0622054,0)      (0.0383943,0)       (-0.0164289,0)      
(0.5,0)             (0.0231646,0)       (-0.060774,0)       (0.0386994,0)       (-0.0177147,0)      
(0.5,0)             (0.0231646,0)       (-0.060774,0)       (0.0386994,0)       (-0.0177147,0)      
(0.5,0)             (0.0414681,0)       (-0.0579501,0)      (0.0247888,0)       (6.58016e-05,0)     
(0.5,0)             (0.0356242,0)       (-0.0679307,0)      (0.0371742,0)       (-0.0112855,0)      
(0.5,0)             (0.0233796,0)       (-0.0575632,0)      (0.0357555,0)       (-0.0155198,0)      
(0.5,0)             (0.0231646,0)       (-0.060774,0)       (0.0386994,0)       (-0.0177147,0)      
(0.5,0)             (0.0329173,0)       (-0.0697102,0)      (0.0404231,0)       (-0.0147662,0)      
(0.5,0)             (0.000952349,0)     (-0.0446812,0)      (0.0385008,0)       (-0.0270925,0)      
(0.5,0)             (0.00365928,0)      (-0.0429017,0)      (0.035252,0)        (-0.0236117,0)      
(0.5,0)             (0.00550616,0)      (-0.0539655,0)      (0.0437785,0)       (-0.0289105,0)      
(0.5,0)             (0.0156889,0)       (-0.05648,0)        (0.0396145,0)       (-0.0215723,0)      
(0.5,0)             (0.0082131,0)       (-0.052186,0)       (0.0405296,0)       (-0.0254298,0)      
(0.5,0)             (0.0161189,0)       (-0.0500584,0)      (0.0337268,0)       (-0.0171825,0)      
(0.5,0)             (0.0202427,0)       (-0.0657643,0)      (0.0448921,0)       (-0.0233903,0)      
(0.5,0)             (0.00301424,0)      (-0.0525342,0)      (0.0440835,0)       (-0.0301964,0)      
(0.5,0)             (0.0154739,0)       (-0.0596908,0)      (0.0425583,0)       (-0.0237672,0)      
(0.5,0)             (0.0256566,0)       (-0.0622054,0)      (0.0383943,0)       (-0.0164289,0)      
(0.5,0)             (0.0159039,0)       (-0.0532692,0)      (0.0366706,0)       (-0.0193774,0)      
(0.5,0)             (0.0356242,0)       (-0.0679307,0)      (0.0371742,0)       (-0.0112855,0)      
(0.5,0)             (0.00464611,0)      (-0.0668087,0)      (0.0555538,0)       (-0.0376901,0)      
(0.5,0)             (-0.00716846,0)     (-0.0500196,0)      (0.0482475,0)       (-0.0375347,0)      
(0.5,0)             (0.0514358,0)       (-0.0636754,0)      (0.0235686,0)       (0.00520919,0)      
(0.5,0)             (0.0161189,0)       (-0.0500584,0)      (0.0337268,0)       (-0.0171825,0)      
(0.5,0)             (0.0354092,0)       (-0.0711415,0)      (0.040118,0)        (-0.0134804,0)      
(0.5,0)             (0.0188258,0)       (-0.0482789,0)      (0.0304779,0)       (-0.0137017,0)      
(0.5,0)             (0.0487289,0)       (-0.0654549,0)      (0.0268175,0)       (0.00172845,0)      
(0.5,0)             (-0.00716846,0)     (-0.0500196,0)      (0.0482475,0)       (-0.0375347,0)      
(0.5,0)             (0.0306404,0)       (-0.065068,0)       (0.0377843,0)       (-0.0138572,0)      
(0.5,0)             (0.0179658,0)       (-0.0611222,0)      (0.0422533,0)       (-0.0224813,0)      
(0.5,0)             (0.0258716,0)       (-0.0589945,0)      (0.0354505,0)       (-0.014234,0)       
(0.5,0)             (-0.0273188,0)      (-0.0417798,0)      (0.0536316,0)       (-0.0500164,0)      
(0.5,0)             (-0.000122721,0)    (-0.0607353,0)      (0.0532201,0)       (-0.0380669,0)      
(0.5,0)             (-0.0105204,0)      (-0.0614316,0)      (0.0603279,0)       (-0.0476001,0)      
(0.5,0)             (0.0119069,0)       (-0.0743136,0)      (0.0575826,0)       (-0.0360275,0)      
(0.5,0)             (0.0379011,0)       (-0.0725728,0)      (0.039813,0)        (-0.0121945,0)      
(0.5,0)             (0.010275,0)        (-0.060039,0)       (0.0461122,0)       (-0.0285337,0)      
(0.5,0)             (0.00464611,0)      (-0.0668087,0)      (0.0555538,0)       (-0.0376901,0)      
(0.5,0)             (0.0119951,0)       (-0.0343525,0)      (0.0225615,0)       (-0.0109746,0)      
(0.5,0)             (-0.021905,0)       (-0.0382208,0)      (0.0471338,0)       (-0.0430549,0)      
(0.5,0)             (0.0354092,0)       (-0.0711415,0)      (0.040118,0)        (-0.0134804,0)      
(0.5,0)             (0.0082131,0)       (-0.052186,0)       (0.0405296,0)       (-0.0254298,0)      
(0.5,0)             (0.0163339,0)       (-0.0468476,0)      (0.0307829,0)       (-0.0149876,0)      
(0.5,0)             (0.0385462,0)       (-0.0629404,0)      (0.0309815,0)       (-0.00560983,0)     
(0.5,0)             (0.0129819,0)       (-0.0582595,0)      (0.0428634,0)       (-0.025053,0)       
(0.5,0)             (-0.00424651,0)     (-0.0450294,0)      (0.0420548,0)       (-0.031859,0)       
(0.5,0)             (0.000522321,0)     (-0.0511028,0)      (0.0443885,0)       (-0.0314822,0)      
(0.5,0)             (0.0211027,0)       (-0.0529211,0)      (0.0331167,0)       (-0.0146108,0)      
(0.5,0)             (-0.0200581,0)      (-0.0492846,0)      (0.0556603,0)       (-0.0483537,0)      
(0.5,0)             (-0.00824353,0)     (-0.0660737,0)      (0.0629667,0)       (-0.0485091,0)      
(0.5,0)             (0.00756806,0)      (-0.0618185,0)      (0.0493611,0)       (-0.0320145,0)      
(0.5,0)             (0.000737335,0)     (-0.047892,0)       (0.0414447,0)       (-0.0292873,0)      
(0.5,0)             (0.00842811,0)      (-0.0489752,0)      (0.0375857,0)       (-0.0232349,0)      
(0.5,0)             (0.0204577,0)       (-0.0625535,0)      (0.0419483,0)       (-0.0211955,0)      
(0.5,0)             (0.0181808,0)       (-0.0579114,0)      (0.0393094,0)       (-0.0202864,0)      
(0.5,0)             (-0.00261464,0)     (-0.0593039,0)      (0.0535251,0)       (-0.0393528,0)      
(0.5,0)             (0.0281485,0)       (-0.0636367,0)      (0.0380893,0)       (-0.015143,0)       
(0.5,0)             (0.0148288,0)       (-0.0693233,0)      (0.0513899,0)       (-0.0303518,0)      
(0.5,0)             (0.0161189,0)       (-0.0500584,0)      (0.0337268,0)       (-0.0171825,0)      
(0.5,0)             (0.00279923,0)      (-0.055745,0)       (0.0470273,0)       (-0.0323913,0)      
(0.5,0)             (-0.0148592,0)      (-0.0489365,0)      (0.0521064,0)       (-0.0435871,0)      
(0.5,0)             (-0.0119373,0)      (-0.0439462,0)      (0.0459137,0)       (-0.0379115,0)      
(0.5,0)             (0.0358393,0)       (-0.0647199,0)      (0.0342304,0)       (-0.00909058,0)     
(0.5,0)             (0.0211027,0)       (-0.0529211,0)      (0.0331167,0)       (-0.0146108,0)      
(0.5,0)             (-0.00467654,0)     (-0.051451,0)       (0.0479424,0)       (-0.0362488,0)      
(0.5,0)             (0.0181808,0)       (-0.0579114,0)      (0.0393094,0)       (-0.0202864,0)      
(0.5,0)             (0.00550616,0)      (-0.0539655,0)      (0.0437785,0)       (-0.0289105,0)      
(0.5,0)             (0.0211027,0)       (-0.0529211,0)      (0.0331167,0)       (-0.0146108,0)      
(0.5,0)             (-0.00652342,0)     (-0.0403872,0)      (0.0394159,0)       (-0.03095,0)        
(0.5,0)             (0.01049,0)         (-0.0568282,0)      (0.0431684,0)       (-0.0263388,0)      
(0.5,0)             (0.0263016,0)       (-0.0525729,0)      (0.0295628,0)       (-0.00984418,0)     
(0.5,0)             (0.0258716,0)       (-0.0589945,0)      (0.0354505,0)       (-0.014234,0)       
(0.5,0)             (0.0177508,0)       (-0.064333,0)       (0.0451971,0)       (-0.0246762,0)      
(0.5,0)             (0.0272884,0)       (-0.0764799,0)      (0.0498647,0)       (-0.0239226,0)      
(0.5,0)             (0.01006,0)         (-0.0632498,0)      (0.0490561,0)       (-0.0307286,0)      
(0.5,0)             (0.01092,0)         (-0.0504065,0)      (0.0372807,0)       (-0.0219491,0)      
(0.5,0)             (0.0183958,0)       (-0.0547005,0)      (0.0363656,0)       (-0.0180915,0)      
(0.5,0)             (0.0163339,0)       (-0.0468476,0)      (0.0307829,0)       (-0.0149876,0)      
(0.5,0)             (0.0229496,0)       (-0.0639848,0)      (0.0416432,0)       (-0.0199096,0)      
(0.5,0)             (0.0360543,0)       (-0.0615091,0)      (0.0312865,0)       (-0.00689568,0)     
(0.5,0)             (0.01049,0)         (-0.0568282,0)      (0.0431684,0)       (-0.0263388,0)      
(0.5,0)             (-0.0100904,0)      (-0.0550099,0)      (0.0544402,0)       (-0.0432103,0)      
(0.5,0)             (0.0233796,0)       (-0.0575632,0)      (0.0357555,0)       (-0.0155198,0)      
(0.5,0)             (0.00464611,0)      (-0.0668087,0)      (0.0555538,0)       (-0.0376901,0)      
(0.5,0)             (0.000307307,0)     (-0.0543136,0)      (0.0473324,0)       (-0.0336771,0)      
(0.5,0)             (-0.0019696,0)      (-0.0496715,0)      (0.0446936,0)       (-0.0327681,0)      
(0.5,0)             (0.0354092,0)       (-0.0711415,0)      (0.040118,0)        (-0.0134804,0)      
(0.5,0)             (-0.00489155,0)     (-0.0546618,0)      (0.0508863,0)       (-0.0384437,0)      
(0.5,0)             (0.011135,0)        (-0.0471957,0)      (0.0343369,0)       (-0.0197542,0)      
(0.5,0)             (0.0206727,0)       (-0.0593427,0)      (0.0390044,0)       (-0.0190006,0)      
(0.5,0)             (0.0283635,0)       (-0.0604259,0)      (0.0351455,0)       (-0.0129481,0)      
(0.5,0)             (-0.00510656,0)     (-0.0578726,0)      (0.0538301,0)       (-0.0406386,0)      
(0.5,0)             (0.0161189,0)       (-0.0500584,0)      (0.0337268,0)       (-0.0171825,0)      
(0.5,0)             (0.0265166,0)       (-0.0493621,0)      (0.026619,0)        (-0.00764929,0)     
(0.5,0)             (0.0123369,0)       (-0.0678919,0)      (0.0516949,0)       (-0.0316377,0)      
(0.5,0)             (0.010275,0)        (-0.060039,0)       (0.0461122,0)       (-0.0285337,0)      
(0.5,0)             (0.0023692,0)       (-0.0621666,0)      (0.052915,0)        (-0.0367811,0)      
(0.5,0)             (0.0387612,0)       (-0.0597296,0)      (0.0280376,0)       (-0.00341494,0)     
(0.5,0)             (0.0229496,0)       (-0.0639848,0)      (0.0416432,0)       (-0.0199096,0)      
(0.5,0)             (0.0156889,0)       (-0.05648,0)        (0.0396145,0)       (-0.0215723,0)      
(0.5,0)             (0.0256566,0)       (-0.0622054,0)      (0.0383943,0)       (-0.0164289,0)      
(0.5,0)             (0.0287935,0)       (-0.0540043,0)      (0.0292578,0)       (-0.00855833,0)     
(0.5,0)             (0.0285785,0)       (-0.0572151,0)      (0.0322016,0)       (-0.0107532,0)      
(0.5,0)             (0.013412,0)        (-0.0518379,0)      (0.0369757,0)       (-0.0206632,0)      
(0.5,0)             (0.0131969,0)       (-0.0550487,0)      (0.0399195,0)       (-0.0228581,0)      
(0.5,0)             (0.0322723,0)       (-0.0793426,0)      (0.0492546,0)       (-0.0213509,0)      
(0.5,0)             (0.00550616,0)      (-0.0539655,0)      (0.0437785,0)       (-0.0289105,0)      
(0.5,0)             (-0.0173512,0)      (-0.0475051,0)      (0.0524115,0)       (-0.044873,0)       
(0.5,0)             (0.0306404,0)       (-0.065068,0)       (0.0377843,0)       (-0.0138572,0)      
(0.5,0)             (0.0287935,0)       (-0.0540043,0)      (0.0292578,0)       (-0.00855833,0)     
(0.5,0)             (0.0260866,0)       (-0.0557837,0)      (0.0325067,0)       (-0.0120391,0)      
(0.5,0)             (0.0156889,0)       (-0.05648,0)        (0.0396145,0)       (-0.0215723,0)      
(0.5,0)             (0.0186108,0)       (-0.0514897,0)      (0.0334218,0)       (-0.0158966,0)      
