54
e_L                 onsite              nnhop               ospair              nnJastrow           
(1.04668,0)         (0.408013,0)        (-1.02744,0)        (0.234493,0)        (0.42,0)            
(1.05395,0)         (0.312103,0)        (-0.88174,0)        (0.241036,0)        (0.33,0)            
(1.04906,0)         (0.31156,0)         (-0.933172,0)       (0.274704,0)        (0.39,0)            
(1.04668,0)         (0.382522,0)        (-1.01258,0)        (0.251593,0)        (0.42,0)            
(1.05314,0)         (0.340303,0)        (-0.910692,0)       (0.230174,0)        (0.34,0)            
(1.0499,0)          (0.350919,0)        (-0.969632,0)       (0.257003,0)        (0.38,0)            
(1.04588,0)         (0.458326,0)        (-1.04812,0)        (0.195176,0)        (0.43,0)            
(1.04025,0)         (0.659806,0)        (-1.20293,0)        (0.0840814,0)       (0.5,0)             
(1.0451,0)          (0.58404,0)         (-1.10501,0)        (0.100304,0)        (0.44,0)            
(1.04346,0)         (0.560589,0)        (-1.09521,0)        (0.118525,0)        (0.46,0)            
(1.05794,0)         (0.163809,0)        (-0.759772,0)       (0.317642,0)        (0.28,0)            
(1.05316,0)         (0.316844,0)        (-0.913819,0)       (0.256722,0)        (0.34,0)            
(1.04749,0)         (0.429779,0)        (-1.01921,0)        (0.206431,0)        (0.41,0)            
(1.05073,0)         (0.469074,0)        (-0.981633,0)       (0.141147,0)        (0.37,0)            
(1.04828,0)         (0.362834,0)        (-0.963479,0)       (0.240581,0)        (0.4,0)             
(1.04827,0)         (0.303295,0)        (-0.953792,0)       (0.296619,0)        (0.4,0)             
(1.0483,0)          (0.498132,0)        (-1.00857,0)        (0.12809,0)         (0.4,0)             
(1.04586,0)         (0.420707,0)        (-1.02905,0)        (0.222249,0)        (0.43,0)            
(1.04507,0)         (0.557533,0)        (-1.08116,0)        (0.11268,0)         (0.44,0)            
(1.04755,0)         (0.544832,0)        (-1.09248,0)        (0.133252,0)        (0.41,0)            
(1.03943,0)         (0.58931,0)         (-1.19687,0)        (0.153913,0)        (0.51,0)            
(1.04506,0)         (0.507677,0)        (-1.05916,0)        (0.150665,0)        (0.44,0)            
(1.04589,0)         (0.484943,0)        (-1.07068,0)        (0.181861,0)        (0.43,0)            
(1.05075,0)         (0.435685,0)        (-0.99661,0)        (0.185708,0)        (0.37,0)            
(1.04586,0)         (0.382155,0)        (-1.00337,0)        (0.246047,0)        (0.43,0)            
(1.04023,0)         (0.608878,0)        (-1.17258,0)        (0.117812,0)        (0.5,0)             
(1.0491,0)          (0.362377,0)        (-0.964807,0)       (0.241913,0)        (0.39,0)            
(1.0467,0)          (0.553296,0)        (-1.06004,0)        (0.10352,0)         (0.42,0)            
(1.05394,0)         (0.34876,0)         (-0.891178,0)       (0.20877,0)         (0.33,0)            
(1.05314,0)         (0.265094,0)        (-0.875579,0)       (0.286239,0)        (0.34,0)            
(1.05395,0)         (0.374251,0)        (-0.906035,0)       (0.19167,0)         (0.33,0)            
(1.02977,0)         (0.838355,0)        (-1.42066,0)        (0.0374581,0)       (0.63,0)            
(1.04746,0)         (0.328941,0)        (-0.967496,0)       (0.278616,0)        (0.41,0)            
(1.0451,0)          (0.513033,0)        (-1.10092,0)        (0.171938,0)        (0.44,0)            
(1.03861,0)         (0.552093,0)        (-1.17711,0)        (0.180123,0)        (0.52,0)            
(1.05149,0)         (0.25701,0)         (-0.891378,0)       (0.304861,0)        (0.36,0)            
(1.04184,0)         (0.529597,0)        (-1.11443,0)        (0.163308,0)        (0.48,0)            
(1.04829,0)         (0.412745,0)        (-0.984841,0)       (0.202127,0)        (0.4,0)             
(1.04751,0)         (0.433047,0)        (-1.04363,0)        (0.218725,0)        (0.41,0)            
(1.04346,0)         (0.478772,0)        (-1.09572,0)        (0.204427,0)        (0.46,0)            
(1.05073,0)         (0.398066,0)        (-0.97754,0)        (0.212781,0)        (0.37,0)            
(1.04751,0)         (0.516237,0)        (-1.05129,0)        (0.136649,0)        (0.41,0)            
(1.04427,0)         (0.511292,0)        (-1.08353,0)        (0.162566,0)        (0.45,0)            
(1.0491,0)          (0.387923,0)        (-0.979023,0)       (0.224344,0)        (0.39,0)            
(1.04508,0)         (0.546422,0)        (-1.08594,0)        (0.127377,0)        (0.44,0)            
(1.04829,0)         (0.414997,0)        (-1.00026,0)        (0.209697,0)        (0.4,0)             
(1.0612,0)          (0.206318,0)        (-0.747248,0)       (0.265122,0)        (0.24,0)            
(1.03946,0)         (0.57721,0)         (-1.19569,0)        (0.165805,0)        (0.51,0)            
(1.04827,0)         (0.401798,0)        (-0.987698,0)       (0.215415,0)        (0.4,0)             
(1.04348,0)         (0.600405,0)        (-1.13034,0)        (0.0994916,0)       (0.46,0)            
(1.04346,0)         (0.488455,0)        (-1.0834,0)         (0.186373,0)        (0.46,0)            
(1.04508,0)         (0.524199,0)        (-1.0955,0)         (0.156771,0)        (0.44,0)            
(1.05156,0)         (0.419722,0)        (-0.970591,0)       (0.185658,0)        (0.36,0)            
(1.04586,0)         (0.480658,0)        (-1.03728,0)        (0.164843,0)        (0.43,0)            
(1.05231,0)         (0.293156,0)        (-0.902784,0)       (0.274397,0)        (0.35,0)            
(1.058,0)           (0.230023,0)        (-0.820034,0)       (0.287173,0)        (0.28,0)            
(1.05232,0)         (0.351871,0)        (-0.904585,0)       (0.214145,0)        (0.35,0)            
(1.04668,0)         (0.480146,0)        (-1.03925,0)        (0.166644,0)        (0.42,0)            
(1.05072,0)         (0.334078,0)        (-0.936368,0)       (0.253209,0)        (0.37,0)            
(1.05072,0)         (0.347084,0)        (-0.947826,0)       (0.246981,0)        (0.37,0)            
(1.05071,0)         (0.272808,0)        (-0.919319,0)       (0.30632,0)         (0.37,0)            
(1.05314,0)         (0.352485,0)        (-0.914264,0)       (0.219731,0)        (0.34,0)            
(1.04669,0)         (0.505637,0)        (-1.0541,0)         (0.149544,0)        (0.42,0)            
(1.04426,0)         (0.440394,0)        (-1.07815,0)        (0.23326,0)         (0.45,0)            
(1.0523,0)          (0.302015,0)        (-0.882583,0)       (0.25213,0)         (0.35,0)            
(1.05312,0)         (0.216116,0)        (-0.860822,0)       (0.327968,0)        (0.34,0)            
(1.04589,0)         (0.518222,0)        (-1.05699,0)        (0.138239,0)        (0.43,0)            
(1.04747,0)         (0.281172,0)        (-0.962837,0)       (0.325579,0)        (0.41,0)            
(1.05477,0)         (0.384851,0)        (-0.903224,0)       (0.178774,0)        (0.32,0)            
(1.04506,0)         (0.424487,0)        (-1.05149,0)        (0.232741,0)        (0.44,0)            
(1.04187,0)         (0.642315,0)        (-1.16989,0)        (0.0811092,0)       (0.48,0)            
(1.04508,0)         (0.522002,0)        (-1.07943,0)        (0.148732,0)        (0.44,0)            
(1.04426,0)         (0.453703,0)        (-1.08944,0)        (0.226603,0)        (0.45,0)            
(1.05074,0)         (0.433488,0)        (-0.980547,0)       (0.177668,0)        (0.37,0)            
(1.04347,0)         (0.587151,0)        (-1.11842,0)        (0.105679,0)        (0.46,0)            
(1.04424,0)         (0.463798,0)        (-1.07566,0)        (0.207182,0)        (0.45,0)            
(1.04025,0)         (0.608769,0)        (-1.17386,0)        (0.118751,0)        (0.5,0)             
(1.0491,0)          (0.460057,0)        (-0.990827,0)       (0.156495,0)        (0.39,0)            
(1.04108,0)         (0.586034,0)        (-1.18538,0)        (0.149947,0)        (0.49,0)            
(1.05637,0)         (0.318631,0)        (-0.85589,0)        (0.217572,0)        (0.3,0)             
(1.04992,0)         (0.338874,0)        (-0.967806,0)       (0.268426,0)        (0.38,0)            
(1.05798,0)         (0.229006,0)        (-0.811042,0)       (0.282448,0)        (0.28,0)            
(1.05232,0)         (0.339634,0)        (-0.901653,0)       (0.225057,0)        (0.35,0)            
(1.0483,0)          (0.462656,0)        (-1.0062,0)         (0.163672,0)        (0.4,0)             
(1.05476,0)         (0.345228,0)        (-0.869198,0)       (0.198318,0)        (0.32,0)            
(1.05638,0)         (0.271933,0)        (-0.859582,0)       (0.26879,0)         (0.3,0)             
(1.05073,0)         (0.395869,0)        (-0.961477,0)       (0.204741,0)        (0.37,0)            
(1.04266,0)         (0.566566,0)        (-1.13372,0)        (0.137057,0)        (0.47,0)            
(1.05318,0)         (0.380009,0)        (-0.947105,0)       (0.21208,0)         (0.34,0)            
(1.05151,0)         (0.36896,0)         (-0.938315,0)       (0.21798,0)         (0.36,0)            
(1.05472,0)         (0.281102,0)        (-0.826279,0)       (0.237767,0)        (0.32,0)            
(1.04186,0)         (0.53476,0)         (-1.15508,0)        (0.18407,0)         (0.48,0)            
(1.04834,0)         (0.479068,0)        (-1.04382,0)        (0.170718,0)        (0.4,0)             
(1.05718,0)         (0.268208,0)        (-0.836496,0)       (0.257828,0)        (0.29,0)            
(1.04913,0)         (0.378844,0)        (-1.00179,0)        (0.248489,0)        (0.39,0)            
(1.05153,0)         (0.439858,0)        (-0.94369,0)        (0.147285,0)        (0.36,0)            
(1.04994,0)         (0.401736,0)        (-1.00127,0)        (0.224212,0)        (0.38,0)            
(1.04589,0)         (0.520419,0)        (-1.07305,0)        (0.146279,0)        (0.43,0)            
(1.05076,0)         (0.399027,0)        (-0.987172,0)       (0.217974,0)        (0.37,0)            
(1.0483,0)          (0.499258,0)        (-1.01628,0)        (0.131875,0)        (0.4,0)             
(1.05476,0)         (0.27617,0)         (-0.880701,0)       (0.27795,0)         (0.32,0)            
(1.0459,0)          (0.376097,0)        (-1.05008,0)        (0.282445,0)        (0.43,0)            
(1.04429,0)         (0.563346,0)        (-1.12159,0)        (0.132621,0)        (0.45,0)            
(1.04267,0)         (0.493197,0)        (-1.11548,0)        (0.202059,0)        (0.47,0)            
(1.04265,0)         (0.470067,0)        (-1.11477,0)        (0.22579,0)         (0.47,0)            
(1.04508,0)         (0.51089,0)         (-1.08421,0)        (0.163429,0)        (0.44,0)            
(1.05234,0)         (0.402798,0)        (-0.934939,0)       (0.180414,0)        (0.35,0)            
(1.0467,0)          (0.482289,0)        (-1.05595,0)        (0.175153,0)        (0.42,0)            
(1.05071,0)         (0.371559,0)        (-0.953691,0)       (0.225156,0)        (0.37,0)            
(1.04586,0)         (0.444056,0)        (-1.0272,0)         (0.19664,0)         (0.43,0)            
(1.04992,0)         (0.386285,0)        (-0.97328,0)        (0.222361,0)        (0.38,0)            
(1.04833,0)         (0.513528,0)        (-1.0372,0)         (0.130411,0)        (0.4,0)             
(1.04668,0)         (0.454601,0)        (-1.02503,0)        (0.184214,0)        (0.42,0)            
(1.04509,0)         (0.53413,0)         (-1.08365,0)        (0.138759,0)        (0.44,0)            
(1.04346,0)         (0.561715,0)        (-1.10292,0)        (0.12231,0)         (0.46,0)            
(1.0507,0)          (0.321703,0)        (-0.931688,0)       (0.263141,0)        (0.37,0)            
(1.0515,0)          (0.304614,0)        (-0.897959,0)       (0.259307,0)        (0.36,0)            
(1.0459,0)          (0.603609,0)        (-1.08072,0)        (0.0642029,0)       (0.43,0)            
(1.04267,0)         (0.554274,0)        (-1.13143,0)        (0.148438,0)        (0.47,0)            
(1.04667,0)         (0.394759,0)        (-1.01552,0)        (0.240681,0)        (0.42,0)            
(1.06042,0)         (0.222061,0)        (-0.775829,0)       (0.267051,0)        (0.25,0)            
(1.04266,0)         (0.58986,0)         (-1.13251,0)        (0.111917,0)        (0.47,0)            
(1.03622,0)         (0.708552,0)        (-1.27897,0)        (0.0820361,0)       (0.55,0)            
(1.04829,0)         (0.341737,0)        (-0.980747,0)       (0.27376,0)         (0.4,0)             
(1.05475,0)         (0.33505,0)         (-0.880581,0)       (0.21629,0)         (0.32,0)            
(1.04106,0)         (0.632732,0)        (-1.18169,0)        (0.0987286,0)       (0.49,0)            
(1.0491,0)          (0.290546,0)        (-0.952827,0)       (0.309333,0)        (0.39,0)            
(1.04831,0)         (0.452616,0)        (-1.01933,0)        (0.182624,0)        (0.4,0)             
(1.04426,0)         (0.40404,0)         (-1.06854,0)        (0.265098,0)        (0.45,0)            
(1.05635,0)         (0.218864,0)        (-0.812525,0)       (0.294011,0)        (0.3,0)             
(1.05153,0)         (0.383284,0)        (-0.958591,0)       (0.216046,0)        (0.36,0)            
(1.04994,0)         (0.435318,0)        (-0.987396,0)       (0.180162,0)        (0.38,0)            
(1.04912,0)         (0.462144,0)        (-1.00817,0)        (0.165474,0)        (0.39,0)            
(1.0467,0)          (0.472303,0)        (-1.06844,0)        (0.193635,0)        (0.42,0)            
(1.03783,0)         (0.654404,0)        (-1.23649,0)        (0.111331,0)        (0.53,0)            
(1.05719,0)         (0.318119,0)        (-0.857858,0)       (0.219374,0)        (0.29,0)            
(1.0451,0)          (0.511907,0)        (-1.0932,0)         (0.168153,0)        (0.44,0)            
(1.05393,0)         (0.310016,0)        (-0.864397,0)       (0.232057,0)        (0.33,0)            
(1.04025,0)         (0.63426,0)         (-1.18872,0)        (0.101651,0)        (0.5,0)             
(1.05155,0)         (0.432014,0)        (-0.972882,0)       (0.174276,0)        (0.36,0)            
(1.04669,0)         (0.455672,0)        (-1.03338,0)        (0.188468,0)        (0.42,0)            
(1.05801,0)         (0.21773,0)         (-0.817743,0)       (0.298554,0)        (0.28,0)            
(1.05069,0)         (0.332869,0)        (-0.926269,0)       (0.247975,0)        (0.37,0)            
(1.04347,0)         (0.564983,0)        (-1.12733,0)        (0.134604,0)        (0.46,0)            
(1.04509,0)         (0.548564,0)        (-1.10264,0)        (0.135886,0)        (0.44,0)            
(1.04587,0)         (0.517206,0)        (-1.048,0)          (0.133515,0)        (0.43,0)            
(1.04669,0)         (0.481217,0)        (-1.0476,0)         (0.170899,0)        (0.42,0)            
(1.0459,0)          (0.557021,0)        (-1.08313,0)        (0.114482,0)        (0.43,0)            
(1.0475,0)          (0.416663,0)        (-1.00903,0)        (0.213599,0)        (0.41,0)            
(1.0491,0)          (0.410091,0)        (-0.970106,0)       (0.195419,0)        (0.39,0)            
(1.05556,0)         (0.236913,0)        (-0.855888,0)       (0.30304,0)         (0.31,0)            
(1.04185,0)         (0.616879,0)        (-1.15439,0)        (0.0977396,0)       (0.48,0)            
(1.0338,0)          (0.739753,0)        (-1.32261,0)        (0.0774883,0)       (0.58,0)            
(1.04108,0)         (0.585979,0)        (-1.18603,0)        (0.150416,0)        (0.49,0)            
(1.05394,0)         (0.370983,0)        (-0.88162,0)        (0.179376,0)        (0.33,0)            
(1.04349,0)         (0.540454,0)        (-1.12211,0)        (0.156898,0)        (0.46,0)            
(1.04828,0)         (0.377323,0)        (-0.981833,0)       (0.237239,0)        (0.4,0)             
(1.04749,0)         (0.500786,0)        (-1.0233,0)         (0.134798,0)        (0.41,0)            
(1.05153,0)         (0.416564,0)        (-0.944896,0)       (0.172425,0)        (0.36,0)            
(1.04989,0)         (0.443078,0)        (-0.955816,0)       (0.151721,0)        (0.38,0)            
(1.04104,0)         (0.606224,0)        (-1.15784,0)        (0.111104,0)        (0.49,0)            
(1.04832,0)         (0.464743,0)        (-1.02355,0)        (0.172651,0)        (0.4,0)             
(1.04587,0)         (0.541626,0)        (-1.0545,0)         (0.112161,0)        (0.43,0)            
(1.04831,0)         (0.452616,0)        (-1.01933,0)        (0.182624,0)        (0.4,0)             
(1.04667,0)         (0.382576,0)        (-1.01194,0)        (0.251123,0)        (0.42,0)            
(1.04668,0)         (0.455726,0)        (-1.03274,0)        (0.187999,0)        (0.42,0)            
(1.0507,0)          (0.298409,0)        (-0.932894,0)       (0.288281,0)        (0.37,0)            
(1.04668,0)         (0.46909,0)         (-1.04338,0)        (0.180872,0)        (0.42,0)            
(1.05795,0)         (0.23501,0)         (-0.764972,0)       (0.246519,0)        (0.28,0)            
(1.05072,0)         (0.332952,0)        (-0.928657,0)       (0.249424,0)        (0.37,0)            
(1.05797,0)         (0.211551,0)        (-0.768099,0)       (0.273068,0)        (0.28,0)            
(1.04186,0)         (0.630133,0)        (-1.16632,0)        (0.0915517,0)       (0.48,0)            
(1.05072,0)         (0.359321,0)        (-0.950758,0)       (0.236069,0)        (0.37,0)            
(1.04428,0)         (0.597806,0)        (-1.11497,0)        (0.0923146,0)       (0.45,0)            
(1.04268,0)         (0.580836,0)        (-1.15463,0)        (0.135593,0)        (0.47,0)            
(1.04994,0)         (0.42503,0)         (-1.00006,0)        (0.199073,0)        (0.38,0)            
(1.05556,0)         (0.244949,0)        (-0.827802,0)       (0.276559,0)        (0.31,0)            
(1.04991,0)         (0.41076,0)         (-0.979144,0)       (0.200536,0)        (0.38,0)            
(1.04265,0)         (0.466992,0)        (-1.09146,0)        (0.214007,0)        (0.47,0)            
(1.04833,0)         (0.368437,0)        (-1.0057,0)         (0.261895,0)        (0.4,0)             
(1.04907,0)         (0.300394,0)        (-0.938591,0)       (0.289871,0)        (0.39,0)            
(1.04829,0)         (0.472696,0)        (-0.993072,0)       (0.144721,0)        (0.4,0)             
(1.04589,0)         (0.508236,0)        (-1.06948,0)        (0.156721,0)        (0.43,0)            
(1.05151,0)         (0.366708,0)        (-0.922893,0)       (0.21041,0)         (0.36,0)            
(1.04265,0)         (0.553258,0)        (-1.12243,0)        (0.143714,0)        (0.47,0)            
(1.04427,0)         (0.535712,0)        (-1.09003,0)        (0.141212,0)        (0.45,0)            
(1.03623,0)         (0.721805,0)        (-1.2909,0)         (0.0758482,0)       (0.55,0)            
(1.05637,0)         (0.328616,0)        (-0.8434,0)         (0.19909,0)         (0.3,0)             
(1.05235,0)         (0.35308,0)         (-0.914684,0)       (0.219379,0)        (0.35,0)            
(1.04266,0)         (0.590931,0)        (-1.14086,0)        (0.116172,0)        (0.47,0)            
(1.05073,0)         (0.398066,0)        (-0.97754,0)        (0.212781,0)        (0.37,0)            
(1.05633,0)         (0.168184,0)        (-0.782637,0)       (0.327783,0)        (0.3,0)             
(1.04994,0)         (0.496038,0)        (-1.00415,0)        (0.127439,0)        (0.38,0)            
(1.0451,0)          (0.548509,0)        (-1.10328,0)        (0.136356,0)        (0.44,0)            
(1.04265,0)         (0.552132,0)        (-1.11472,0)        (0.139929,0)        (0.47,0)            
(1.04346,0)         (0.598317,0)        (-1.113,0)          (0.0905128,0)       (0.46,0)            
(1.04668,0)         (0.432433,0)        (-1.03395,0)        (0.213138,0)        (0.42,0)            
(1.04588,0)         (0.518277,0)        (-1.05635,0)        (0.13777,0)         (0.43,0)            
(1.0346,0)          (0.639474,0)        (-1.28122,0)        (0.155729,0)        (0.57,0)            
(1.04751,0)         (0.504055,0)        (-1.04772,0)        (0.147092,0)        (0.41,0)            
(1.04832,0)         (0.476981,0)        (-1.02648,0)        (0.161739,0)        (0.4,0)             
(1.05717,0)         (0.219478,0)        (-0.822205,0)       (0.299598,0)        (0.29,0)            
(1.0523,0)          (0.361966,0)        (-0.890815,0)       (0.194724,0)        (0.35,0)            
(1.04908,0)         (0.43355,0)         (-0.966978,0)       (0.168871,0)        (0.39,0)            
(1.05233,0)         (0.377307,0)        (-0.920083,0)       (0.197514,0)        (0.35,0)            
(1.04105,0)         (0.47414,0)         (-1.13781,0)        (0.236359,0)        (0.49,0)            
(1.05637,0)         (0.294211,0)        (-0.849385,0)       (0.238927,0)        (0.3,0)             
(1.04189,0)         (0.621109,0)        (-1.18844,0)        (0.115227,0)        (0.48,0)            
(1.05394,0)         (0.335452,0)        (-0.879894,0)       (0.215427,0)        (0.33,0)            
(1.05156,0)         (0.383367,0)        (-0.960979,0)       (0.217496,0)        (0.36,0)            
(1.04749,0)         (0.478618,0)        (-1.03222,0)        (0.163722,0)        (0.41,0)            
(1.05717,0)         (0.219478,0)        (-0.822205,0)       (0.299598,0)        (0.29,0)            
(1.0491,0)          (0.460057,0)        (-0.990827,0)       (0.156495,0)        (0.39,0)            
(1.04668,0)         (0.404992,0)        (-1.00349,0)        (0.22224,0)         (0.42,0)            
(1.0354,0)          (0.674658,0)        (-1.28299,0)        (0.120071,0)        (0.56,0)            
(1.05474,0)         (0.319489,0)        (-0.853875,0)       (0.215377,0)        (0.32,0)            
(1.03704,0)         (0.70804,0)         (-1.28094,0)        (0.0838379,0)       (0.54,0)            
(1.05315,0)         (0.389033,0)        (-0.924983,0)       (0.188404,0)        (0.34,0)            
(1.04188,0)         (0.66668,0)         (-1.17703,0)        (0.0602243,0)       (0.48,0)            
(1.0475,0)          (0.47969,0)         (-1.04057,0)        (0.167977,0)        (0.41,0)            
(1.04506,0)         (0.448852,0)        (-1.05864,0)        (0.211856,0)        (0.44,0)            
(1.04828,0)         (0.46164,0)         (-0.997211,0)       (0.158948,0)        (0.4,0)             
(1.05389,0)         (0.210358,0)        (-0.819752,0)       (0.307558,0)        (0.33,0)            
(1.0491,0)          (0.495533,0)        (-0.993194,0)       (0.120913,0)        (0.39,0)            
(1.04508,0)         (0.546367,0)        (-1.08658,0)        (0.127847,0)        (0.44,0)            
(1.04911,0)         (0.364574,0)        (-0.980869,0)       (0.249953,0)        (0.39,0)            
(1.0507,0)          (0.358305,0)        (-0.941766,0)       (0.231344,0)        (0.37,0)            
(1.05714,0)         (0.155297,0)        (-0.779926,0)       (0.339516,0)        (0.29,0)            
(1.05558,0)         (0.324498,0)        (-0.895679,0)       (0.237043,0)        (0.31,0)            
(1.0467,0)          (0.55217,0)         (-1.05233,0)        (0.099735,0)        (0.42,0)            
(1.05395,0)         (0.241095,0)        (-0.877647,0)       (0.31267,0)         (0.33,0)            
(1.04024,0)         (0.597767,0)        (-1.17736,0)        (0.132509,0)        (0.5,0)             
(1.0451,0)          (0.537398,0)        (-1.10806,0)        (0.151053,0)        (0.44,0)            
(1.04666,0)         (0.331897,0)        (-0.982056,0)       (0.284894,0)        (0.42,0)            
(1.05395,0)         (0.385308,0)        (-0.901896,0)       (0.177442,0)        (0.33,0)            
(1.04672,0)         (0.522104,0)        (-1.09108,0)        (0.15612,0)         (0.42,0)            
(1.05879,0)         (0.264081,0)        (-0.814096,0)       (0.247729,0)        (0.27,0)            
(1.05396,0)         (0.338665,0)        (-0.904949,0)       (0.228191,0)        (0.33,0)            
(1.05151,0)         (0.355651,0)        (-0.927031,0)       (0.224637,0)        (0.36,0)            
(1.05151,0)         (0.366762,0)        (-0.922253,0)       (0.20994,0)         (0.36,0)            
(1.04506,0)         (0.496566,0)        (-1.06394,0)        (0.165362,0)        (0.44,0)            
(1.0523,0)          (0.338672,0)        (-0.89202,0)        (0.219863,0)        (0.35,0)            
(1.04024,0)         (0.634369,0)        (-1.18743,0)        (0.100712,0)        (0.5,0)             
(1.04587,0)         (0.433192,0)        (-1.03244,0)        (0.211377,0)        (0.43,0)            
(1.04673,0)         (0.556455,0)        (-1.08574,0)        (0.116753,0)        (0.42,0)            
(1.05152,0)         (0.308954,0)        (-0.930724,0)       (0.275855,0)        (0.36,0)            
(1.05072,0)         (0.395924,0)        (-0.960836,0)       (0.204272,0)        (0.37,0)            
(1.05393,0)         (0.301156,0)        (-0.884597,0)       (0.254324,0)        (0.33,0)            
(1.03542,0)         (0.724459,0)        (-1.30563,0)        (0.0825556,0)       (0.56,0)            
(1.05153,0)         (0.392144,0)        (-0.93839,0)        (0.193779,0)        (0.36,0)            
(1.04507,0)         (0.459908,0)        (-1.0545,0)         (0.197629,0)        (0.44,0)            
(1.04913,0)         (0.391082,0)        (-1.00472,0)        (0.237577,0)        (0.39,0)            
(1.04993,0)         (0.389609,0)        (-0.997053,0)       (0.234185,0)        (0.38,0)            
(1.0515,0)          (0.379,0)           (-0.925185,0)       (0.199028,0)        (0.36,0)            
(1.04832,0)         (0.453632,0)        (-1.02832,0)        (0.187348,0)        (0.4,0)             
(1.05552,0)         (0.230789,0)        (-0.805604,0)       (0.277084,0)        (0.31,0)            
(1.04669,0)         (0.419372,0)        (-1.02313,0)        (0.219837,0)        (0.42,0)            
(1.05716,0)         (0.336057,0)        (-0.814894,0)       (0.172962,0)        (0.29,0)            
(1.05234,0)         (0.402798,0)        (-0.934939,0)       (0.180414,0)        (0.35,0)            
(1.05477,0)         (0.299409,0)        (-0.880136,0)       (0.25328,0)         (0.32,0)            
(1.04671,0)         (0.434767,0)        (-1.05176,0)        (0.222158,0)        (0.42,0)            
(1.04991,0)         (0.385269,0)        (-0.964288,0)       (0.217636,0)        (0.38,0)            
(1.05232,0)         (0.377417,0)        (-0.918801,0)       (0.196575,0)        (0.35,0)            
(1.04749,0)         (0.466436,0)        (-1.02865,0)        (0.174164,0)        (0.41,0)            
(1.04186,0)         (0.616824,0)        (-1.15503,0)        (0.0982092,0)       (0.48,0)            
(1.04589,0)         (0.469684,0)        (-1.0438,0)         (0.18052,0)         (0.43,0)            
(1.03947,0)         (0.616778,0)        (-1.23035,0)        (0.146731,0)        (0.51,0)            
(1.04671,0)         (0.555439,0)        (-1.07675,0)        (0.112029,0)        (0.42,0)            
(1.05234,0)         (0.366196,0)        (-0.924861,0)       (0.212211,0)        (0.35,0)            
(1.0459,0)          (0.471827,0)        (-1.06051,0)        (0.189029,0)        (0.43,0)            
(1.04666,0)         (0.453639,0)        (-1.0154,0)         (0.17902,0)         (0.42,0)            
(1.05153,0)         (0.453166,0)        (-0.954974,0)       (0.140628,0)        (0.36,0)            
(1.04668,0)         (0.481272,0)        (-1.04696,0)        (0.170429,0)        (0.42,0)            
(1.04506,0)         (0.532097,0)        (-1.06566,0)        (0.12931,0)         (0.44,0)            
(1.04505,0)         (0.434527,0)        (-1.03836,0)        (0.213789,0)        (0.44,0)            
(1.04349,0)         (0.566,0)           (-1.13633,0)        (0.139328,0)        (0.46,0)            
(1.0362,0)          (0.620967,0)        (-1.23918,0)        (0.148033,0)        (0.55,0)            
(1.05477,0)         (0.277241,0)        (-0.889052,0)       (0.282205,0)        (0.32,0)            
(1.04914,0)         (0.426503,0)        (-1.00773,0)        (0.202465,0)        (0.39,0)            
(1.05395,0)         (0.312103,0)        (-0.88174,0)        (0.241036,0)        (0.33,0)            
(1.0475,0)          (0.467452,0)        (-1.03764,0)        (0.178889,0)        (0.41,0)            
(1.06121,0)         (0.171858,0)        (-0.753873,0)       (0.305428,0)        (0.24,0)            
(1.0459,0)          (0.470701,0)        (-1.0528,0)         (0.185244,0)        (0.43,0)            
(1.04991,0)         (0.480697,0)        (-0.974886,0)       (0.124648,0)        (0.38,0)            
(1.03219,0)         (0.758314,0)        (-1.36401,0)        (0.084715,0)        (0.6,0)             
(1.04508,0)         (0.512016,0)        (-1.09192,0)        (0.167214,0)        (0.44,0)            
(1.04345,0)         (0.549533,0)        (-1.09935,0)        (0.132752,0)        (0.46,0)            
(1.03944,0)         (0.625857,0)        (-1.20759,0)        (0.122586,0)        (0.51,0)            
(1.04585,0)         (0.384159,0)        (-1.01833,0)        (0.253576,0)        (0.43,0)            
(1.04347,0)         (0.577166,0)        (-1.13091,0)        (0.124161,0)        (0.46,0)            
(1.04265,0)         (0.528838,0)        (-1.11593,0)        (0.165069,0)        (0.47,0)            
(1.04588,0)         (0.530459,0)        (-1.05992,0)        (0.127327,0)        (0.43,0)            
(1.05074,0)         (0.360283,0)        (-0.960391,0)       (0.241262,0)        (0.37,0)            
(1.05235,0)         (0.257652,0)        (-0.904085,0)       (0.312367,0)        (0.35,0)            
(1.04347,0)         (0.505087,0)        (-1.11846,0)        (0.19154,0)         (0.46,0)            
(1.05313,0)         (0.243804,0)        (-0.891741,0)       (0.318907,0)        (0.34,0)            
(1.05395,0)         (0.409728,0)        (-0.908402,0)       (0.156088,0)        (0.33,0)            
(1.04992,0)         (0.371851,0)        (-0.954285,0)       (0.225233,0)        (0.38,0)            
(1.04023,0)         (0.547033,0)        (-1.14811,0)        (0.16675,0)         (0.5,0)             
(1.05237,0)         (0.405957,0)        (-0.960634,0)       (0.193648,0)        (0.35,0)            
