58
e_L                 onsite              nnhop               ospair              nnJastrow           
(1.05157,0)         (0.274661,0)        (-0.937656,0)       (0.316115,0)        (0.36,0)            
(1.04587,0)         (0.467266,0)        (-1.02584,0)        (0.171419,0)        (0.43,0)            
(1.04915,0)         (0.45095,0)         (-1.01279,0)        (0.180088,0)        (0.39,0)            
(1.04834,0)         (0.52461,0)         (-1.03162,0)        (0.115166,0)        (0.4,0)             
(1.0572,0)          (0.256058,0)        (-0.831499,0)       (0.26726,0)         (0.29,0)            
(1.05234,0)         (0.267477,0)        (-0.88906,0)        (0.292358,0)        (0.35,0)            
(1.04592,0)         (0.520334,0)        (-1.07289,0)        (0.146193,0)        (0.43,0)            
(1.04105,0)         (0.582898,0)        (-1.15824,0)        (0.135681,0)        (0.49,0)            
(1.04989,0)         (0.334317,0)        (-0.933144,0)       (0.250819,0)        (0.38,0)            
(1.03864,0)         (0.650644,0)        (-1.21259,0)        (0.0998035,0)       (0.52,0)            
(1.03951,0)         (0.603628,0)        (-1.21935,0)        (0.153327,0)        (0.51,0)            
(1.05237,0)         (0.355005,0)        (-0.929489,0)       (0.22683,0)         (0.35,0)            
(1.05718,0)         (0.300504,0)        (-0.812394,0)       (0.208481,0)        (0.29,0)            
(1.05153,0)         (0.342263,0)        (-0.915601,0)       (0.231219,0)        (0.36,0)            
(1.04909,0)         (0.38688,0)         (-0.969237,0)       (0.21907,0)         (0.39,0)            
(1.04674,0)         (0.493206,0)        (-1.05229,0)        (0.161311,0)        (0.42,0)            
(1.04667,0)         (0.441374,0)        (-1.01167,0)        (0.189381,0)        (0.42,0)            
(1.04593,0)         (0.545824,0)        (-1.08774,0)        (0.129092,0)        (0.43,0)            
(1.05235,0)         (0.34068,0)         (-0.909218,0)       (0.228767,0)        (0.35,0)            
(1.04269,0)         (0.567495,0)        (-1.14254,0)        (0.141688,0)        (0.47,0)            
(1.05717,0)         (0.25172,0)         (-0.798742,0)       (0.250718,0)        (0.29,0)            
(1.05317,0)         (0.278022,0)        (-0.88689,0)        (0.279933,0)        (0.34,0)            
(1.04674,0)         (0.517626,0)        (-1.0588,0)         (0.139957,0)        (0.42,0)            
(1.05157,0)         (0.347672,0)        (-0.956707,0)       (0.252014,0)        (0.36,0)            
(1.05401,0)         (0.339657,0)        (-0.91315,0)        (0.232368,0)        (0.33,0)            
(1.05314,0)         (0.251515,0)        (-0.863045,0)       (0.292311,0)        (0.34,0)            
(1.04591,0)         (0.484858,0)        (-1.07052,0)        (0.181772,0)        (0.43,0)            
(1.04836,0)         (0.479039,0)        (-1.04302,0)        (0.170162,0)        (0.4,0)             
(1.05801,0)         (0.142364,0)        (-0.780102,0)       (0.353096,0)        (0.28,0)            
(1.04023,0)         (0.596663,0)        (-1.1682,0)         (0.127692,0)        (0.5,0)             
(1.04914,0)         (0.424334,0)        (-0.990228,0)       (0.193405,0)        (0.39,0)            
(1.0451,0)          (0.486386,0)        (-1.07754,0)        (0.184694,0)        (0.44,0)            
(1.04111,0)         (0.648093,0)        (-1.2095,0)         (0.100482,0)        (0.49,0)            
(1.0411,0)          (0.647022,0)        (-1.20115,0)        (0.0962296,0)       (0.49,0)            
(1.0588,0)          (0.212008,0)        (-0.775256,0)       (0.277139,0)        (0.27,0)            
(1.04348,0)         (0.551643,0)        (-1.11524,0)        (0.140702,0)        (0.46,0)            
(1.04673,0)         (0.468018,0)        (-1.03726,0)        (0.177983,0)        (0.42,0)            
(1.04671,0)         (0.480008,0)        (-1.03973,0)        (0.16703,0)         (0.42,0)            
(1.06125,0)         (0.145113,0)        (-0.731813,0)       (0.319148,0)        (0.24,0)            
(1.04269,0)         (0.567495,0)        (-1.14254,0)        (0.141688,0)        (0.47,0)            
(1.04105,0)         (0.59508,0)         (-1.16181,0)        (0.125239,0)        (0.49,0)            
(1.0411,0)          (0.645896,0)        (-1.19344,0)        (0.0924463,0)       (0.49,0)            
(1.04591,0)         (0.508152,0)        (-1.06932,0)        (0.156635,0)        (0.43,0)            
(1.03945,0)         (0.564801,0)        (-1.19019,0)        (0.175167,0)        (0.51,0)            
(1.05075,0)         (0.310649,0)        (-0.93806,0)        (0.278736,0)        (0.37,0)            
(1.05071,0)         (0.330785,0)        (-0.911168,0)       (0.240371,0)        (0.37,0)            
(1.05311,0)         (0.151805,0)        (-0.819043,0)       (0.36828,0)         (0.34,0)            
(1.04429,0)         (0.584466,0)        (-1.10288,0)        (0.0984184,0)       (0.45,0)            
(1.04671,0)         (0.527721,0)        (-1.04503,0)        (0.12054,0)         (0.42,0)            
(1.04748,0)         (0.392133,0)        (-0.999344,0)       (0.23295,0)         (0.41,0)            
(1.04996,0)         (0.423877,0)        (-0.991553,0)       (0.194736,0)        (0.38,0)            
(1.04914,0)         (0.448753,0)        (-0.996733,0)       (0.172052,0)        (0.39,0)            
(1.04673,0)         (0.481024,0)        (-1.04872,0)        (0.171753,0)        (0.42,0)            
(1.0451,0)          (0.400945,0)        (-1.05445,0)        (0.259196,0)        (0.44,0)            
(1.04833,0)         (0.474755,0)        (-1.00962,0)        (0.153151,0)        (0.4,0)             
(1.04347,0)         (0.515041,0)        (-1.10517,0)        (0.172498,0)        (0.46,0)            
(1.04912,0)         (0.459974,0)        (-0.990676,0)       (0.156418,0)        (0.39,0)            
(1.04268,0)         (0.554242,0)        (-1.13062,0)        (0.147877,0)        (0.47,0)            
(1.03704,0)         (0.66915,0)         (-1.25462,0)        (0.107494,0)        (0.54,0)            
(1.03703,0)         (0.607058,0)        (-1.22969,0)        (0.15639,0)         (0.54,0)            
(1.05076,0)         (0.409096,0)        (-0.972607,0)       (0.198003,0)        (0.37,0)            
(1.04912,0)         (0.446666,0)        (-0.979394,0)       (0.163077,0)        (0.39,0)            
(1.0556,0)          (0.223474,0)        (-0.845099,0)       (0.310091,0)        (0.31,0)            
(1.04993,0)         (0.384062,0)        (-0.956426,0)       (0.213773,0)        (0.38,0)            
(1.05072,0)         (0.357099,0)        (-0.933907,0)       (0.227482,0)        (0.37,0)            
(1.04914,0)         (0.425514,0)        (-0.997296,0)       (0.196719,0)        (0.39,0)            
(1.06038,0)         (0.0703341,0)       (-0.69235,0)        (0.371963,0)        (0.25,0)            
(1.04913,0)         (0.351185,0)        (-0.96943,0)        (0.256526,0)        (0.39,0)            
(1.0451,0)          (0.509679,0)        (-1.07634,0)        (0.159557,0)        (0.44,0)            
(1.058,0)           (0.179076,0)        (-0.7889,0)         (0.320362,0)        (0.28,0)            
(1.04668,0)         (0.430262,0)        (-1.01645,0)        (0.204076,0)        (0.42,0)            
(1.04757,0)         (0.506002,0)        (-1.06554,0)        (0.156452,0)        (0.41,0)            
(1.04108,0)         (0.608278,0)        (-1.17437,0)        (0.119519,0)        (0.49,0)            
(1.04912,0)         (0.360347,0)        (-0.949061,0)       (0.233837,0)        (0.39,0)            
(1.03947,0)         (0.625713,0)        (-1.20805,0)        (0.122957,0)        (0.51,0)            
(1.04829,0)         (0.36506,0)         (-0.978105,0)       (0.247598,0)        (0.4,0)             
(1.04753,0)         (0.396361,0)        (-1.03338,0)        (0.25043,0)         (0.41,0)            
(1.05319,0)         (0.329002,0)        (-0.9166,0)         (0.245731,0)        (0.34,0)            
(1.03706,0)         (0.707948,0)        (-1.28076,0)        (0.0837348,0)       (0.54,0)            
(1.04754,0)         (0.407665,0)        (-1.02971,0)        (0.236246,0)        (0.41,0)            
(1.04751,0)         (0.393094,0)        (-1.00897,0)        (0.238141,0)        (0.41,0)            
(1.05157,0)         (0.394205,0)        (-0.954941,0)       (0.20221,0)         (0.36,0)            
(1.06205,0)         (0.179116,0)        (-0.726518,0)       (0.280177,0)        (0.23,0)            
(1.05881,0)         (0.236318,0)        (-0.783043,0)       (0.256725,0)        (0.27,0)            
(1.03944,0)         (0.634737,0)        (-1.18594,0)        (0.0992875,0)       (0.51,0)            
(1.05641,0)         (0.269659,0)        (-0.843377,0)       (0.260679,0)        (0.3,0)             
(1.04829,0)         (0.390605,0)        (-0.99232,0)        (0.230028,0)        (0.4,0)             
(1.0411,0)          (0.634785,0)        (-1.19822,0)        (0.107141,0)        (0.49,0)            
(1.05153,0)         (0.343389,0)        (-0.92331,0)        (0.235002,0)        (0.36,0)            
(1.04993,0)         (0.421845,0)        (-0.973573,0)       (0.185291,0)        (0.38,0)            
(1.04347,0)         (0.464308,0)        (-1.07592,0)        (0.20674,0)         (0.46,0)            
(1.03704,0)         (0.658093,0)        (-1.25876,0)        (0.121719,0)        (0.54,0)            
(1.0427,0)          (0.541895,0)        (-1.12897,0)        (0.159727,0)        (0.47,0)            
(1.04753,0)         (0.442949,0)        (-1.03098,0)        (0.200157,0)        (0.41,0)            
(1.04589,0)         (0.470534,0)        (-1.05025,0)        (0.183708,0)        (0.43,0)            
(1.04833,0)         (0.439225,0)        (-1.00789,0)        (0.189199,0)        (0.4,0)             
(1.05391,0)         (0.235773,0)        (-0.834469,0)       (0.290387,0)        (0.33,0)            
(1.04505,0)         (0.434499,0)        (-1.03756,0)        (0.213234,0)        (0.44,0)            
(1.03867,0)         (0.676025,0)        (-1.22873,0)        (0.0836418,0)       (0.52,0)            
(1.04999,0)         (0.461495,0)        (-1.01062,0)        (0.167663,0)        (0.38,0)            
(1.058,0)           (0.264516,0)        (-0.81199,0)        (0.24586,0)         (0.28,0)            
(1.04992,0)         (0.43183,0)         (-0.961088,0)       (0.166813,0)        (0.38,0)            
(1.05638,0)         (0.277558,0)        (-0.813553,0)       (0.233225,0)        (0.3,0)             
(1.05395,0)         (0.260275,0)        (-0.843362,0)       (0.270483,0)        (0.33,0)            
(1.05722,0)         (0.279243,0)        (-0.831577,0)       (0.243062,0)        (0.29,0)            
(1.05559,0)         (0.296787,0)        (-0.863975,0)       (0.245561,0)        (0.31,0)            
(1.04669,0)         (0.454627,0)        (-1.02359,0)        (0.183192,0)        (0.42,0)            
(1.04187,0)         (0.581315,0)        (-1.15186,0)        (0.133229,0)        (0.48,0)            
(1.04994,0)         (0.420664,0)        (-0.966505,0)       (0.181978,0)        (0.38,0)            
(1.04024,0)         (0.608845,0)        (-1.17177,0)        (0.11725,0)         (0.5,0)             
(1.05319,0)         (0.390078,0)        (-0.932544,0)       (0.192113,0)        (0.34,0)            
(1.05805,0)         (0.255437,0)        (-0.834746,0)       (0.269999,0)        (0.28,0)            
(1.05558,0)         (0.295716,0)        (-0.855626,0)       (0.241308,0)        (0.31,0)            
(1.05074,0)         (0.369227,0)        (-0.93812,0)        (0.21751,0)         (0.37,0)            
(1.04989,0)         (0.370974,0)        (-0.942582,0)       (0.218554,0)        (0.38,0)            
(1.04833,0)         (0.428113,0)        (-1.01267,0)        (0.203894,0)        (0.4,0)             
(1.04832,0)         (0.449265,0)        (-0.994767,0)       (0.170251,0)        (0.4,0)             
(1.05478,0)         (0.285007,0)        (-0.859717,0)       (0.255141,0)        (0.32,0)            
(1.04913,0)         (0.340074,0)        (-0.974206,0)       (0.271221,0)        (0.39,0)            
(1.05319,0)         (0.363408,0)        (-0.910621,0)       (0.2059,0)          (0.34,0)            
(1.05635,0)         (0.192281,0)        (-0.788541,0)       (0.306319,0)        (0.3,0)             
(1.04676,0)         (0.509782,0)        (-1.08798,0)        (0.166941,0)        (0.42,0)            
(1.06041,0)         (0.157917,0)        (-0.732139,0)       (0.305966,0)        (0.25,0)            
(1.04107,0)         (0.620515,0)        (-1.17731,0)        (0.108608,0)        (0.49,0)            
(1.04429,0)         (0.54899,0)         (-1.10051,0)        (0.133997,0)        (0.45,0)            
(1.04913,0)         (0.387787,0)        (-0.979508,0)       (0.224731,0)        (0.39,0)            
(1.05157,0)         (0.346547,0)        (-0.948999,0)       (0.24823,0)         (0.36,0)            
(1.04109,0)         (0.608224,0)        (-1.17502,0)        (0.119989,0)        (0.49,0)            
(1.04596,0)         (0.546786,0)        (-1.09737,0)        (0.134284,0)        (0.43,0)            
(1.04917,0)         (0.404253,0)        (-1.01648,0)        (0.2313,0)          (0.39,0)            
(1.04673,0)         (0.446673,0)        (-1.05406,0)        (0.211115,0)        (0.42,0)            
(1.04511,0)         (0.53517,0)         (-1.09119,0)        (0.142456,0)        (0.44,0)            
(1.04107,0)         (0.596096,0)        (-1.1708,0)         (0.129961,0)        (0.49,0)            
(1.05157,0)         (0.370966,0)        (-0.955504,0)       (0.226877,0)        (0.36,0)            
(1.0427,0)          (0.529713,0)        (-1.12539,0)        (0.170169,0)        (0.47,0)            
(1.04912,0)         (0.411135,0)        (-0.977665,0)       (0.199125,0)        (0.39,0)            
(1.04668,0)         (0.441319,0)        (-1.01231,0)        (0.189851,0)        (0.42,0)            
(1.04344,0)         (0.463045,0)        (-1.06647,0)        (0.201977,0)        (0.46,0)            
(1.04189,0)         (0.496836,0)        (-1.1384,0)         (0.212923,0)        (0.48,0)            
(1.0459,0)          (0.505955,0)        (-1.05326,0)        (0.148599,0)        (0.43,0)            
(1.04513,0)         (0.572842,0)        (-1.10962,0)        (0.114914,0)        (0.44,0)            
(1.03301,0)         (0.791097,0)        (-1.35081,0)        (0.0418505,0)       (0.59,0)            
(1.04106,0)         (0.568657,0)        (-1.14035,0)        (0.139067,0)        (0.49,0)            
(1.05242,0)         (0.420255,0)        (-0.980112,0)       (0.191162,0)        (0.35,0)            
(1.05236,0)         (0.33064,0)         (-0.922343,0)       (0.247714,0)        (0.35,0)            
(1.0435,0)          (0.551534,0)        (-1.11652,0)        (0.141641,0)        (0.46,0)            
(1.04185,0)         (0.554754,0)        (-1.12865,0)        (0.146077,0)        (0.48,0)            
(1.04594,0)         (0.52135,0)         (-1.08188,0)        (0.150915,0)        (0.43,0)            
(1.05556,0)         (0.209259,0)        (-0.823546,0)       (0.311088,0)        (0.31,0)            
(1.03542,0)         (0.696927,0)        (-1.275,0)          (0.0915559,0)       (0.56,0)            
(1.0475,0)          (0.405386,0)        (-1.01127,0)        (0.22676,0)         (0.41,0)            
(1.04588,0)         (0.407316,0)        (-1.0176,0)         (0.228821,0)        (0.43,0)            
(1.04671,0)         (0.527776,0)        (-1.04439,0)        (0.120071,0)        (0.42,0)            
(1.0475,0)          (0.377589,0)        (-0.981634,0)       (0.236764,0)        (0.41,0)            
(1.05319,0)         (0.353422,0)        (-0.923106,0)       (0.224378,0)        (0.34,0)            
(1.05155,0)         (0.353512,0)        (-0.912571,0)       (0.217504,0)        (0.36,0)            
(1.05885,0)         (0.192888,0)        (-0.811138,0)       (0.320226,0)        (0.27,0)            
(1.04593,0)         (0.499237,0)        (-1.09015,0)        (0.179366,0)        (0.43,0)            
(1.0556,0)          (0.249019,0)        (-0.859313,0)       (0.292521,0)        (0.31,0)            
(1.0491,0)          (0.421231,0)        (-0.963898,0)       (0.179708,0)        (0.39,0)            
(1.04589,0)         (0.506065,0)        (-1.05198,0)        (0.14766,0)         (0.43,0)            
(1.05557,0)         (0.234749,0)        (-0.838401,0)       (0.293987,0)        (0.31,0)            
(1.04989,0)         (0.369848,0)        (-0.934873,0)       (0.214771,0)        (0.38,0)            
(1.05074,0)         (0.419191,0)        (-0.95884,0)        (0.178586,0)        (0.37,0)            
(1.05718,0)         (0.181784,0)        (-0.802992,0)       (0.326598,0)        (0.29,0)            
(1.05073,0)         (0.345988,0)        (-0.938683,0)       (0.242177,0)        (0.37,0)            
(1.04998,0)         (0.414962,0)        (-1.01239,0)        (0.217467,0)        (0.38,0)            
(1.04428,0)         (0.486897,0)        (-1.07558,0)        (0.182893,0)        (0.45,0)            
(1.0459,0)          (0.483787,0)        (-1.06217,0)        (0.177519,0)        (0.43,0)            
(1.05639,0)         (0.291937,0)        (-0.833184,0)       (0.23082,0)         (0.3,0)             
(1.04751,0)         (0.441933,0)        (-1.02199,0)        (0.195435,0)        (0.41,0)            
(1.0564,0)          (0.293008,0)        (-0.841533,0)       (0.235072,0)        (0.3,0)             
(1.04834,0)         (0.500191,0)        (-1.02512,0)        (0.136519,0)        (0.4,0)             
(1.04273,0)         (0.495445,0)        (-1.13312,0)        (0.210981,0)        (0.47,0)            
(1.04354,0)         (0.605727,0)        (-1.17128,0)        (0.120198,0)        (0.46,0)            
(1.04996,0)         (0.411695,0)        (-0.98798,0)        (0.205178,0)        (0.38,0)            
(1.04514,0)         (0.511712,0)        (-1.09432,0)        (0.169001,0)        (0.44,0)            
(1.04351,0)         (0.540367,0)        (-1.12194,0)        (0.156806,0)        (0.46,0)            
(1.04266,0)         (0.564337,0)        (-1.11685,0)        (0.12846,0)         (0.47,0)            
(1.04348,0)         (0.5627,0)          (-1.11111,0)        (0.126477,0)        (0.46,0)            
(1.05236,0)         (0.304271,0)        (-0.900245,0)       (0.261073,0)        (0.35,0)            
(1.04588,0)         (0.493882,0)        (-1.0484,0)         (0.158102,0)        (0.43,0)            
(1.05074,0)         (0.418065,0)        (-0.951132,0)       (0.174803,0)        (0.37,0)            
(1.05395,0)         (0.249219,0)        (-0.847497,0)       (0.284708,0)        (0.33,0)            
(1.04347,0)         (0.487547,0)        (-1.07536,0)        (0.182073,0)        (0.46,0)            
(1.05237,0)         (0.391661,0)        (-0.938928,0)       (0.194565,0)        (0.35,0)            
(1.0443,0)          (0.538949,0)        (-1.11364,0)        (0.152945,0)        (0.45,0)            
(1.05394,0)         (0.274517,0)        (-0.861246,0)       (0.267097,0)        (0.33,0)            
(1.04749,0)         (0.452028,0)        (-1.00822,0)        (0.176018,0)        (0.41,0)            
(1.04105,0)         (0.582898,0)        (-1.15824,0)        (0.135681,0)        (0.49,0)            
(1.04752,0)         (0.465172,0)        (-1.02142,0)        (0.170767,0)        (0.41,0)            
(1.05476,0)         (0.238529,0)        (-0.860842,0)       (0.304476,0)        (0.32,0)            
(1.04669,0)         (0.50234,0)         (-1.02889,0)        (0.136702,0)        (0.42,0)            
(1.05073,0)         (0.430303,0)        (-0.954064,0)       (0.163892,0)        (0.37,0)            
(1.05722,0)         (0.231529,0)        (-0.826274,0)       (0.289552,0)        (0.29,0)            
(1.04997,0)         (0.412765,0)        (-0.996329,0)       (0.209431,0)        (0.38,0)            
(1.0459,0)          (0.470479,0)        (-1.05089,0)        (0.184178,0)        (0.43,0)            
(1.04188,0)         (0.569023,0)        (-1.14956,0)        (0.14461,0)         (0.48,0)            
(1.03704,0)         (0.668079,0)        (-1.24627,0)        (0.103241,0)        (0.54,0)            
(1.04592,0)         (0.543628,0)        (-1.07169,0)        (0.121056,0)        (0.43,0)            
(1.04592,0)         (0.520334,0)        (-1.07289,0)        (0.146193,0)        (0.43,0)            
(1.0459,0)          (0.482661,0)        (-1.05446,0)        (0.173736,0)        (0.43,0)            
(1.04512,0)         (0.545403,0)        (-1.07918,0)        (0.124019,0)        (0.44,0)            
(1.04509,0)         (0.485315,0)        (-1.06919,0)        (0.180441,0)        (0.44,0)            
(1.0483,0)          (0.42383,0)         (-0.979272,0)       (0.186882,0)        (0.4,0)             
(1.05798,0)         (0.178059,0)        (-0.77991,0)        (0.31564,0)         (0.28,0)            
(1.0548,0)          (0.34817,0)         (-0.893,0)          (0.210498,0)        (0.32,0)            
(1.04348,0)         (0.491693,0)        (-1.10701,0)        (0.198104,0)        (0.46,0)            
(1.04914,0)         (0.495396,0)        (-0.993686,0)       (0.121309,0)        (0.39,0)            
(1.04991,0)         (0.383046,0)        (-0.947436,0)       (0.209051,0)        (0.38,0)            
(1.03785,0)         (0.702027,0)        (-1.24162,0)        (0.0647407,0)       (0.53,0)            
(1.04751,0)         (0.368977,0)        (-1.00229,0)        (0.259066,0)        (0.41,0)            
(1.04431,0)         (0.538894,0)        (-1.11428,0)        (0.153414,0)        (0.45,0)            
(1.04995,0)         (0.375093,0)        (-0.977901,0)       (0.236973,0)        (0.38,0)            
(1.04912,0)         (0.41001,0)         (-0.969956,0)       (0.195342,0)        (0.39,0)            
(1.05157,0)         (0.370911,0)        (-0.956145,0)       (0.227346,0)        (0.36,0)            
(1.04022,0)         (0.571227,0)        (-1.1527,0)         (0.144323,0)        (0.5,0)             
(1.04349,0)         (0.587064,0)        (-1.11825,0)        (0.105593,0)        (0.46,0)            
(1.04991,0)         (0.34757,0)         (-0.945067,0)       (0.24463,0)         (0.38,0)            
(1.03059,0)         (0.858898,0)        (-1.40453,0)        (0.00550334,0)      (0.62,0)            
(1.05151,0)         (0.256932,0)        (-0.89123,0)        (0.304783,0)        (0.36,0)            
(1.0419,0)          (0.557033,0)        (-1.1471,0)         (0.155562,0)        (0.48,0)            
(1.04429,0)         (0.572283,0)        (-1.09931,0)        (0.10886,0)         (0.45,0)            
(1.05234,0)         (0.33961,0)         (-0.900868,0)       (0.224514,0)        (0.35,0)            
(1.05315,0)         (0.313662,0)        (-0.887339,0)       (0.242946,0)        (0.34,0)            
(1.04425,0)         (0.438223,0)        (-1.06064,0)        (0.224192,0)        (0.45,0)            
(1.0524,0)          (0.332672,0)        (-0.940323,0)       (0.257159,0)        (0.35,0)            
(1.04672,0)         (0.421183,0)        (-1.0392,0)         (0.228215,0)        (0.42,0)            
(1.04831,0)         (0.461502,0)        (-0.9977,0)         (0.15934,0)         (0.4,0)             
(1.0475,0)          (0.439736,0)        (-1.00593,0)        (0.187398,0)        (0.41,0)            
(1.05314,0)         (0.216341,0)        (-0.860501,0)       (0.327461,0)        (0.34,0)            
(1.04754,0)         (0.538321,0)        (-1.04222,0)        (0.107646,0)        (0.41,0)            
(1.05397,0)         (0.289912,0)        (-0.889867,0)       (0.269413,0)        (0.33,0)            
(1.04672,0)         (0.457785,0)        (-1.04928,0)        (0.19642,0)         (0.42,0)            
(1.03782,0)         (0.64117,0)         (-1.22311,0)        (0.116481,0)        (0.53,0)            
(1.04996,0)         (0.363158,0)        (-0.974794,0)       (0.247456,0)        (0.38,0)            
(1.0475,0)          (0.440862,0)        (-1.01364,0)        (0.191182,0)        (0.41,0)            
(1.04186,0)         (0.555825,0)        (-1.137,0)          (0.150329,0)        (0.48,0)            
(1.0475,0)          (0.415317,0)        (-0.999421,0)       (0.208752,0)        (0.41,0)            
(1.03785,0)         (0.667677,0)        (-1.24696,0)        (0.104103,0)        (0.53,0)            
(1.04512,0)         (0.583954,0)        (-1.10485,0)        (0.100219,0)        (0.44,0)            
(1.04185,0)         (0.56581,0)         (-1.12452,0)        (0.131851,0)        (0.48,0)            
(1.05317,0)         (0.363517,0)        (-0.90934,0)        (0.204961,0)        (0.34,0)            
(1.04509,0)         (0.472007,0)        (-1.05791,0)        (0.1871,0)          (0.44,0)            
(1.04266,0)         (0.479967,0)        (-1.10211,0)        (0.207215,0)        (0.47,0)            
(1.04997,0)         (0.426073,0)        (-1.00761,0)        (0.202772,0)        (0.38,0)            
(1.04029,0)         (0.661858,0)        (-1.21946,0)        (0.0924928,0)       (0.5,0)             
(1.05238,0)         (0.404914,0)        (-0.95085,0)        (0.188376,0)        (0.35,0)            
(1.04431,0)         (0.573299,0)        (-1.1083,0)         (0.113583,0)        (0.45,0)            
(1.04271,0)         (0.639518,0)        (-1.15563,0)        (0.0747831,0)       (0.47,0)            
(1.0467,0)          (0.444586,0)        (-1.03672,0)        (0.20214,0)         (0.42,0)            
(1.04264,0)         (0.52779,0)         (-1.10613,0)        (0.159786,0)        (0.47,0)            
(1.05235,0)         (0.3651,0)          (-0.915723,0)       (0.207413,0)        (0.35,0)            
(1.04913,0)         (0.363367,0)        (-0.973003,0)       (0.246084,0)        (0.39,0)            
(1.05072,0)         (0.356276,0)        (-0.926023,0)       (0.22327,0)         (0.37,0)            
(1.03944,0)         (0.611444,0)        (-1.18714,0)        (0.124424,0)        (0.51,0)            
(1.05398,0)         (0.397466,0)        (-0.904686,0)       (0.16646,0)         (0.33,0)            
(1.04188,0)         (0.594568,0)        (-1.16378,0)        (0.12704,0)         (0.48,0)            
(1.05645,0)         (0.272817,0)        (-0.869066,0)       (0.273906,0)        (0.3,0)             
(1.04267,0)         (0.528752,0)        (-1.11576,0)        (0.164978,0)        (0.47,0)            
(1.05646,0)         (0.347146,0)        (-0.896932,0)       (0.214099,0)        (0.3,0)             
(1.04509,0)         (0.520846,0)        (-1.07092,0)        (0.144393,0)        (0.44,0)            
(1.05316,0)         (0.362446,0)        (-0.90099,0)        (0.200708,0)        (0.34,0)            
(1.04513,0)         (0.561731,0)        (-1.1144,0)         (0.129608,0)        (0.44,0)            
(1.05638,0)         (0.254264,0)        (-0.814756,0)       (0.258362,0)        (0.3,0)             
(1.04834,0)         (0.489134,0)        (-1.02925,0)        (0.150745,0)        (0.4,0)             
(1.05883,0)         (0.275116,0)        (-0.80918,0)        (0.232965,0)        (0.27,0)            
(1.04674,0)         (0.530934,0)        (-1.07008,0)        (0.133299,0)        (0.42,0)            
(1.04994,0)         (0.339671,0)        (-0.974891,0)       (0.272083,0)        (0.38,0)            
(1.04915,0)         (0.452076,0)        (-1.0205,0)         (0.183871,0)        (0.39,0)            
(1.04752,0)         (0.526193,0)        (-1.03801,0)        (0.117618,0)        (0.41,0)            
(1.04109,0)         (0.536091,0)        (-1.16321,0)        (0.187833,0)        (0.49,0)            
(1.04831,0)         (0.402732,0)        (-0.996533,0)       (0.220055,0)        (0.4,0)             
(1.04268,0)         (0.542005,0)        (-1.12768,0)        (0.158788,0)        (0.47,0)            
(1.04592,0)         (0.531391,0)        (-1.06875,0)        (0.131968,0)        (0.43,0)            
(1.04349,0)         (0.517183,0)        (-1.12186,0)        (0.181003,0)        (0.46,0)            
(1.0451,0)          (0.54521,0)         (-1.07807,0)        (0.123509,0)        (0.44,0)            
(1.04431,0)         (0.574425,0)        (-1.11601,0)        (0.117366,0)        (0.45,0)            
(1.04591,0)         (0.483732,0)        (-1.06281,0)        (0.177988,0)        (0.43,0)            
(1.04992,0)         (0.275383,0)        (-0.933899,0)       (0.312943,0)        (0.38,0)            
(1.04509,0)         (0.497552,0)        (-1.07213,0)        (0.169529,0)        (0.44,0)            
(1.0556,0)          (0.186048,0)        (-0.827136,0)       (0.337674,0)        (0.31,0)            
(1.04189,0)         (0.593388,0)        (-1.15671,0)        (0.123726,0)        (0.48,0)            
(1.04916,0)         (0.413168,0)        (-0.995644,0)       (0.208569,0)        (0.39,0)            
(1.0451,0)          (0.473078,0)        (-1.06626,0)        (0.191352,0)        (0.44,0)            
(1.04591,0)         (0.483732,0)        (-1.06281,0)        (0.177988,0)        (0.43,0)            
(1.04591,0)         (0.519263,0)        (-1.06454,0)        (0.14194,0)         (0.43,0)            
(1.05236,0)         (0.342877,0)        (-0.925276,0)       (0.236803,0)        (0.35,0)            
(1.04029,0)         (0.613074,0)        (-1.20581,0)        (0.13473,0)         (0.5,0)             
(1.04429,0)         (0.561172,0)        (-1.10408,0)        (0.123555,0)        (0.45,0)            
(1.04835,0)         (0.477968,0)        (-1.03467,0)        (0.165909,0)        (0.4,0)             
(1.03542,0)         (0.635906,0)        (-1.25842,0)        (0.144705,0)        (0.56,0)            
(1.03785,0)         (0.632146,0)        (-1.24523,0)        (0.140151,0)        (0.53,0)            
(1.0596,0)          (0.10062,0)         (-0.738637,0)       (0.370073,0)        (0.26,0)            
(1.05724,0)         (0.268022,0)        (-0.837634,0)       (0.258696,0)        (0.29,0)            
(1.04105,0)         (0.581772,0)        (-1.15053,0)        (0.131898,0)        (0.49,0)            
(1.05237,0)         (0.367242,0)        (-0.932422,0)       (0.215919,0)        (0.35,0)            
(1.05318,0)         (0.365714,0)        (-0.925398,0)       (0.212997,0)        (0.34,0)            
(1.03867,0)         (0.677151,0)        (-1.23644,0)        (0.0874251,0)       (0.52,0)            
(1.04913,0)         (0.424443,0)        (-0.988947,0)       (0.192466,0)        (0.39,0)            
