146
e_L                 onsite              nnhop               ospair              nnpair              
(0.5,0)             (0.0256566,0)       (-0.0622054,0)      (0.0383943,0)       (-0.0164289,0)      
(0.5,0)             (0.0206727,0)       (-0.0593427,0)      (0.0390044,0)       (-0.0190006,0)      
(0.5,0)             (0.010705,0)        (-0.0536174,0)      (0.0402245,0)       (-0.024144,0)       
(0.5,0)             (0.0202427,0)       (-0.0657643,0)      (0.0448921,0)       (-0.0233903,0)      
(0.5,0)             (0.00322926,0)      (-0.0493234,0)      (0.0411397,0)       (-0.0280015,0)      
(0.5,0)             (0.0082131,0)       (-0.052186,0)       (0.0405296,0)       (-0.0254298,0)      
(0.5,0)             (0.0233796,0)       (-0.0575632,0)      (0.0357555,0)       (-0.0155198,0)      
(0.5,0)             (-0.00716846,0)     (-0.0500196,0)      (0.0482475,0)       (-0.0375347,0)      
(0.5,0)             (0.000307307,0)     (-0.0543136,0)      (0.0473324,0)       (-0.0336771,0)      
(0.5,0)             (-0.00802851,0)     (-0.0628629,0)      (0.0600228,0)       (-0.0463143,0)      
(0.5,0)             (0.00486112,0)      (-0.0635979,0)      (0.05261,0)         (-0.0354952,0)      
(0.5,0)             (0.0329173,0)       (-0.0697102,0)      (0.0404231,0)       (-0.0147662,0)      
(0.5,0)             (-0.00218461,0)     (-0.0528823,0)      (0.0476374,0)       (-0.034963,0)       
(0.5,0)             (0.0277184,0)       (-0.0700583,0)      (0.043977,0)        (-0.0195328,0)      
(0.5,0)             (0.0186108,0)       (-0.0514897,0)      (0.0334218,0)       (-0.0158966,0)      
(0.5,0)             (0.0235947,0)       (-0.0543524,0)      (0.0328117,0)       (-0.0133249,0)      
(0.5,0)             (0.0127669,0)       (-0.0614703,0)      (0.0458072,0)       (-0.0272479,0)      
(0.5,0)             (0.0165489,0)       (-0.0436368,0)      (0.0278391,0)       (-0.0127927,0)      
(0.5,0)             (0.0304254,0)       (-0.0682788,0)      (0.0407281,0)       (-0.0160521,0)      
(0.5,0)             (0.0260866,0)       (-0.0557837,0)      (0.0325067,0)       (-0.0120391,0)      
(0.5,0)             (0.013412,0)        (-0.0518379,0)      (0.0369757,0)       (-0.0206632,0)      
(0.5,0)             (0.0179658,0)       (-0.0611222,0)      (0.0422533,0)       (-0.0224813,0)      
(0.5,0)             (0.0360543,0)       (-0.0615091,0)      (0.0312865,0)       (-0.00689568,0)     
(0.5,0)             (0.0215328,0)       (-0.0464994,0)      (0.027229,0)        (-0.010221,0)       
(0.5,0)             (0.0206727,0)       (-0.0593427,0)      (0.0390044,0)       (-0.0190006,0)      
(0.5,0)             (0.0362693,0)       (-0.0582983,0)      (0.0283427,0)       (-0.00470079,0)     
(0.5,0)             (-0.0119373,0)      (-0.0439462,0)      (0.0459137,0)       (-0.0379115,0)      
(0.5,0)             (0.0183958,0)       (-0.0547005,0)      (0.0363656,0)       (-0.0180915,0)      
(0.5,0)             (0.0233796,0)       (-0.0575632,0)      (0.0357555,0)       (-0.0155198,0)      
(0.5,0)             (-0.0200581,0)      (-0.0492846,0)      (0.0556603,0)       (-0.0483537,0)      
(0.5,0)             (-0.00218461,0)     (-0.0528823,0)      (0.0476374,0)       (-0.034963,0)       
(0.5,0)             (0.0310704,0)       (-0.0586464,0)      (0.0318966,0)       (-0.00946738,0)     
(0.5,0)             (0.0163339,0)       (-0.0468476,0)      (0.0307829,0)       (-0.0149876,0)      
(0.5,0)             (0.00550616,0)      (-0.0539655,0)      (0.0437785,0)       (-0.0289105,0)      
(0.5,0)             (0.0514358,0)       (-0.0636754,0)      (0.0235686,0)       (0.00520919,0)      
(0.5,0)             (0.0148288,0)       (-0.0693233,0)      (0.0513899,0)       (-0.0303518,0)      
(0.5,0)             (0.0125519,0)       (-0.0646811,0)      (0.048751,0)        (-0.0294428,0)      
(0.5,0)             (0.0335623,0)       (-0.0600777,0)      (0.0315916,0)       (-0.00818153,0)     
(0.5,0)             (0.0206727,0)       (-0.0593427,0)      (0.0390044,0)       (-0.0190006,0)      
(0.5,0)             (-0.00295642,0)     (-0.0257645,0)      (0.0243917,0)       (-0.0186897,0)      
(0.5,0)             (0.00507614,0)      (-0.0603871,0)      (0.0496661,0)       (-0.0333003,0)      
(0.5,0)             (-0.00652342,0)     (-0.0403872,0)      (0.0394159,0)       (-0.03095,0)        
(0.5,0)             (-0.0121523,0)      (-0.047157,0)       (0.0488575,0)       (-0.0401064,0)      
(0.5,0)             (-0.0134424,0)      (-0.0664218,0)      (0.0665206,0)       (-0.0532757,0)      
(0.5,0)             (0.0161189,0)       (-0.0500584,0)      (0.0337268,0)       (-0.0171825,0)      
(0.5,0)             (0.0181808,0)       (-0.0579114,0)      (0.0393094,0)       (-0.0202864,0)      
(0.5,0)             (0.0121219,0)       (-0.0711027,0)      (0.0546387,0)       (-0.0338326,0)      
(0.5,0)             (-0.0146442,0)      (-0.0457256,0)      (0.0491626,0)       (-0.0413922,0)      
(0.5,0)             (0.000952349,0)     (-0.0446812,0)      (0.0385008,0)       (-0.0270925,0)      
(0.5,0)             (0.00864313,0)      (-0.0457644,0)      (0.0346419,0)       (-0.02104,0)        
(0.5,0)             (0.00215419,0)      (-0.0653774,0)      (0.0558589,0)       (-0.038976,0)       
(0.5,0)             (0.0115651,0)       (-0.0407741,0)      (0.0284492,0)       (-0.0153644,0)      
(0.5,0)             (0.00799809,0)      (-0.0553968,0)      (0.0434734,0)       (-0.0276247,0)      
(0.5,0)             (0.0211027,0)       (-0.0529211,0)      (0.0331167,0)       (-0.0146108,0)      
(0.5,0)             (0.00615121,0)      (-0.0443331,0)      (0.0349469,0)       (-0.0223259,0)      
(0.5,0)             (-0.019198,0)       (-0.0364414,0)      (0.043885,0)        (-0.0395741,0)      
(0.5,0)             (0.0179658,0)       (-0.0611222,0)      (0.0422533,0)       (-0.0224813,0)      
(0.5,0)             (0.0254415,0)       (-0.0654162,0)      (0.0413382,0)       (-0.0186238,0)      
(0.5,0)             (0.00984497,0)      (-0.0664606,0)      (0.0519999,0)       (-0.0329235,0)      
(0.5,0)             (0.0256566,0)       (-0.0622054,0)      (0.0383943,0)       (-0.0164289,0)      
(0.5,0)             (-0.0115073,0)      (-0.0375245,0)      (0.040026,0)        (-0.0335217,0)      
(0.5,0)             (0.00258421,0)      (-0.0589558,0)      (0.0499712,0)       (-0.0345862,0)      
(0.5,0)             (0.0231646,0)       (-0.060774,0)       (0.0386994,0)       (-0.0177147,0)      
(0.5,0)             (0.046667,0)        (-0.057602,0)       (0.0212348,0)       (0.00483239,0)      
(0.5,0)             (0.0233796,0)       (-0.0575632,0)      (0.0357555,0)       (-0.0155198,0)      
(0.5,0)             (0.0161189,0)       (-0.0500584,0)      (0.0337268,0)       (-0.0171825,0)      
(0.5,0)             (0.0231646,0)       (-0.060774,0)       (0.0386994,0)       (-0.0177147,0)      
(0.5,0)             (9.22927e-05,0)     (-0.0575245,0)      (0.0502762,0)       (-0.035872,0)       
(0.5,0)             (0.000522321,0)     (-0.0511028,0)      (0.0443885,0)       (-0.0314822,0)      
(0.5,0)             (-0.00716846,0)     (-0.0500196,0)      (0.0482475,0)       (-0.0375347,0)      
(0.5,0)             (0.0231646,0)       (-0.060774,0)       (0.0386994,0)       (-0.0177147,0)      
(0.5,0)             (-0.0123673,0)      (-0.0503678,0)      (0.0518014,0)       (-0.0423013,0)      
(0.5,0)             (-0.00381648,0)     (-0.0386077,0)      (0.0361671,0)       (-0.0274693,0)      
(0.5,0)             (0.00258421,0)      (-0.0589558,0)      (0.0499712,0)       (-0.0345862,0)      
(0.5,0)             (0.00279923,0)      (-0.055745,0)       (0.0470273,0)       (-0.0323913,0)      
(0.5,0)             (-0.0150743,0)      (-0.0521473,0)      (0.0550503,0)       (-0.045782,0)       
(0.5,0)             (0.0308554,0)       (-0.0618572,0)      (0.0348404,0)       (-0.0116623,0)      
(0.5,0)             (0.0252265,0)       (-0.068627,0)       (0.044282,0)        (-0.0208187,0)      
(0.5,0)             (0.0131969,0)       (-0.0550487,0)      (0.0399195,0)       (-0.0228581,0)      
(0.5,0)             (0.0256566,0)       (-0.0622054,0)      (0.0383943,0)       (-0.0164289,0)      
(0.5,0)             (0.00636622,0)      (-0.0411223,0)      (0.0320031,0)       (-0.020131,0)       
(0.5,0)             (0.000737335,0)     (-0.047892,0)       (0.0414447,0)       (-0.0292873,0)      
(0.5,0)             (-0.0146442,0)      (-0.0457256,0)      (0.0491626,0)       (-0.0413922,0)      
(0.5,0)             (0.0383312,0)       (-0.0661512,0)      (0.0339253,0)       (-0.00780473,0)     
(0.5,0)             (0.00864313,0)      (-0.0457644,0)      (0.0346419,0)       (-0.02104,0)        
(0.5,0)             (-0.0331627,0)      (-0.0517604,0)      (0.066017,0)        (-0.0613676,0)      
(0.5,0)             (-0.0105204,0)      (-0.0614316,0)      (0.0603279,0)       (-0.0476001,0)      
(0.5,0)             (-0.0019696,0)      (-0.0496715,0)      (0.0446936,0)       (-0.0327681,0)      
(0.5,0)             (0.00301424,0)      (-0.0525342,0)      (0.0440835,0)       (-0.0301964,0)      
(0.5,0)             (0.0258716,0)       (-0.0589945,0)      (0.0354505,0)       (-0.014234,0)       
(0.5,0)             (-0.00966038,0)     (-0.0485883,0)      (0.0485525,0)       (-0.0388205,0)      
(0.5,0)             (0.0514358,0)       (-0.0636754,0)      (0.0235686,0)       (0.00520919,0)      
(0.5,0)             (0.0154739,0)       (-0.0596908,0)      (0.0425583,0)       (-0.0237672,0)      
(0.5,0)             (0.000737335,0)     (-0.047892,0)       (0.0414447,0)       (-0.0292873,0)      
(0.5,0)             (0.0383312,0)       (-0.0661512,0)      (0.0339253,0)       (-0.00780473,0)     
(0.5,0)             (0.010705,0)        (-0.0536174,0)      (0.0402245,0)       (-0.024144,0)       
(0.5,0)             (0.0331323,0)       (-0.0664994,0)      (0.0374792,0)       (-0.0125713,0)      
(0.5,0)             (-0.00239963,0)     (-0.0560931,0)      (0.0505813,0)       (-0.0371579,0)      
(0.5,0)             (0.00885814,0)      (-0.0425536,0)      (0.0316981,0)       (-0.0188451,0)      
(0.5,0)             (0.0186108,0)       (-0.0514897,0)      (0.0334218,0)       (-0.0158966,0)      
(0.5,0)             (0.0159039,0)       (-0.0532692,0)      (0.0366706,0)       (-0.0193774,0)      
(0.5,0)             (0.00550616,0)      (-0.0539655,0)      (0.0437785,0)       (-0.0289105,0)      
(0.5,0)             (0.0254415,0)       (-0.0654162,0)      (0.0413382,0)       (-0.0186238,0)      
(0.5,0)             (0.00507614,0)      (-0.0603871,0)      (0.0496661,0)       (-0.0333003,0)      
(0.5,0)             (0.0159039,0)       (-0.0532692,0)      (0.0366706,0)       (-0.0193774,0)      
(0.5,0)             (0.0260866,0)       (-0.0557837,0)      (0.0325067,0)       (-0.0120391,0)      
(0.5,0)             (0.0082131,0)       (-0.052186,0)       (0.0405296,0)       (-0.0254298,0)      
(0.5,0)             (0.0306404,0)       (-0.065068,0)       (0.0377843,0)       (-0.0138572,0)      
(0.5,0)             (0.0163339,0)       (-0.0468476,0)      (0.0307829,0)       (-0.0149876,0)      
(0.5,0)             (0.0215328,0)       (-0.0464994,0)      (0.027229,0)        (-0.010221,0)       
(0.5,0)             (0.000737335,0)     (-0.047892,0)       (0.0414447,0)       (-0.0292873,0)      
(0.5,0)             (0.0206727,0)       (-0.0593427,0)      (0.0390044,0)       (-0.0190006,0)      
(0.5,0)             (0.0233796,0)       (-0.0575632,0)      (0.0357555,0)       (-0.0155198,0)      
(0.5,0)             (0.0223046,0)       (-0.0736173,0)      (0.0504747,0)       (-0.0264943,0)      
(0.5,0)             (0.01049,0)         (-0.0568282,0)      (0.0431684,0)       (-0.0263388,0)      
(0.5,0)             (-0.0142142,0)      (-0.039304,0)       (0.0432749,0)       (-0.0370024,0)      
(0.5,0)             (0.0154739,0)       (-0.0596908,0)      (0.0425583,0)       (-0.0237672,0)      
(0.5,0)             (0.0387612,0)       (-0.0597296,0)      (0.0280376,0)       (-0.00341494,0)     
(0.5,0)             (0.000522321,0)     (-0.0511028,0)      (0.0443885,0)       (-0.0314822,0)      
(0.5,0)             (0.00258421,0)      (-0.0589558,0)      (0.0499712,0)       (-0.0345862,0)      
(0.5,0)             (0.0256566,0)       (-0.0622054,0)      (0.0383943,0)       (-0.0164289,0)      
(0.5,0)             (0.00279923,0)      (-0.055745,0)       (0.0470273,0)       (-0.0323913,0)      
(0.5,0)             (0.0358393,0)       (-0.0647199,0)      (0.0342304,0)       (-0.00909058,0)     
(0.5,0)             (0.00756806,0)      (-0.0618185,0)      (0.0493611,0)       (-0.0320145,0)      
(0.5,0)             (0.0159039,0)       (-0.0532692,0)      (0.0366706,0)       (-0.0193774,0)      
(0.5,0)             (0.0240247,0)       (-0.0479308,0)      (0.026924,0)        (-0.00893514,0)     
(0.5,0)             (0.0186108,0)       (-0.0514897,0)      (0.0334218,0)       (-0.0158966,0)      
(0.5,0)             (0.0211027,0)       (-0.0529211,0)      (0.0331167,0)       (-0.0146108,0)      
(0.5,0)             (0.013842,0)        (-0.0454163,0)      (0.031088,0)        (-0.0162734,0)      
(0.5,0)             (0.0410381,0)       (-0.0643717,0)      (0.0306764,0)       (-0.00432399,0)     
(0.5,0)             (0.0200277,0)       (-0.0689751,0)      (0.0478359,0)       (-0.0255852,0)      
(0.5,0)             (0.0141838,0)       (-0.0789557,0)      (0.0602214,0)       (-0.0369365,0)      
(0.5,0)             (0.00529115,0)      (-0.0571763,0)      (0.0467223,0)       (-0.0311054,0)      
(0.5,0)             (-0.0404235,0)      (-0.0442556,0)      (0.0639883,0)       (-0.0630303,0)      
(0.5,0)             (0.0154739,0)       (-0.0596908,0)      (0.0425583,0)       (-0.0237672,0)      
(0.5,0)             (0.0283635,0)       (-0.0604259,0)      (0.0351455,0)       (-0.0129481,0)      
(0.5,0)             (0.0235947,0)       (-0.0543524,0)      (0.0328117,0)       (-0.0133249,0)      
(0.5,0)             (-0.00802851,0)     (-0.0628629,0)      (0.0600228,0)       (-0.0463143,0)      
(0.5,0)             (0.0260866,0)       (-0.0557837,0)      (0.0325067,0)       (-0.0120391,0)      
(0.5,0)             (0.0410381,0)       (-0.0643717,0)      (0.0306764,0)       (-0.00432399,0)     
(0.5,0)             (0.0200277,0)       (-0.0689751,0)      (0.0478359,0)       (-0.0255852,0)      
(0.5,0)             (0.0383312,0)       (-0.0661512,0)      (0.0339253,0)       (-0.00780473,0)     
(0.5,0)             (0.0156889,0)       (-0.05648,0)        (0.0396145,0)       (-0.0215723,0)      
(0.5,0)             (0.00486112,0)      (-0.0635979,0)      (0.05261,0)         (-0.0354952,0)      
(0.5,0)             (0.00572118,0)      (-0.0507547,0)      (0.0408346,0)       (-0.0267156,0)      
(0.5,0)             (0.0213177,0)       (-0.0497103,0)      (0.0301729,0)       (-0.0124159,0)      
(0.5,0)             (0.0198127,0)       (-0.0721859,0)      (0.0507798,0)       (-0.0277801,0)      
(0.5,0)             (0.013842,0)        (-0.0454163,0)      (0.031088,0)        (-0.0162734,0)      
(0.5,0)             (0.000307307,0)     (-0.0543136,0)      (0.0473324,0)       (-0.0336771,0)      
(0.5,0)             (0.00279923,0)      (-0.055745,0)       (0.0470273,0)       (-0.0323913,0)      
(0.5,0)             (0.00529115,0)      (-0.0571763,0)      (0.0467223,0)       (-0.0311054,0)      
(0.5,0)             (0.00529115,0)      (-0.0571763,0)      (0.0467223,0)       (-0.0311054,0)      
(0.5,0)             (0.0183958,0)       (-0.0547005,0)      (0.0363656,0)       (-0.0180915,0)      
(0.5,0)             (-0.00446152,0)     (-0.0482402,0)      (0.0449986,0)       (-0.0340539,0)      
(0.5,0)             (0.00864313,0)      (-0.0457644,0)      (0.0346419,0)       (-0.02104,0)        
(0.5,0)             (-0.00738347,0)     (-0.0532305,0)      (0.0511913,0)       (-0.0397296,0)      
(0.5,0)             (0.0354092,0)       (-0.0711415,0)      (0.040118,0)        (-0.0134804,0)      
(0.5,0)             (0.0283635,0)       (-0.0604259,0)      (0.0351455,0)       (-0.0129481,0)      
(0.5,0)             (-0.0146442,0)      (-0.0457256,0)      (0.0491626,0)       (-0.0413922,0)      
(0.5,0)             (-0.00261464,0)     (-0.0593039,0)      (0.0535251,0)       (-0.0393528,0)      
(0.5,0)             (-0.00239963,0)     (-0.0560931,0)      (0.0505813,0)       (-0.0371579,0)      
(0.5,0)             (0.00322926,0)      (-0.0493234,0)      (0.0411397,0)       (-0.0280015,0)      
(0.5,0)             (0.0315005,0)       (-0.0522248,0)      (0.0260089,0)       (-0.00507759,0)     
(0.5,0)             (0.0235947,0)       (-0.0543524,0)      (0.0328117,0)       (-0.0133249,0)      
(0.5,0)             (0.0146138,0)       (-0.0725341,0)      (0.0543337,0)       (-0.0325467,0)      
(0.5,0)             (-0.0204881,0)      (-0.0557062,0)      (0.061548,0)        (-0.0527435,0)      
(0.5,0)             (-0.0078135,0)      (-0.0596521,0)      (0.057079,0)        (-0.0441194,0)      
(0.5,0)             (0.00636622,0)      (-0.0411223,0)      (0.0320031,0)       (-0.020131,0)       
(0.5,0)             (0.01049,0)         (-0.0568282,0)      (0.0431684,0)       (-0.0263388,0)      
(0.5,0)             (0.010705,0)        (-0.0536174,0)      (0.0402245,0)       (-0.024144,0)       
(0.5,0)             (-0.0200581,0)      (-0.0492846,0)      (0.0556603,0)       (-0.0483537,0)      
(0.5,0)             (0.0183958,0)       (-0.0547005,0)      (0.0363656,0)       (-0.0180915,0)      
(0.5,0)             (-0.00652342,0)     (-0.0403872,0)      (0.0394159,0)       (-0.03095,0)        
(0.5,0)             (0.00322926,0)      (-0.0493234,0)      (0.0411397,0)       (-0.0280015,0)      
(0.5,0)             (-0.0175662,0)      (-0.0507159,0)      (0.0553553,0)       (-0.0470679,0)      
(0.5,0)             (0.0389762,0)       (-0.0565188,0)      (0.0250938,0)       (-0.00122005,0)     
(0.5,0)             (0.0258716,0)       (-0.0589945,0)      (0.0354505,0)       (-0.014234,0)       
(0.5,0)             (0.00322926,0)      (-0.0493234,0)      (0.0411397,0)       (-0.0280015,0)      
(0.5,0)             (0.000307307,0)     (-0.0543136,0)      (0.0473324,0)       (-0.0336771,0)      
(0.5,0)             (0.0179658,0)       (-0.0611222,0)      (0.0422533,0)       (-0.0224813,0)      
(0.5,0)             (0.0192559,0)       (-0.0418573,0)      (0.0245902,0)       (-0.00931194,0)     
(0.5,0)             (0.013627,0)        (-0.0486271,0)      (0.0340318,0)       (-0.0184683,0)      
(0.5,0)             (0.0233796,0)       (-0.0575632,0)      (0.0357555,0)       (-0.0155198,0)      
(0.5,0)             (0.00799809,0)      (-0.0553968,0)      (0.0434734,0)       (-0.0276247,0)      
(0.5,0)             (0.0082131,0)       (-0.052186,0)       (0.0405296,0)       (-0.0254298,0)      
(0.5,0)             (0.0410381,0)       (-0.0643717,0)      (0.0306764,0)       (-0.00432399,0)     
(0.5,0)             (0.00864313,0)      (-0.0457644,0)      (0.0346419,0)       (-0.02104,0)        
(0.5,0)             (0.00864313,0)      (-0.0457644,0)      (0.0346419,0)       (-0.02104,0)        
(0.5,0)             (-0.0169211,0)      (-0.0410835,0)      (0.0465238,0)       (-0.0404832,0)      
(0.5,0)             (-0.00695344,0)     (-0.0468088,0)      (0.0453036,0)       (-0.0353398,0)      
(0.5,0)             (0.00864313,0)      (-0.0457644,0)      (0.0346419,0)       (-0.02104,0)        
(0.5,0)             (0.000737335,0)     (-0.047892,0)       (0.0414447,0)       (-0.0292873,0)      
(0.5,0)             (-0.0142142,0)      (-0.039304,0)       (0.0432749,0)       (-0.0370024,0)      
(0.5,0)             (0.000737335,0)     (-0.047892,0)       (0.0414447,0)       (-0.0292873,0)      
(0.5,0)             (-0.00467654,0)     (-0.051451,0)       (0.0479424,0)       (-0.0362488,0)      
(0.5,0)             (-0.0125823,0)      (-0.0535786,0)      (0.0547452,0)       (-0.0444962,0)      
(0.5,0)             (0.0181808,0)       (-0.0579114,0)      (0.0393094,0)       (-0.0202864,0)      
(0.5,0)             (-0.00575161,0)     (-0.067505,0)       (0.0626617,0)       (-0.0472233,0)      
(0.5,0)             (-0.00695344,0)     (-0.0468088,0)      (0.0453036,0)       (-0.0353398,0)      
(0.5,0)             (0.0229496,0)       (-0.0639848,0)      (0.0416432,0)       (-0.0199096,0)      
