99
e_L                 onsite              nnhop               ospair              nnJastrow           
(1.04433,0)         (0.6097,0)          (-1.11785,0)        (0.0814934,0)       (0.45,0)            
(1.0491,0)          (0.408884,0)        (-0.959875,0)       (0.189856,0)        (0.39,0)            
(1.05881,0)         (0.220746,0)        (-0.754708,0)       (0.25461,0)         (0.27,0)            
(1.04835,0)         (0.414635,0)        (-1.0009,0)         (0.21023,0)         (0.4,0)             
(1.04751,0)         (0.475092,0)        (-1.00719,0)        (0.15106,0)         (0.41,0)            
(1.04676,0)         (0.506328,0)        (-1.06306,0)        (0.154336,0)        (0.42,0)            
(1.04351,0)         (0.540281,0)        (-1.12012,0)        (0.155535,0)        (0.46,0)            
(1.04109,0)         (0.561486,0)        (-1.1762,0)         (0.169436,0)        (0.49,0)            
(1.04427,0)         (0.449045,0)        (-1.05664,0)        (0.210103,0)        (0.45,0)            
(1.04914,0)         (0.425398,0)        (-0.996171,0)       (0.195934,0)        (0.39,0)            
(1.04349,0)         (0.538087,0)        (-1.10408,0)        (0.147511,0)        (0.46,0)            
(1.0403,0)          (0.622848,0)        (-1.19275,0)        (0.11592,0)         (0.5,0)             
(1.03945,0)         (0.647831,0)        (-1.19665,0)        (0.0923102,0)       (0.51,0)            
(1.04107,0)         (0.59482,0)         (-1.1619,0)         (0.125383,0)        (0.49,0)            
(1.05483,0)         (0.394603,0)        (-0.890174,0)       (0.159958,0)        (0.32,0)            
(1.05321,0)         (0.378807,0)        (-0.936858,0)       (0.2065,0)          (0.34,0)            
(1.05399,0)         (0.2631,0)          (-0.867516,0)       (0.282882,0)        (0.33,0)            
(1.04432,0)         (0.536505,0)        (-1.09769,0)        (0.14506,0)         (0.45,0)            
(1.05071,0)         (0.318206,0)        (-0.906698,0)       (0.250465,0)        (0.37,0)            
(1.03461,0)         (0.724644,0)        (-1.30286,0)        (0.0803054,0)       (0.57,0)            
(1.05884,0)         (0.176245,0)        (-0.77442,0)        (0.313817,0)        (0.27,0)            
(1.04675,0)         (0.506383,0)        (-1.06242,0)        (0.153867,0)        (0.42,0)            
(1.05156,0)         (0.403069,0)        (-0.932386,0)       (0.178255,0)        (0.36,0)            
(1.0475,0)          (0.390786,0)        (-0.991797,0)       (0.229311,0)        (0.41,0)            
(1.0475,0)          (0.43737,0)         (-0.989407,0)       (0.179066,0)        (0.41,0)            
(1.06042,0)         (0.14255,0)         (-0.70493,0)        (0.304353,0)        (0.25,0)            
(1.04508,0)         (0.436407,0)        (-1.05439,0)        (0.221867,0)        (0.44,0)            
(1.05241,0)         (0.358111,0)        (-0.953416,0)       (0.238789,0)        (0.35,0)            
(1.05321,0)         (0.388794,0)        (-0.924389,0)       (0.188038,0)        (0.34,0)            
(1.04911,0)         (0.363369,0)        (-0.970606,0)       (0.244347,0)        (0.39,0)            
(1.05239,0)         (0.375892,0)        (-0.912438,0)       (0.193841,0)        (0.35,0)            
(1.04267,0)         (0.564086,0)        (-1.11696,0)        (0.128617,0)        (0.47,0)            
(1.04996,0)         (0.38497,0)         (-0.964308,0)       (0.217711,0)        (0.38,0)            
(1.0459,0)          (0.494769,0)        (-1.05625,0)        (0.162041,0)        (0.43,0)            
(1.04509,0)         (0.436352,0)        (-1.05503,0)        (0.222336,0)        (0.44,0)            
(1.05317,0)         (0.276863,0)        (-0.877472,0)       (0.274895,0)        (0.34,0)            
(1.05157,0)         (0.404139,0)        (-0.940727,0)       (0.182502,0)        (0.36,0)            
(1.04756,0)         (0.480439,0)        (-1.04889,0)        (0.172292,0)        (0.41,0)            
(1.05078,0)         (0.407805,0)        (-0.964431,0)       (0.193915,0)        (0.37,0)            
(1.04347,0)         (0.524892,0)        (-1.09152,0)        (0.153234,0)        (0.46,0)            
(1.04511,0)         (0.569437,0)        (-1.08407,0)        (0.101864,0)        (0.44,0)            
(1.0508,0)          (0.384403,0)        (-0.966907,0)       (0.219975,0)        (0.37,0)            
(1.05479,0)         (0.260805,0)        (-0.851978,0)       (0.275287,0)        (0.32,0)            
(1.04431,0)         (0.573158,0)        (-1.10713,0)        (0.112808,0)        (0.45,0)            
(1.0556,0)          (0.307809,0)        (-0.858141,0)       (0.230105,0)        (0.31,0)            
(1.04675,0)         (0.469786,0)        (-1.05234,0)        (0.185651,0)        (0.42,0)            
(1.04672,0)         (0.527591,0)        (-1.0439,0)         (0.119783,0)        (0.42,0)            
(1.05163,0)         (0.336237,0)        (-0.962914,0)       (0.26777,0)         (0.36,0)            
(1.0524,0)          (0.354793,0)        (-0.929674,0)       (0.226988,0)        (0.35,0)            
(1.0427,0)          (0.602822,0)        (-1.14372,0)        (0.105327,0)        (0.47,0)            
(1.04514,0)         (0.510507,0)        (-1.0848,0)         (0.163954,0)        (0.44,0)            
(1.04833,0)         (0.439106,0)        (-1.00677,0)        (0.188416,0)        (0.4,0)             
(1.04837,0)         (0.477788,0)        (-1.03417,0)        (0.165595,0)        (0.4,0)             
(1.04428,0)         (0.497824,0)        (-1.07029,0)        (0.167882,0)        (0.45,0)            
(1.04913,0)         (0.458678,0)        (-0.982507,0)       (0.152349,0)        (0.39,0)            
(1.0548,0)          (0.345879,0)        (-0.875883,0)       (0.20171,0)         (0.32,0)            
(1.04592,0)         (0.519076,0)        (-1.06403,0)        (0.141634,0)        (0.43,0)            
(1.04676,0)         (0.542981,0)        (-1.0725,0)         (0.122084,0)        (0.42,0)            
(1.04835,0)         (0.511177,0)        (-1.01922,0)        (0.121072,0)        (0.4,0)             
(1.04268,0)         (0.577391,0)        (-1.12824,0)        (0.121957,0)        (0.47,0)            
(1.04838,0)         (0.488845,0)        (-1.03004,0)        (0.151379,0)        (0.4,0)             
(1.03706,0)         (0.694467,0)        (-1.26823,0)        (0.0895816,0)       (0.54,0)            
(1.04671,0)         (0.382271,0)        (-1.01193,0)        (0.251163,0)        (0.42,0)            
(1.04916,0)         (0.435276,0)        (-0.984983,0)       (0.17841,0)         (0.39,0)            
(1.04672,0)         (0.479882,0)        (-1.03859,0)        (0.166251,0)        (0.42,0)            
(1.04752,0)         (0.380744,0)        (-1.00491,0)        (0.248242,0)        (0.41,0)            
(1.0467,0)          (0.442215,0)        (-1.02017,0)        (0.193788,0)        (0.42,0)            
(1.04351,0)         (0.563573,0)        (-1.11892,0)        (0.130413,0)        (0.46,0)            
(1.04995,0)         (0.311775,0)        (-0.944151,0)       (0.281278,0)        (0.38,0)            
(1.05322,0)         (0.342155,0)        (-0.927419,0)       (0.238752,0)        (0.34,0)            
(1.05727,0)         (0.330077,0)        (-0.860863,0)       (0.208572,0)        (0.29,0)            
(1.04916,0)         (0.448581,0)        (-0.996256,0)       (0.171749,0)        (0.39,0)            
(1.05232,0)         (0.301846,0)        (-0.881379,0)       (0.251285,0)        (0.35,0)            
(1.05154,0)         (0.343234,0)        (-0.922863,0)       (0.234693,0)        (0.36,0)            
(1.0419,0)          (0.629835,0)        (-1.16559,0)        (0.0911483,0)       (0.48,0)            
(1.0548,0)          (0.297046,0)        (-0.862871,0)       (0.244401,0)        (0.32,0)            
(1.04753,0)         (0.501647,0)        (-1.03037,0)        (0.138208,0)        (0.41,0)            
(1.05557,0)         (0.208004,0)        (-0.815437,0)       (0.306992,0)        (0.31,0)            
(1.04432,0)         (0.525394,0)        (-1.10246,0)        (0.159745,0)        (0.45,0)            
(1.04996,0)         (0.447109,0)        (-0.988593,0)       (0.16836,0)         (0.38,0)            
(1.04593,0)         (0.483548,0)        (-1.0623,0)         (0.177664,0)        (0.43,0)            
(1.04672,0)         (0.445479,0)        (-1.04455,0)        (0.206058,0)        (0.42,0)            
(1.04345,0)         (0.488349,0)        (-1.0808,0)         (0.184548,0)        (0.46,0)            
(1.04595,0)         (0.474631,0)        (-1.0831,0)         (0.200372,0)        (0.43,0)            
(1.0629,0)          (0.0922889,0)       (-0.696513,0)       (0.351492,0)        (0.22,0)            
(1.04428,0)         (0.453487,0)        (-1.08808,0)        (0.225682,0)        (0.45,0)            
(1.04997,0)         (0.420691,0)        (-0.967152,0)       (0.182191,0)        (0.38,0)            
(1.05077,0)         (0.396748,0)        (-0.968559,0)       (0.208131,0)        (0.37,0)            
(1.03943,0)         (0.574691,0)        (-1.17586,0)        (0.155408,0)        (0.51,0)            
(1.04912,0)         (0.264004,0)        (-0.929472,0)       (0.321786,0)        (0.39,0)            
(1.05726,0)         (0.244646,0)        (-0.837773,0)       (0.283046,0)        (0.29,0)            
(1.04434,0)         (0.499278,0)        (-1.08084,0)        (0.173148,0)        (0.45,0)            
(1.05085,0)         (0.460807,0)        (-1.01209,0)        (0.169148,0)        (0.37,0)            
(1.03785,0)         (0.605316,0)        (-1.22207,0)        (0.153111,0)        (0.53,0)            
(1.05152,0)         (0.364388,0)        (-0.904986,0)       (0.201077,0)        (0.36,0)            
(1.04671,0)         (0.442161,0)        (-1.02081,0)        (0.194257,0)        (0.42,0)            
(1.04757,0)         (0.444911,0)        (-1.04715,0)        (0.208322,0)        (0.41,0)            
(1.04108,0)         (0.583708,0)        (-1.16667,0)        (0.140067,0)        (0.49,0)            
(1.04592,0)         (0.519076,0)        (-1.06403,0)        (0.141634,0)        (0.43,0)            
(1.05076,0)         (0.420095,0)        (-0.966724,0)       (0.182539,0)        (0.37,0)            
(1.04273,0)         (0.640434,0)        (-1.16278,0)        (0.0782589,0)       (0.47,0)            
(1.05476,0)         (0.306073,0)        (-0.840782,0)       (0.220754,0)        (0.32,0)            
(1.05236,0)         (0.341652,0)        (-0.91648,0)        (0.232241,0)        (0.35,0)            
(1.04915,0)         (0.460871,0)        (-0.998549,0)       (0.160373,0)        (0.39,0)            
(1.04512,0)         (0.436544,0)        (-1.05613,0)        (0.222846,0)        (0.44,0)            
(1.04349,0)         (0.515919,0)        (-1.11297,0)        (0.176412,0)        (0.46,0)            
(1.04672,0)         (0.538648,0)        (-1.03977,0)        (0.105567,0)        (0.42,0)            
(1.05317,0)         (0.302404,0)        (-0.891678,0)       (0.257327,0)        (0.34,0)            
(1.06126,0)         (0.180581,0)        (-0.732543,0)       (0.282348,0)        (0.24,0)            
(1.05,0)            (0.448069,0)        (-0.998214,0)       (0.173545,0)        (0.38,0)            
(1.04675,0)         (0.373244,0)        (-1.03402,0)        (0.274809,0)        (0.42,0)            
(1.04836,0)         (0.41458,0)         (-1.00154,0)        (0.210699,0)        (0.4,0)             
(1.04754,0)         (0.455008,0)        (-1.0334,0)         (0.188922,0)        (0.41,0)            
(1.05159,0)         (0.320025,0)        (-0.926443,0)       (0.261263,0)        (0.36,0)            
(1.05725,0)         (0.281298,0)        (-0.847211,0)       (0.250794,0)        (0.29,0)            
(1.04595,0)         (0.462395,0)        (-1.08017,0)        (0.211279,0)        (0.43,0)            
(1.04672,0)         (0.504299,0)        (-1.0451,0)         (0.144906,0)        (0.42,0)            
(1.05555,0)         (0.23253,0)         (-0.820663,0)       (0.284709,0)        (0.31,0)            
(1.04592,0)         (0.445827,0)        (-1.04452,0)        (0.20567,0)         (0.43,0)            
(1.04431,0)         (0.512144,0)        (-1.09055,0)        (0.165936,0)        (0.45,0)            
(1.04829,0)         (0.376008,0)        (-0.972861,0)       (0.232583,0)        (0.4,0)             
(1.04434,0)         (0.587477,0)        (-1.12739,0)        (0.110863,0)        (0.45,0)            
(1.04354,0)         (0.60231,0)         (-1.14568,0)        (0.107122,0)        (0.46,0)            
(1.04911,0)         (0.386662,0)        (-0.969411,0)       (0.219225,0)        (0.39,0)            
(1.05717,0)         (0.17727,0)         (-0.770504,0)       (0.310227,0)        (0.29,0)            
(1.04588,0)         (0.43381,0)         (-1.03902,0)        (0.214701,0)        (0.43,0)            
(1.04673,0)         (0.407702,0)        (-1.02742,0)        (0.234533,0)        (0.42,0)            
(1.0653,0)          (0.0376124,0)       (-0.652987,0)       (0.380665,0)        (0.19,0)            
(1.05396,0)         (0.20332,0)         (-0.857353,0)       (0.33885,0)         (0.33,0)            
(1.04594,0)         (0.459379,0)        (-1.05626,0)        (0.19905,0)         (0.43,0)            
(1.04759,0)         (0.455913,0)        (-1.04366,0)        (0.194575,0)        (0.41,0)            
(1.04511,0)         (0.475143,0)        (-1.08115,0)        (0.198577,0)        (0.44,0)            
(1.05395,0)         (0.238848,0)        (-0.85909,0)        (0.30282,0)         (0.33,0)            
(1.05563,0)         (0.27442,0)         (-0.873085,0)       (0.274627,0)        (0.31,0)            
(1.05721,0)         (0.252604,0)        (-0.807342,0)       (0.255153,0)        (0.29,0)            
(1.04996,0)         (0.336137,0)        (-0.951297,0)       (0.260402,0)        (0.38,0)            
(1.03866,0)         (0.639317,0)        (-1.21679,0)        (0.114161,0)        (0.52,0)            
(1.04676,0)         (0.485284,0)        (-1.07966,0)        (0.187014,0)        (0.42,0)            
(1.05239,0)         (0.367084,0)        (-0.931967,0)       (0.215612,0)        (0.35,0)            
(1.05073,0)         (0.370302,0)        (-0.944092,0)       (0.220045,0)        (0.37,0)            
(1.04995,0)         (0.359786,0)        (-0.949287,0)       (0.234382,0)        (0.38,0)            
(1.05075,0)         (0.358012,0)        (-0.941799,0)       (0.231421,0)        (0.37,0)            
(1.04673,0)         (0.480952,0)        (-1.04693,0)        (0.170497,0)        (0.42,0)            
(1.03701,0)         (0.631369,0)        (-1.23432,0)        (0.133748,0)        (0.54,0)            
(1.04428,0)         (0.535545,0)        (-1.08807,0)        (0.139876,0)        (0.45,0)            
(1.04592,0)         (0.50802,0)         (-1.06816,0)        (0.15585,0)         (0.43,0)            
(1.04839,0)         (0.501026,0)        (-1.03361,0)        (0.140941,0)        (0.4,0)             
(1.04754,0)         (0.430592,0)        (-1.0269,0)         (0.210267,0)        (0.41,0)            
(1.04994,0)         (0.420553,0)        (-0.965406,0)       (0.181213,0)        (0.38,0)            
(1.03946,0)         (0.672193,0)        (-1.2038,0)         (0.0714339,0)       (0.51,0)            
(1.05319,0)         (0.351127,0)        (-0.90597,0)        (0.215575,0)        (0.34,0)            
(1.04591,0)         (0.519131,0)        (-1.06339,0)        (0.141165,0)        (0.43,0)            
(1.05233,0)         (0.291859,0)        (-0.893848,0)       (0.269747,0)        (0.35,0)            
(1.05402,0)         (0.387267,0)        (-0.917366,0)       (0.185118,0)        (0.33,0)            
(1.05399,0)         (0.311933,0)        (-0.880528,0)       (0.240191,0)        (0.33,0)            
(1.05152,0)         (0.377693,0)        (-0.91626,0)        (0.194416,0)        (0.36,0)            
(1.04991,0)         (0.358524,0)        (-0.939841,0)       (0.229626,0)        (0.38,0)            
(1.04592,0)         (0.471368,0)        (-1.05872,0)        (0.188102,0)        (0.43,0)            
(1.05477,0)         (0.259434,0)        (-0.843812,0)       (0.271469,0)        (0.32,0)            
(1.04269,0)         (0.531876,0)        (-1.13897,0)        (0.176449,0)        (0.47,0)            
(1.04996,0)         (0.433803,0)        (-0.97732,0)        (0.175021,0)        (0.38,0)            
(1.04598,0)         (0.534411,0)        (-1.09327,0)        (0.144404,0)        (0.43,0)            
(1.05561,0)         (0.246686,0)        (-0.842837,0)       (0.284171,0)        (0.31,0)            
(1.05076,0)         (0.405666,0)        (-0.94775,0)        (0.185422,0)        (0.37,0)            
(1.05075,0)         (0.370193,0)        (-0.945372,0)       (0.220983,0)        (0.37,0)            
(1.06045,0)         (0.123288,0)        (-0.739023,0)       (0.346421,0)        (0.25,0)            
(1.03869,0)         (0.713526,0)        (-1.24592,0)        (0.0553101,0)       (0.52,0)            
(1.05075,0)         (0.394609,0)        (-0.951878,0)       (0.199638,0)        (0.37,0)            
(1.04595,0)         (0.533396,0)        (-1.08429,0)        (0.139689,0)        (0.43,0)            
(1.0451,0)          (0.545075,0)        (-1.07692,0)        (0.12274,0)         (0.44,0)            
(1.04593,0)         (0.434715,0)        (-1.04928,0)        (0.220354,0)        (0.43,0)            
(1.04028,0)         (0.635138,0)        (-1.19504,0)        (0.104544,0)        (0.5,0)             
(1.04833,0)         (0.413565,0)        (-0.99256,0)        (0.205984,0)        (0.4,0)             
(1.04427,0)         (0.510059,0)        (-1.07323,0)        (0.156975,0)        (0.45,0)            
(1.04431,0)         (0.489975,0)        (-1.09944,0)        (0.194837,0)        (0.45,0)            
(1.04989,0)         (0.323106,0)        (-0.936823,0)       (0.264718,0)        (0.38,0)            
(1.05397,0)         (0.345267,0)        (-0.866224,0)       (0.196138,0)        (0.33,0)            
(1.0515,0)          (0.255719,0)        (-0.882451,0)       (0.300204,0)        (0.36,0)            
(1.04431,0)         (0.502156,0)        (-1.10302,0)        (0.184398,0)        (0.45,0)            
(1.05483,0)         (0.348018,0)        (-0.892564,0)       (0.210203,0)        (0.32,0)            
(1.05077,0)         (0.395624,0)        (-0.960859,0)       (0.204353,0)        (0.37,0)            
(1.05717,0)         (0.25052,0)         (-0.790021,0)       (0.246191,0)        (0.29,0)            
(1.04025,0)         (0.58529,0)         (-1.17305,0)        (0.142519,0)        (0.5,0)             
(1.04185,0)         (0.493542,0)        (-1.11153,0)        (0.198882,0)        (0.48,0)            
(1.04993,0)         (0.346234,0)        (-0.937548,0)       (0.241002,0)        (0.38,0)            
(1.04999,0)         (0.400415,0)        (-0.992264,0)       (0.219544,0)        (0.38,0)            
(1.04998,0)         (0.360746,0)        (-0.958908,0)       (0.239566,0)        (0.38,0)            
(1.04434,0)         (0.587477,0)        (-1.12739,0)        (0.110863,0)        (0.45,0)            
(1.05239,0)         (0.36596,0)         (-0.924266,0)       (0.211834,0)        (0.35,0)            
(1.03701,0)         (0.655786,0)        (-1.24082,0)        (0.112403,0)        (0.54,0)            
(1.05322,0)         (0.342155,0)        (-0.927419,0)       (0.238752,0)        (0.34,0)            
(1.03707,0)         (0.660009,0)        (-1.27483,0)        (0.129858,0)        (0.54,0)            
(1.0572,0)          (0.288132,0)        (-0.80908,0)        (0.219123,0)        (0.29,0)            
(1.04995,0)         (0.409442,0)        (-0.970174,0)       (0.195897,0)        (0.38,0)            
(1.05636,0)         (0.192157,0)        (-0.78816,0)        (0.306018,0)        (0.3,0)             
(1.05554,0)         (0.207044,0)        (-0.805816,0)       (0.301808,0)        (0.31,0)            
(1.04428,0)         (0.498948,0)        (-1.07799,0)        (0.171659,0)        (0.45,0)            
(1.04351,0)         (0.515864,0)        (-1.11361,0)        (0.17688,0)         (0.46,0)            
(1.05315,0)         (0.261666,0)        (-0.849982,0)       (0.273103,0)        (0.34,0)            
(1.04435,0)         (0.56413,0)         (-1.12922,0)        (0.136454,0)        (0.45,0)            
(1.04675,0)         (0.423201,0)        (-1.05473,0)        (0.235896,0)        (0.42,0)            
(1.04919,0)         (0.462901,0)        (-1.01651,0)        (0.169804,0)        (0.39,0)            
(1.04992,0)         (0.419538,0)        (-0.956425,0)       (0.176497,0)        (0.38,0)            
(1.05966,0)         (0.211315,0)        (-0.777476,0)       (0.279114,0)        (0.26,0)            
(1.05236,0)         (0.257346,0)        (-0.901091,0)       (0.310493,0)        (0.35,0)            
(1.04673,0)         (0.417936,0)        (-1.01541,0)        (0.216111,0)        (0.42,0)            
(1.05078,0)         (0.503223,0)        (-0.975053,0)       (0.100979,0)        (0.37,0)            
(1.04837,0)         (0.416774,0)        (-1.01758,0)        (0.218723,0)        (0.4,0)             
(1.04916,0)         (0.413108,0)        (-0.993878,0)       (0.20731,0)         (0.39,0)            
(1.05155,0)         (0.390888,0)        (-0.928813,0)       (0.188694,0)        (0.36,0)            
(1.04591,0)         (0.494715,0)        (-1.05689,0)        (0.16251,0)         (0.43,0)            
(1.04994,0)         (0.397261,0)        (-0.966601,0)       (0.206335,0)        (0.38,0)            
(1.05074,0)         (0.32029,0)         (-0.92402,0)        (0.259427,0)        (0.37,0)            
(1.04911,0)         (0.350064,0)        (-0.959332,0)       (0.251008,0)        (0.39,0)            
(1.03704,0)         (0.681217,0)        (-1.25631,0)        (0.0957733,0)       (0.54,0)            
(1.05074,0)         (0.345831,0)        (-0.938226,0)       (0.241859,0)        (0.37,0)            
(1.05562,0)         (0.332116,0)        (-0.865927,0)       (0.209697,0)        (0.31,0)            
(1.05074,0)         (0.248165,0)        (-0.912204,0)       (0.32724,0)         (0.37,0)            
(1.04991,0)         (0.369636,0)        (-0.935073,0)       (0.214941,0)        (0.38,0)            
(1.04831,0)         (0.435843,0)        (-0.982384,0)       (0.176146,0)        (0.4,0)             
(1.04909,0)         (0.396704,0)        (-0.956302,0)       (0.200294,0)        (0.39,0)            
(1.05161,0)         (0.395112,0)        (-0.962817,0)       (0.206148,0)        (0.36,0)            
(1.04832,0)         (0.41362,0)         (-0.99192,0)        (0.205515,0)        (0.4,0)             
(1.0419,0)          (0.545529,0)        (-1.1502,0)         (0.169399,0)        (0.48,0)            
(1.04428,0)         (0.474531,0)        (-1.07149,0)        (0.193004,0)        (0.45,0)            
(1.04436,0)         (0.5652,0)          (-1.13756,0)        (0.140701,0)        (0.45,0)            
(1.05562,0)         (0.233628,0)        (-0.832029,0)       (0.290872,0)        (0.31,0)            
(1.05726,0)         (0.220532,0)        (-0.831092,0)       (0.303963,0)        (0.29,0)            
(1.03865,0)         (0.698137,0)        (-1.21733,0)        (0.0530089,0)       (0.52,0)            
(1.04755,0)         (0.443897,0)        (-1.03817,0)        (0.203607,0)        (0.41,0)            
(1.04749,0)         (0.415257,0)        (-0.997663,0)       (0.207497,0)        (0.41,0)            
(1.04269,0)         (0.590641,0)        (-1.14015,0)        (0.115765,0)        (0.47,0)            
(1.0475,0)          (0.416326,0)        (-1.006,0)          (0.211744,0)        (0.41,0)            
(1.05309,0)         (0.262762,0)        (-0.854657,0)       (0.274964,0)        (0.34,0)            
(1.05482,0)         (0.335837,0)        (-0.888992,0)       (0.220641,0)        (0.32,0)            
(1.05157,0)         (0.368611,0)        (-0.938989,0)       (0.218532,0)        (0.36,0)            
(1.05879,0)         (0.138742,0)        (-0.75408,0)        (0.339948,0)        (0.27,0)            
(1.0451,0)          (0.471825,0)        (-1.0574,0)         (0.186776,0)        (0.44,0)            
(1.04517,0)         (0.598077,0)        (-1.12458,0)        (0.0979732,0)       (0.44,0)            
(1.04511,0)         (0.508423,0)        (-1.06748,0)        (0.154992,0)        (0.44,0)            
(1.05637,0)         (0.25424,0)         (-0.813085,0)       (0.257135,0)        (0.3,0)             
(1.04188,0)         (0.616585,0)        (-1.15368,0)        (0.0973399,0)       (0.48,0)            
(1.05077,0)         (0.444457,0)        (-0.97387,0)        (0.161663,0)        (0.37,0)            
(1.05879,0)         (0.076906,0)        (-0.729621,0)       (0.38887,0)         (0.27,0)            
(1.05478,0)         (0.368157,0)        (-0.865707,0)       (0.171872,0)        (0.32,0)            
(1.04835,0)         (0.476773,0)        (-1.02519,0)        (0.160879,0)        (0.4,0)             
(1.03706,0)         (0.741052,0)        (-1.26584,0)        (0.0393362,0)       (0.54,0)            
(1.04921,0)         (0.451735,0)        (-1.02192,0)        (0.184958,0)        (0.39,0)            
(1.0451,0)          (0.545075,0)        (-1.07692,0)        (0.12274,0)         (0.44,0)            
(1.05156,0)         (0.294594,0)        (-0.910957,0)       (0.277893,0)        (0.36,0)            
(1.04593,0)         (0.555674,0)        (-1.07411,0)        (0.109851,0)        (0.43,0)            
(1.04917,0)         (0.461886,0)        (-1.00753,0)        (0.165089,0)        (0.39,0)            
(1.05477,0)         (0.247253,0)        (-0.840239,0)       (0.281907,0)        (0.32,0)            
(1.0492,0)          (0.441802,0)        (-1.03375,0)        (0.202951,0)        (0.39,0)            
(1.0581,0)          (0.281856,0)        (-0.85751,0)        (0.256835,0)        (0.28,0)            
(1.0459,0)          (0.469229,0)        (-1.04204,0)        (0.179609,0)        (0.43,0)            
(1.04588,0)         (0.455978,0)        (-1.03013,0)        (0.185801,0)        (0.43,0)            
(1.05404,0)         (0.412698,0)        (-0.932853,0)       (0.168488,0)        (0.33,0)            
(1.04507,0)         (0.422032,0)        (-1.03477,0)        (0.224282,0)        (0.44,0)            
(1.05722,0)         (0.27809,0)         (-0.822189,0)       (0.238054,0)        (0.29,0)            
(1.04997,0)         (0.424886,0)        (-0.998129,0)       (0.19773,0)         (0.38,0)            
(1.04674,0)         (0.480897,0)        (-1.04757,0)        (0.170966,0)        (0.42,0)            
(1.04752,0)         (0.489466,0)        (-1.0268,0)         (0.148646,0)        (0.41,0)            
(1.04508,0)         (0.459699,0)        (-1.05319,0)        (0.196745,0)        (0.44,0)            
(1.04671,0)         (0.490994,0)        (-1.03382,0)        (0.151566,0)        (0.42,0)            
(1.04423,0)         (0.423669,0)        (-1.04051,0)        (0.226264,0)        (0.45,0)            
(1.04028,0)         (0.59961,0)         (-1.1933,0)         (0.140573,0)        (0.5,0)             
(1.05076,0)         (0.381249,0)        (-0.941244,0)       (0.206767,0)        (0.37,0)            
(1.04508,0)         (0.423102,0)        (-1.04311,0)        (0.228528,0)        (0.44,0)            
(1.058,0)           (0.175688,0)        (-0.764121,0)       (0.307776,0)        (0.28,0)            
(1.04912,0)         (0.469844,0)        (-0.977099,0)       (0.137196,0)        (0.39,0)            
(1.04754,0)         (0.501593,0)        (-1.03101,0)        (0.138677,0)        (0.41,0)            
(1.03299,0)         (0.694419,0)        (-1.33057,0)        (0.12973,0)         (0.59,0)            
(1.04832,0)         (0.438037,0)        (-0.998426,0)       (0.18417,0)         (0.4,0)             
(1.04107,0)         (0.605931,0)        (-1.15713,0)        (0.110698,0)        (0.49,0)            
(1.04832,0)         (0.462453,0)        (-1.00493,0)        (0.162825,0)        (0.4,0)             
(1.05641,0)         (0.233032,0)        (-0.831602,0)       (0.29122,0)         (0.3,0)             
(1.04669,0)         (0.454451,0)        (-1.0231,0)         (0.182881,0)        (0.42,0)            
(1.04672,0)         (0.503175,0)        (-1.0374,0)         (0.141128,0)        (0.42,0)            
(1.04587,0)         (0.43274,0)         (-1.03068,0)        (0.210454,0)        (0.43,0)            
(1.03463,0)         (0.737895,0)        (-1.31477,0)        (0.0741137,0)       (0.57,0)            
(1.05719,0)         (0.124016,0)        (-0.809105,0)       (0.390736,0)        (0.29,0)            
(1.04832,0)         (0.425856,0)        (-0.994853,0)       (0.194608,0)        (0.4,0)             
(1.05963,0)         (0.137106,0)        (-0.748338,0)       (0.337965,0)        (0.26,0)            
(1.04752,0)         (0.489466,0)        (-1.0268,0)         (0.148646,0)        (0.41,0)            
(1.04913,0)         (0.43651,0)         (-0.991403,0)       (0.18125,0)         (0.39,0)            
(1.04272,0)         (0.616073,0)        (-1.15564,0)        (0.0991352,0)       (0.47,0)            
(1.05877,0)         (0.14766,0)         (-0.733271,0)       (0.317239,0)        (0.27,0)            
(1.05319,0)         (0.338124,0)        (-0.894521,0)       (0.221807,0)        (0.34,0)            
(1.04831,0)         (0.40037,0)         (-0.980006,0)       (0.211707,0)        (0.4,0)             
(1.04678,0)         (0.556231,0)        (-1.08441,0)        (0.115892,0)        (0.42,0)            
(1.02978,0)         (0.849111,0)        (-1.41502,0)        (0.0223017,0)       (0.63,0)            
(1.0459,0)          (0.494769,0)        (-1.05625,0)        (0.162041,0)        (0.43,0)            
(1.05153,0)         (0.376514,0)        (-0.909199,0)       (0.191108,0)        (0.36,0)            
(1.04512,0)         (0.557201,0)        (-1.08113,0)        (0.112771,0)        (0.44,0)            
(1.03864,0)         (0.638247,0)        (-1.20845,0)        (0.109915,0)        (0.52,0)            
(1.0435,0)          (0.502559,0)        (-1.10234,0)        (0.183541,0)        (0.46,0)            
(1.04673,0)         (0.479828,0)        (-1.03923,0)        (0.16672,0)         (0.42,0)            
(1.05162,0)         (0.348472,0)        (-0.965847,0)       (0.256863,0)        (0.36,0)            
(1.04915,0)         (0.375386,0)        (-0.976099,0)       (0.235316,0)        (0.39,0)            
