4
e_L                 onsite              nnhop               ospair              nnJastrow           nnnJastrow          
(0.96,0)            (1.0905,0)          (-2.22576,0)        (1.24821,0)         (0.12,0)            (0.165,0)           
(1.08,0)            (0.814961,0)        (-2.09231,0)        (1.38844,0)         (0.135,0)           (0.07,0)            
(1.04,0)            (0.909276,0)        (-2.12055,0)        (1.32192,0)         (0.13,0)            (0.065,0)           
(1.24,0)            (0.738942,0)        (-2.13632,0)        (1.51298,0)         (0.155,0)           (0.105,0)           
(1,0)               (0.860775,0)        (-2.09013,0)        (1.33924,0)         (0.125,0)           (0.055,0)           
(0.48,0)            (0.873968,0)        (-1.96303,0)        (1.19073,0)         (0.06,0)            (0.095,0)           
(0.76,0)            (0.714938,0)        (-1.94657,0)        (1.33599,0)         (0.095,0)           (0.035,0)           
(1.08,0)            (0.895674,0)        (-2.13543,0)        (1.35164,0)         (0.135,0)           (0.09,0)            
(0.88,0)            (0.565037,0)        (-1.91702,0)        (1.45801,0)         (0.11,0)            (0.02,0)            
(1,0)               (0.848879,0)        (-2.06757,0)        (1.32745,0)         (0.125,0)           (0.035,0)           
(0.72,0)            (0.753833,0)        (-1.99162,0)        (1.34405,0)         (0.09,0)            (0.1,0)             
(1,0)               (0.88914,0)         (-2.12178,0)        (1.34383,0)         (0.125,0)           (0.09,0)            
(0.76,0)            (0.730718,0)        (-1.98004,0)        (1.3554,0)          (0.095,0)           (0.085,0)           
(0.88,0)            (0.710364,0)        (-1.95797,0)        (1.35279,0)         (0.11,0)            (0.01,0)            
(0.56,0)            (0.583548,0)        (-1.85374,0)        (1.37185,0)         (0.07,0)            (0.04,0)            
(0.84,0)            (0.731434,0)        (-1.9461,0)         (1.31861,0)         (0.105,0)           (0.01,0)            
(1.12,0)            (0.781454,0)        (-2.10308,0)        (1.43417,0)         (0.14,0)            (0.08,0)            
(0.96,0)            (0.846193,0)        (-2.07092,0)        (1.33376,0)         (0.12,0)            (0.06,0)            
(0.52,0)            (0.701433,0)        (-1.87225,0)        (1.27088,0)         (0.065,0)           (0.04,0)            
(0.84,0)            (0.665772,0)        (-1.92832,0)        (1.36693,0)         (0.105,0)           (-0.005,0)          
(0.68,0)            (0.858577,0)        (-2.00392,0)        (1.24992,0)         (0.085,0)           (0.09,0)            
(1,0)               (0.758515,0)        (-2.04013,0)        (1.39078,0)         (0.125,0)           (0.05,0)            
(0.92,0)            (0.782591,0)        (-2.07015,0)        (1.39803,0)         (0.115,0)           (0.105,0)           
(0.84,0)            (0.737649,0)        (-2.01189,0)        (1.38213,0)         (0.105,0)           (0.09,0)            
(1.04,0)            (0.881188,0)        (-2.14936,0)        (1.38127,0)         (0.13,0)            (0.12,0)            
(1,0)               (1.05471,0)         (-2.21474,0)        (1.27315,0)         (0.125,0)           (0.145,0)           
(1.44,0)            (0.9707,0)          (-2.27986,0)        (1.42828,0)         (0.18,0)            (0.07,0)            
(0.76,0)            (0.723103,0)        (-1.96664,0)        (1.34895,0)         (0.095,0)           (0.06,0)            
(1,0)               (0.865157,0)        (-2.10918,0)        (1.35499,0)         (0.125,0)           (0.1,0)             
(0.24,0)            (0.535748,0)        (-1.73355,0)        (1.2931,0)          (0.03,0)            (0.06,0)            
(0.92,0)            (0.608622,0)        (-1.93649,0)        (1.43408,0)         (0.115,0)           (0.025,0)           
(0.88,0)            (0.85729,0)         (-2.07098,0)        (1.32247,0)         (0.11,0)            (0.1,0)             
(0.76,0)            (0.624299,0)        (-1.87219,0)        (1.34975,0)         (0.095,0)           (-0.02,0)           
(0.96,0)            (0.598221,0)        (-1.95245,0)        (1.46168,0)         (0.12,0)            (0.01,0)            
(1.32,0)            (0.992213,0)        (-2.25883,0)        (1.38392,0)         (0.165,0)           (0.1,0)             
(0.88,0)            (0.926632,0)        (-2.1164,0)         (1.29976,0)         (0.11,0)            (0.125,0)           
(1.52,0)            (1.1518,0)          (-2.40419,0)        (1.37502,0)         (0.19,0)            (0.145,0)           
(0.6,0)             (0.682035,0)        (-1.91332,0)        (1.33434,0)         (0.075,0)           (0.07,0)            
(0.88,0)            (0.682145,0)        (-1.95915,0)        (1.38292,0)         (0.11,0)            (0.04,0)            
(1.2,0)             (0.681358,0)        (-2.0513,0)         (1.4816,0)          (0.15,0)            (0.025,0)           
(0.6,0)             (0.781744,0)        (-1.9256,0)         (1.24535,0)         (0.075,0)           (0.055,0)           
(0.8,0)             (0.757681,0)        (-2.00001,0)        (1.34902,0)         (0.1,0)             (0.065,0)           
(0.96,0)            (0.790369,0)        (-2.04426,0)        (1.36256,0)         (0.12,0)            (0.06,0)            
(1.08,0)            (0.788114,0)        (-2.05325,0)        (1.37443,0)         (0.135,0)           (0.02,0)            
(1.2,0)             (1.19869,0)         (-2.33895,0)        (1.25773,0)         (0.15,0)            (0.155,0)           
(1.4,0)             (1.08317,0)         (-2.33285,0)        (1.36947,0)         (0.175,0)           (0.125,0)           
(1.04,0)            (0.974538,0)        (-2.18928,0)        (1.32814,0)         (0.13,0)            (0.135,0)           
(0.52,0)            (0.662942,0)        (-1.86479,0)        (1.30234,0)         (0.065,0)           (0.055,0)           
(0.4,0)             (0.681011,0)        (-1.88311,0)        (1.3033,0)          (0.05,0)            (0.115,0)           
(0.64,0)            (0.761394,0)        (-1.94912,0)        (1.29116,0)         (0.08,0)            (0.09,0)            
(0.8,0)             (0.623777,0)        (-1.91351,0)        (1.39416,0)         (0.1,0)             (0.03,0)            
(1.16,0)            (0.855426,0)        (-2.11105,0)        (1.36694,0)         (0.145,0)           (0.03,0)            
(1,0)               (0.688285,0)        (-1.99858,0)        (1.41852,0)         (0.125,0)           (0.01,0)            
(0.8,0)             (0.802214,0)        (-2.03247,0)        (1.33792,0)         (0.1,0)             (0.1,0)             
(0.96,0)            (0.831712,0)        (-2.08763,0)        (1.36632,0)         (0.12,0)            (0.095,0)           
(1,0)               (0.86645,0)         (-2.09713,0)        (1.34087,0)         (0.125,0)           (0.09,0)            
(1.28,0)            (1.01553,0)         (-2.25099,0)        (1.35174,0)         (0.16,0)            (0.1,0)             
(0.48,0)            (0.701444,0)        (-1.85675,0)        (1.2544,0)          (0.06,0)            (0.055,0)           
(1.36,0)            (1.11547,0)         (-2.31283,0)        (1.31515,0)         (0.17,0)            (0.11,0)            
(0.68,0)            (0.818878,0)        (-1.99051,0)        (1.2763,0)          (0.085,0)           (0.07,0)            
(0.6,0)             (0.625804,0)        (-1.87653,0)        (1.35281,0)         (0.075,0)           (0.065,0)           
(0.92,0)            (0.713709,0)        (-1.99268,0)        (1.38623,0)         (0.115,0)           (0.035,0)           
(0.72,0)            (0.797633,0)        (-1.97719,0)        (1.2839,0)          (0.09,0)            (0.065,0)           
(1.52,0)            (1.2216,0)          (-2.43399,0)        (1.33525,0)         (0.19,0)            (0.155,0)           
(0.84,0)            (0.815648,0)        (-2.00945,0)        (1.29973,0)         (0.105,0)           (0.035,0)           
(0.8,0)             (0.677814,0)        (-1.94528,0)        (1.37261,0)         (0.1,0)             (0.04,0)            
(1.04,0)            (0.851805,0)        (-2.11043,0)        (1.36998,0)         (0.13,0)            (0.08,0)            
(1.04,0)            (0.677876,0)        (-2.0114,0)         (1.44278,0)         (0.13,0)            (0.025,0)           
(0.88,0)            (0.885393,0)        (-2.0619,0)         (1.28407,0)         (0.11,0)            (0.05,0)            
(0.64,0)            (0.669839,0)        (-1.90491,0)        (1.3379,0)          (0.08,0)            (0.065,0)           
(1.2,0)             (0.955521,0)        (-2.21133,0)        (1.37102,0)         (0.15,0)            (0.105,0)           
(0.96,0)            (0.894756,0)        (-2.14679,0)        (1.36465,0)         (0.12,0)            (0.18,0)            
(0.72,0)            (0.542387,0)        (-1.8555,0)         (1.41584,0)         (0.09,0)            (0,0)               
(0.88,0)            (0.871424,0)        (-2.06701,0)        (1.30378,0)         (0.11,0)            (0.095,0)           
(1.2,0)             (1.00948,0)         (-2.25776,0)        (1.36513,0)         (0.15,0)            (0.15,0)            
(0.84,0)            (0.781505,0)        (-1.98761,0)        (1.31147,0)         (0.105,0)           (0.03,0)            
(0.56,0)            (0.545897,0)        (-1.81147,0)        (1.36548,0)         (0.07,0)            (0.03,0)            
(1.24,0)            (0.859987,0)        (-2.19047,0)        (1.44663,0)         (0.155,0)           (0.1,0)             
(0.88,0)            (0.869678,0)        (-2.07426,0)        (1.31327,0)         (0.11,0)            (0.095,0)           
(0.72,0)            (0.612781,0)        (-1.90724,0)        (1.39876,0)         (0.09,0)            (0.06,0)            
(1.28,0)            (0.746059,0)        (-2.09228,0)        (1.45891,0)         (0.16,0)            (0.015,0)           
(1,0)               (0.758878,0)        (-2.06072,0)        (1.41227,0)         (0.125,0)           (0.08,0)            
(1.12,0)            (0.96411,0)         (-2.17674,0)        (1.3255,0)          (0.14,0)            (0.08,0)            
(1.52,0)            (0.956422,0)        (-2.31739,0)        (1.48275,0)         (0.19,0)            (0.125,0)           
(0.92,0)            (0.753825,0)        (-2.02626,0)        (1.38084,0)         (0.115,0)           (0.05,0)            
(0.6,0)             (0.610155,0)        (-1.82975,0)        (1.31913,0)         (0.075,0)           (0,0)               
(1.08,0)            (0.804208,0)        (-2.07859,0)        (1.38487,0)         (0.135,0)           (0.05,0)            
(1.08,0)            (0.842828,0)        (-2.12411,0)        (1.3937,0)          (0.135,0)           (0.08,0)            
(1.08,0)            (0.974605,0)        (-2.16425,0)        (1.30149,0)         (0.135,0)           (0.1,0)             
(1.28,0)            (0.895284,0)        (-2.19634,0)        (1.41674,0)         (0.16,0)            (0.085,0)           
(0.52,0)            (0.719528,0)        (-1.92184,0)        (1.30502,0)         (0.065,0)           (0.11,0)            
(0.4,0)             (0.600351,0)        (-1.80327,0)        (1.30105,0)         (0.05,0)            (0.055,0)           
(1.4,0)             (0.960071,0)        (-2.25788,0)        (1.41581,0)         (0.175,0)           (0.105,0)           
(0.72,0)            (0.627173,0)        (-1.91303,0)        (1.39018,0)         (0.09,0)            (0.05,0)            
(1.08,0)            (0.870227,0)        (-2.11658,0)        (1.35767,0)         (0.135,0)           (0.065,0)           
(0.56,0)            (0.784328,0)        (-1.95185,0)        (1.27059,0)         (0.07,0)            (0.115,0)           
(0.76,0)            (0.602972,0)        (-1.93614,0)        (1.4395,0)          (0.095,0)           (0.065,0)           
(0.32,0)            (0.275666,0)        (-1.60972,0)        (1.42772,0)         (0.04,0)            (-0.025,0)          
(1.12,0)            (0.764663,0)        (-2.08148,0)        (1.42841,0)         (0.14,0)            (0.07,0)            
(0.88,0)            (0.615625,0)        (-1.92641,0)        (1.41621,0)         (0.11,0)            (0.02,0)            
(1,0)               (0.922934,0)        (-2.14756,0)        (1.33663,0)         (0.125,0)           (0.115,0)           
(1.44,0)            (0.786611,0)        (-2.19949,0)        (1.5313,0)          (0.18,0)            (0.075,0)           
(0.92,0)            (0.700153,0)        (-1.97773,0)        (1.38422,0)         (0.115,0)           (0.02,0)            
(0.6,0)             (0.59913,0)         (-1.8538,0)         (1.35597,0)         (0.075,0)           (0.015,0)           
(1.08,0)            (0.884424,0)        (-2.13917,0)        (1.36713,0)         (0.135,0)           (0.105,0)           
(1.16,0)            (0.845409,0)        (-2.12586,0)        (1.39292,0)         (0.145,0)           (0.06,0)            
(1.04,0)            (0.746396,0)        (-2.03387,0)        (1.39653,0)         (0.13,0)            (0.035,0)           
(0.92,0)            (0.950613,0)        (-2.11727,0)        (1.27613,0)         (0.115,0)           (0.105,0)           
(0.92,0)            (0.729079,0)        (-2.00783,0)        (1.38659,0)         (0.115,0)           (0.065,0)           
(1.16,0)            (1.02535,0)         (-2.23969,0)        (1.32969,0)         (0.145,0)           (0.13,0)            
(1.32,0)            (0.855222,0)        (-2.17268,0)        (1.4326,0)          (0.165,0)           (0.045,0)           
(0.64,0)            (0.777694,0)        (-1.99295,0)        (1.32104,0)         (0.08,0)            (0.11,0)            
(1.48,0)            (1.03982,0)         (-2.2964,0)         (1.37512,0)         (0.185,0)           (0.075,0)           
(1.2,0)             (0.875002,0)        (-2.14893,0)        (1.38714,0)         (0.15,0)            (0.06,0)            
(1.04,0)            (0.827318,0)        (-2.09121,0)        (1.37463,0)         (0.13,0)            (0.065,0)           
(0.52,0)            (0.541294,0)        (-1.78284,0)        (1.33978,0)         (0.065,0)           (0,0)               
(0.96,0)            (0.557146,0)        (-1.92817,0)        (1.47792,0)         (0.12,0)            (0.045,0)           
(0.6,0)             (0.744569,0)        (-1.91342,0)        (1.27046,0)         (0.075,0)           (0.05,0)            
(0.64,0)            (0.422433,0)        (-1.80585,0)        (1.48585,0)         (0.08,0)            (0.04,0)            
(1.32,0)            (1.11459,0)         (-2.33123,0)        (1.3356,0)          (0.165,0)           (0.14,0)            
(0.84,0)            (0.866288,0)        (-2.07211,0)        (1.31446,0)         (0.105,0)           (0.1,0)             
(1.4,0)             (0.92222,0)         (-2.24731,0)        (1.44332,0)         (0.175,0)           (0.1,0)             
(1.28,0)            (1.17104,0)         (-2.30212,0)        (1.2469,0)          (0.16,0)            (0.095,0)           
(0.72,0)            (0.792753,0)        (-1.99334,0)        (1.30604,0)         (0.09,0)            (0.075,0)           
(0.4,0)             (0.587666,0)        (-1.79169,0)        (1.30172,0)         (0.05,0)            (0.045,0)           
(1.08,0)            (0.822884,0)        (-2.12513,0)        (1.4152,0)          (0.135,0)           (0.115,0)           
(1.16,0)            (0.99278,0)         (-2.17872,0)        (1.29826,0)         (0.145,0)           (0.065,0)           
(1.04,0)            (0.880693,0)        (-2.13682,0)        (1.36846,0)         (0.13,0)            (0.1,0)             
(1.04,0)            (0.742756,0)        (-2.08963,0)        (1.45948,0)         (0.13,0)            (0.115,0)           
(0.56,0)            (0.669568,0)        (-1.88882,0)        (1.32108,0)         (0.07,0)            (0.07,0)            
(0.92,0)            (0.817214,0)        (-2.00847,0)        (1.29708,0)         (0.115,0)           (0.025,0)           
(0.8,0)             (0.70989,0)         (-1.96936,0)        (1.36537,0)         (0.1,0)             (0.06,0)            
(1.08,0)            (0.935468,0)        (-2.15514,0)        (1.33185,0)         (0.135,0)           (0.09,0)            
(0.8,0)             (0.663857,0)        (-1.94146,0)        (1.38284,0)         (0.1,0)             (0.03,0)            
(0.4,0)             (0.787885,0)        (-1.87672,0)        (1.18715,0)         (0.05,0)            (0.055,0)           
(1.08,0)            (0.866492,0)        (-2.12366,0)        (1.369,0)           (0.135,0)           (0.055,0)           
(1.12,0)            (0.767474,0)        (-2.07048,0)        (1.41385,0)         (0.14,0)            (0.04,0)            
(1.2,0)             (0.866745,0)        (-2.15771,0)        (1.40491,0)         (0.15,0)            (0.11,0)            
(1.32,0)            (0.895764,0)        (-2.19372,0)        (1.41346,0)         (0.165,0)           (0.075,0)           
(1.08,0)            (0.895567,0)        (-2.10401,0)        (1.31838,0)         (0.135,0)           (0.025,0)           
(0.96,0)            (0.774694,0)        (-2.03284,0)        (1.36648,0)         (0.12,0)            (0.05,0)            
(0.76,0)            (0.539448,0)        (-1.83539,0)        (1.39749,0)         (0.095,0)           (-0.03,0)           
(1.12,0)            (0.983391,0)        (-2.2437,0)         (1.37688,0)         (0.14,0)            (0.17,0)            
(0.8,0)             (1.10668,0)         (-2.17749,0)        (1.18039,0)         (0.1,0)             (0.15,0)            
(1.24,0)            (1.08406,0)         (-2.31822,0)        (1.35302,0)         (0.155,0)           (0.17,0)            
(0.96,0)            (0.837122,0)        (-2.08938,0)        (1.36265,0)         (0.12,0)            (0.105,0)           
(0.52,0)            (0.558905,0)        (-1.83198,0)        (1.37396,0)         (0.065,0)           (0.05,0)            
(0.84,0)            (0.761113,0)        (-2.01092,0)        (1.35709,0)         (0.105,0)           (0.065,0)           
(0.96,0)            (0.739646,0)        (-1.9787,0)         (1.34484,0)         (0.12,0)            (-0.025,0)          
(1.04,0)            (0.650701,0)        (-1.9951,0)         (1.45328,0)         (0.13,0)            (0.02,0)            
(0.6,0)             (0.680326,0)        (-1.90198,0)        (1.32405,0)         (0.075,0)           (0.08,0)            
(1.04,0)            (0.851926,0)        (-2.09076,0)        (1.34897,0)         (0.13,0)            (0.08,0)            
(0.6,0)             (0.812331,0)        (-1.957,0)          (1.2474,0)          (0.075,0)           (0.055,0)           
(1.04,0)            (0.868965,0)        (-2.11057,0)        (1.35257,0)         (0.13,0)            (0.085,0)           
(0.24,0)            (0.418801,0)        (-1.66371,0)        (1.33859,0)         (0.03,0)            (0,0)               
(0.44,0)            (0.724223,0)        (-1.86435,0)        (1.23916,0)         (0.055,0)           (0.05,0)            
(0.84,0)            (0.839531,0)        (-2.02424,0)        (1.29099,0)         (0.105,0)           (0.055,0)           
(0.92,0)            (0.788995,0)        (-2.04986,0)        (1.36993,0)         (0.115,0)           (0.09,0)            
(1,0)               (0.81785,0)         (-2.09299,0)        (1.3862,0)          (0.125,0)           (0.11,0)            
(1.16,0)            (0.846182,0)        (-2.10585,0)        (1.37087,0)         (0.145,0)           (0.05,0)            
(0.8,0)             (0.751387,0)        (-1.94783,0)        (1.30003,0)         (0.1,0)             (0.005,0)           
(1.28,0)            (0.949888,0)        (-2.24584,0)        (1.41344,0)         (0.16,0)            (0.14,0)            
(1.16,0)            (0.808684,0)        (-2.1225,0)         (1.42694,0)         (0.145,0)           (0.06,0)            
(0.84,0)            (0.749637,0)        (-1.98598,0)        (1.34235,0)         (0.105,0)           (0.055,0)           
(0.96,0)            (0.837599,0)        (-2.08498,0)        (1.35749,0)         (0.12,0)            (0.1,0)             
(0.8,0)             (0.509671,0)        (-1.88597,0)        (1.48168,0)         (0.1,0)             (0.04,0)            
(0.76,0)            (0.702009,0)        (-1.94112,0)        (1.34344,0)         (0.095,0)           (0.035,0)           
(1.44,0)            (1.09044,0)         (-2.32103,0)        (1.34948,0)         (0.18,0)            (0.095,0)           
(1.04,0)            (0.891365,0)        (-2.11685,0)        (1.33632,0)         (0.13,0)            (0.085,0)           
(1.28,0)            (0.947177,0)        (-2.19462,0)        (1.36182,0)         (0.16,0)            (0.06,0)            
(1.24,0)            (1.17192,0)         (-2.32099,0)        (1.26605,0)         (0.155,0)           (0.155,0)           
(1,0)               (0.895676,0)        (-2.13006,0)        (1.34594,0)         (0.125,0)           (0.095,0)           
(0.92,0)            (0.955929,0)        (-2.13157,0)        (1.28589,0)         (0.115,0)           (0.105,0)           
(0.36,0)            (0.550585,0)        (-1.83634,0)        (1.3871,0)          (0.045,0)           (0.135,0)           
(0.68,0)            (0.555991,0)        (-1.82385,0)        (1.36829,0)         (0.085,0)           (-0.03,0)           
(0.8,0)             (0.659112,0)        (-1.95339,0)        (1.40037,0)         (0.1,0)             (0.06,0)            
(1.12,0)            (0.750768,0)        (-2.07596,0)        (1.43676,0)         (0.14,0)            (0.065,0)           
(1.36,0)            (0.884656,0)        (-2.1944,0)         (1.42556,0)         (0.17,0)            (0.065,0)           
(0.8,0)             (0.655336,0)        (-1.94514,0)        (1.39547,0)         (0.1,0)             (0.055,0)           
(1.16,0)            (1.14443,0)         (-2.2697,0)         (1.2397,0)          (0.145,0)           (0.12,0)            
(1.04,0)            (0.894545,0)        (-2.13617,0)        (1.35358,0)         (0.13,0)            (0.115,0)           
(1.04,0)            (0.77795,0)         (-2.11033,0)        (1.44545,0)         (0.13,0)            (0.12,0)            
(0.76,0)            (0.858669,0)        (-1.99449,0)        (1.23981,0)         (0.095,0)           (0.05,0)            
(0.92,0)            (0.750495,0)        (-2.00497,0)        (1.36164,0)         (0.115,0)           (0.035,0)           
(1.4,0)             (1.08368,0)         (-2.34164,0)        (1.37829,0)         (0.175,0)           (0.135,0)           
(0.76,0)            (0.821332,0)        (-1.97464,0)        (1.25694,0)         (0.095,0)           (0.025,0)           
(1.48,0)            (1.27151,0)         (-2.44066,0)        (1.29125,0)         (0.185,0)           (0.145,0)           
(0.64,0)            (0.607201,0)        (-1.86869,0)        (1.36352,0)         (0.08,0)            (0.035,0)           
(1.08,0)            (0.894943,0)        (-2.18155,0)        (1.40138,0)         (0.135,0)           (0.13,0)            
(0.92,0)            (0.910268,0)        (-2.09065,0)        (1.28915,0)         (0.115,0)           (0.075,0)           
(0.48,0)            (0.776217,0)        (-1.89359,0)        (1.21702,0)         (0.06,0)            (0.045,0)           
(1.2,0)             (0.848013,0)        (-2.12548,0)        (1.38985,0)         (0.15,0)            (0.06,0)            
(1,0)               (1.13424,0)         (-2.23527,0)        (1.21356,0)         (0.125,0)           (0.14,0)            
(0.68,0)            (0.44521,0)         (-1.77977,0)        (1.43484,0)         (0.085,0)           (-0.035,0)          
(1,0)               (0.809083,0)        (-2.03734,0)        (1.33607,0)         (0.125,0)           (0.03,0)            
(0.92,0)            (0.821691,0)        (-2.09452,0)        (1.3839,0)          (0.115,0)           (0.13,0)            
(1.24,0)            (0.816115,0)        (-2.18319,0)        (1.4838,0)          (0.155,0)           (0.115,0)           
(1.48,0)            (1.04491,0)         (-2.29305,0)        (1.36634,0)         (0.185,0)           (0.04,0)            
(1,0)               (0.814288,0)        (-2.07573,0)        (1.37152,0)         (0.125,0)           (0.085,0)           
(0.88,0)            (0.842568,0)        (-2.03945,0)        (1.30404,0)         (0.11,0)            (0.065,0)           
(1,0)               (0.837635,0)        (-2.08236,0)        (1.35467,0)         (0.125,0)           (0.06,0)            
(0.72,0)            (0.746096,0)        (-1.98529,0)        (1.34524,0)         (0.09,0)            (0.105,0)           
(0.6,0)             (0.45501,0)         (-1.79617,0)        (1.44224,0)         (0.075,0)           (0.02,0)            
(0.84,0)            (0.725162,0)        (-1.98598,0)        (1.36739,0)         (0.105,0)           (0.06,0)            
(0.92,0)            (0.899652,0)        (-2.07641,0)        (1.28488,0)         (0.115,0)           (0.07,0)            
(0.76,0)            (0.387789,0)        (-1.81367,0)        (1.52962,0)         (0.095,0)           (0.015,0)           
(0.12,0)            (0.463213,0)        (-1.67732,0)        (1.3076,0)          (0.015,0)           (0.08,0)            
(0.68,0)            (0.749524,0)        (-1.94813,0)        (1.30226,0)         (0.085,0)           (0.05,0)            
(1.12,0)            (0.718998,0)        (-2.06506,0)        (1.4577,0)          (0.14,0)            (0.07,0)            
(1.24,0)            (1.09921,0)         (-2.3239,0)         (1.34355,0)         (0.155,0)           (0.17,0)            
(0.56,0)            (0.634464,0)        (-1.83362,0)        (1.29838,0)         (0.07,0)            (0.02,0)            
(1.44,0)            (1.01077,0)         (-2.31239,0)        (1.42183,0)         (0.18,0)            (0.11,0)            
(0.96,0)            (0.982873,0)        (-2.14184,0)        (1.26922,0)         (0.12,0)            (0.095,0)           
(1,0)               (0.744701,0)        (-2.03565,0)        (1.40016,0)         (0.125,0)           (0.05,0)            
(0.84,0)            (0.784738,0)        (-2.01061,0)        (1.33259,0)         (0.105,0)           (0.065,0)           
(1.32,0)            (0.952191,0)        (-2.23878,0)        (1.40359,0)         (0.165,0)           (0.105,0)           
(1.12,0)            (0.776139,0)        (-2.07663,0)        (1.41151,0)         (0.14,0)            (0.03,0)            
(0.72,0)            (0.805533,0)        (-2.01502,0)        (1.316,0)           (0.09,0)            (0.115,0)           
(1.16,0)            (0.902557,0)        (-2.15477,0)        (1.36514,0)         (0.145,0)           (0.105,0)           
(0.88,0)            (0.778244,0)        (-2.02065,0)        (1.3499,0)          (0.11,0)            (0.075,0)           
(0.28,0)            (0.617843,0)        (-1.7659,0)         (1.24345,0)         (0.035,0)           (0.03,0)            
(0.44,0)            (0.516638,0)        (-1.72284,0)        (1.30128,0)         (0.055,0)           (-0.05,0)           
(0.96,0)            (0.807558,0)        (-2.02732,0)        (1.32699,0)         (0.12,0)            (0.02,0)            
(0.88,0)            (0.805362,0)        (-2.0385,0)         (1.3411,0)          (0.11,0)            (0.085,0)           
(0.8,0)             (0.594462,0)        (-1.9633,0)         (1.47705,0)         (0.1,0)             (0.115,0)           
(0.72,0)            (0.727765,0)        (-1.95251,0)        (1.32917,0)         (0.09,0)            (0.055,0)           
(0.68,0)            (0.594912,0)        (-1.87405,0)        (1.3818,0)          (0.085,0)           (0.05,0)            
(0.24,0)            (0.589428,0)        (-1.7523,0)         (1.25808,0)         (0.03,0)            (0.06,0)            
(0.52,0)            (0.621906,0)        (-1.83041,0)        (1.30781,0)         (0.065,0)           (0.035,0)           
(1.16,0)            (0.72874,0)         (-2.08975,0)        (1.47395,0)         (0.145,0)           (0.08,0)            
(1.16,0)            (0.95848,0)         (-2.21341,0)        (1.3702,0)          (0.145,0)           (0.125,0)           
(0.76,0)            (0.750025,0)        (-1.94458,0)        (1.29798,0)         (0.095,0)           (0.025,0)           
(1.2,0)             (0.995103,0)        (-2.23855,0)        (1.35942,0)         (0.15,0)            (0.125,0)           
(1.08,0)            (0.687224,0)        (-2.04522,0)        (1.46914,0)         (0.135,0)           (0.07,0)            
(1.04,0)            (0.8539,0)          (-2.10106,0)        (1.35789,0)         (0.13,0)            (0.05,0)            
(1.24,0)            (0.867256,0)        (-2.16752,0)        (1.41481,0)         (0.155,0)           (0.065,0)           
(1.68,0)            (1.31815,0)         (-2.51487,0)        (1.32235,0)         (0.21,0)            (0.14,0)            
(0.92,0)            (0.832896,0)        (-2.05672,0)        (1.33228,0)         (0.115,0)           (0.05,0)            
(1,0)               (0.906476,0)        (-2.14018,0)        (1.34564,0)         (0.125,0)           (0.115,0)           
(0.88,0)            (0.879718,0)        (-2.07019,0)        (1.29868,0)         (0.11,0)            (0.075,0)           
(1.16,0)            (0.846518,0)        (-2.15264,0)        (1.42023,0)         (0.145,0)           (0.095,0)           
(0.56,0)            (0.650291,0)        (-1.8621,0)         (1.31242,0)         (0.07,0)            (0.05,0)            
(1,0)               (0.874388,0)        (-2.08178,0)        (1.31645,0)         (0.125,0)           (0.05,0)            
(0.84,0)            (0.613624,0)        (-1.90624,0)        (1.39684,0)         (0.105,0)           (-0.015,0)          
(0.24,0)            (0.335859,0)        (-1.60501,0)        (1.36112,0)         (0.03,0)            (-0.04,0)           
(1.12,0)            (1.01089,0)         (-2.22479,0)        (1.32866,0)         (0.14,0)            (0.14,0)            
(1.52,0)            (1.13269,0)         (-2.40265,0)        (1.39293,0)         (0.19,0)            (0.145,0)           
(0.4,0)             (0.391792,0)        (-1.70953,0)        (1.4149,0)          (0.05,0)            (0.035,0)           
(1.12,0)            (0.66292,0)         (-2.04527,0)        (1.49407,0)         (0.14,0)            (0.065,0)           
(1.4,0)             (1.06571,0)         (-2.30003,0)        (1.35248,0)         (0.175,0)           (0.1,0)             
(0.96,0)            (0.818917,0)        (-2.06488,0)        (1.35525,0)         (0.12,0)            (0.08,0)            
(1.16,0)            (0.995503,0)        (-2.22648,0)        (1.3462,0)          (0.145,0)           (0.145,0)           
(1.08,0)            (0.952055,0)        (-2.16175,0)        (1.32191,0)         (0.135,0)           (0.08,0)            
(1.16,0)            (0.952402,0)        (-2.1837,0)         (1.34487,0)         (0.145,0)           (0.1,0)             
(1.08,0)            (0.924268,0)        (-2.15265,0)        (1.34067,0)         (0.135,0)           (0.1,0)             
(1.36,0)            (0.898173,0)        (-2.21628,0)        (1.43496,0)         (0.17,0)            (0.07,0)            
(1.16,0)            (0.87507,0)         (-2.16682,0)        (1.40607,0)         (0.145,0)           (0.1,0)             
(1.32,0)            (0.952652,0)        (-2.23,0)           (1.39379,0)         (0.165,0)           (0.11,0)            
(0.96,0)            (0.862676,0)        (-2.07583,0)        (1.3221,0)          (0.12,0)            (0.075,0)           
(0.76,0)            (0.743883,0)        (-1.9652,0)         (1.32617,0)         (0.095,0)           (0.045,0)           
(0.68,0)            (0.602282,0)        (-1.87861,0)        (1.37909,0)         (0.085,0)           (0.025,0)           
(0.84,0)            (0.830948,0)        (-2.00351,0)        (1.27776,0)         (0.105,0)           (0.035,0)           
(1.08,0)            (0.921376,0)        (-2.13024,0)        (1.31983,0)         (0.135,0)           (0.045,0)           
(0.84,0)            (0.766409,0)        (-2.02091,0)        (1.36229,0)         (0.105,0)           (0.095,0)           
(0.84,0)            (0.618825,0)        (-1.92778,0)        (1.4144,0)          (0.105,0)           (0.055,0)           
(1.08,0)            (0.964376,0)        (-2.17559,0)        (1.324,0)           (0.135,0)           (0.11,0)            
(0.88,0)            (0.563497,0)        (-1.93875,0)        (1.48266,0)         (0.11,0)            (0.05,0)            
(0.32,0)            (0.383728,0)        (-1.64629,0)        (1.35598,0)         (0.04,0)            (-0.045,0)          
(1.04,0)            (0.800892,0)        (-2.06505,0)        (1.37388,0)         (0.13,0)            (0.055,0)           
(1.44,0)            (0.973729,0)        (-2.29447,0)        (1.44069,0)         (0.18,0)            (0.11,0)            
(0.52,0)            (0.636037,0)        (-1.85126,0)        (1.3155,0)          (0.065,0)           (0.05,0)            
(1.08,0)            (0.81608,0)         (-2.09549,0)        (1.39068,0)         (0.135,0)           (0.065,0)           
(0.76,0)            (0.657316,0)        (-1.90923,0)        (1.3553,0)          (0.095,0)           (0.015,0)           
(1,0)               (0.747056,0)        (-2.0248,0)         (1.38623,0)         (0.125,0)           (0.055,0)           
(1,0)               (0.812278,0)        (-2.07621,0)        (1.37409,0)         (0.125,0)           (0.07,0)            
(0.96,0)            (0.96803,0)         (-2.12068,0)        (1.26193,0)         (0.12,0)            (0.075,0)           
(1.4,0)             (1.07857,0)         (-2.31527,0)        (1.35551,0)         (0.175,0)           (0.11,0)            
(0.84,0)            (0.695601,0)        (-1.96624,0)        (1.37668,0)         (0.105,0)           (0.04,0)            
(0.64,0)            (0.614454,0)        (-1.87892,0)        (1.36697,0)         (0.08,0)            (0.055,0)           
(0.48,0)            (0.625744,0)        (-1.81435,0)        (1.28682,0)         (0.06,0)            (0.03,0)            
(1.36,0)            (1.15509,0)         (-2.36402,0)        (1.32897,0)         (0.17,0)            (0.14,0)            
(1.16,0)            (0.822837,0)        (-2.14795,0)        (1.43948,0)         (0.145,0)           (0.09,0)            
(0.8,0)             (1.05296,0)         (-2.1331,0)         (1.18822,0)         (0.1,0)             (0.12,0)            
(0.72,0)            (0.727643,0)        (-1.95781,0)        (1.33493,0)         (0.09,0)            (0.095,0)           
(1.16,0)            (0.943535,0)        (-2.19346,0)        (1.3643,0)          (0.145,0)           (0.115,0)           
(1.24,0)            (0.786129,0)        (-2.14836,0)        (1.47748,0)         (0.155,0)           (0.08,0)            
(0.64,0)            (0.545184,0)        (-1.84004,0)        (1.39656,0)         (0.08,0)            (0.015,0)           
(0.92,0)            (1.03563,0)         (-2.16428,0)        (1.23907,0)         (0.115,0)           (0.115,0)           
(0.72,0)            (0.674506,0)        (-1.93408,0)        (1.3641,0)          (0.09,0)            (0.075,0)           
(0.56,0)            (0.452005,0)        (-1.76576,0)        (1.41301,0)         (0.07,0)            (0.005,0)           
(1.2,0)             (0.860958,0)        (-2.16592,0)        (1.41956,0)         (0.15,0)            (0.1,0)             
(1.08,0)            (0.796389,0)        (-2.07289,0)        (1.38682,0)         (0.135,0)           (0.035,0)           
(1.08,0)            (0.924535,0)        (-2.16067,0)        (1.34892,0)         (0.135,0)           (0.1,0)             
(1.04,0)            (0.969872,0)        (-2.15857,0)        (1.3003,0)          (0.13,0)            (0.095,0)           
(0.56,0)            (0.571988,0)        (-1.84175,0)        (1.37094,0)         (0.07,0)            (0.05,0)            
(0.88,0)            (0.645015,0)        (-1.95394,0)        (1.41538,0)         (0.11,0)            (0.03,0)            
(0.6,0)             (0.596129,0)        (-1.82932,0)        (1.33304,0)         (0.075,0)           (0,0)               
(1.16,0)            (0.956301,0)        (-2.19382,0)        (1.35162,0)         (0.145,0)           (0.09,0)            
(1.04,0)            (0.876292,0)        (-2.07761,0)        (1.31007,0)         (0.13,0)            (0.02,0)            
(0.68,0)            (0.634046,0)        (-1.88427,0)        (1.35261,0)         (0.085,0)           (0.025,0)           
