87
e_L                 onsite              nnhop               ospair              nnJastrow           
(1.05644,0)         (0.270661,0)        (-0.850744,0)       (0.264225,0)        (0.3,0)             
(1.04592,0)         (0.471395,0)        (-1.05883,0)        (0.188176,0)        (0.43,0)            
(1.05483,0)         (0.313633,0)        (-0.898617,0)       (0.250085,0)        (0.32,0)            
(1.05319,0)         (0.32673,0)         (-0.899551,0)       (0.236991,0)        (0.34,0)            
(1.0475,0)          (0.390809,0)        (-0.991894,0)       (0.229386,0)        (0.41,0)            
(1.03545,0)         (0.758523,0)        (-1.29963,0)        (0.0428304,0)       (0.56,0)            
(1.05642,0)         (0.244104,0)        (-0.827553,0)       (0.277077,0)        (0.3,0)             
(1.05156,0)         (0.320977,0)        (-0.933132,0)       (0.264608,0)        (0.36,0)            
(1.04752,0)         (0.428477,0)        (-1.01032,0)        (0.201847,0)        (0.41,0)            
(1.05403,0)         (0.289866,0)        (-0.891897,0)       (0.270615,0)        (0.33,0)            
(1.04435,0)         (0.550856,0)        (-1.11806,0)        (0.143187,0)        (0.45,0)            
(1.04832,0)         (0.375921,0)        (-0.974236,0)       (0.233595,0)        (0.4,0)             
(1.05475,0)         (0.282851,0)        (-0.841415,0)       (0.245476,0)        (0.32,0)            
(1.04836,0)         (0.524455,0)        (-1.03124,0)        (0.114944,0)        (0.4,0)             
(1.04751,0)         (0.379697,0)        (-0.996664,0)       (0.244073,0)        (0.41,0)            
(1.0411,0)          (0.643578,0)        (-1.17631,0)        (0.0836969,0)       (0.49,0)            
(1.04107,0)         (0.582672,0)        (-1.15844,0)        (0.135893,0)        (0.49,0)            
(1.05315,0)         (0.288046,0)        (-0.872146,0)       (0.259813,0)        (0.34,0)            
(1.0419,0)          (0.581035,0)        (-1.1527,0)         (0.133911,0)        (0.48,0)            
(1.05316,0)         (0.347937,0)        (-0.881028,0)       (0.2029,0)          (0.34,0)            
(1.04027,0)         (0.574158,0)        (-1.17858,0)        (0.157748,0)        (0.5,0)             
(1.04912,0)         (0.385505,0)        (-0.962443,0)       (0.215987,0)        (0.39,0)            
(1.04344,0)         (0.47732,0)         (-1.08504,0)        (0.19884,0)         (0.46,0)            
(1.0395,0)          (0.664328,0)        (-1.23372,0)        (0.0989307,0)       (0.51,0)            
(1.0475,0)          (0.461812,0)        (-0.996006,0)       (0.157786,0)        (0.41,0)            
(1.04345,0)         (0.489502,0)        (-1.08861,0)        (0.188401,0)        (0.46,0)            
(1.05075,0)         (0.417924,0)        (-0.950773,0)       (0.174581,0)        (0.37,0)            
(1.04834,0)         (0.390297,0)        (-0.993854,0)       (0.231182,0)        (0.4,0)             
(1.05637,0)         (0.181003,0)        (-0.793643,0)       (0.321246,0)        (0.3,0)             
(1.05319,0)         (0.264891,0)        (-0.875089,0)       (0.285918,0)        (0.34,0)            
(1.04834,0)         (0.415838,0)        (-1.00806,0)        (0.213613,0)        (0.4,0)             
(1.04111,0)         (0.621356,0)        (-1.18585,0)        (0.113071,0)        (0.49,0)            
(1.04994,0)         (0.444993,0)        (-0.972004,0)       (0.159932,0)        (0.38,0)            
(1.04587,0)         (0.442753,0)        (-1.01831,0)        (0.192063,0)        (0.43,0)            
(1.04431,0)         (0.462515,0)        (-1.06977,0)        (0.204497,0)        (0.45,0)            
(1.04187,0)         (0.433571,0)        (-1.10404,0)        (0.256809,0)        (0.48,0)            
(1.03943,0)         (0.610199,0)        (-1.17835,0)        (0.119917,0)        (0.51,0)            
(1.04831,0)         (0.413699,0)        (-0.991377,0)       (0.205118,0)        (0.4,0)             
(1.05884,0)         (0.223967,0)        (-0.779803,0)       (0.267418,0)        (0.27,0)            
(1.04834,0)         (0.379487,0)        (-0.998449,0)       (0.245441,0)        (0.4,0)             
(1.05239,0)         (0.379286,0)        (-0.935631,0)       (0.205243,0)        (0.35,0)            
(1.04196,0)         (0.658512,0)        (-1.20623,0)        (0.0873285,0)       (0.48,0)            
(1.04834,0)         (0.414714,0)        (-1.00036,0)        (0.209835,0)        (0.4,0)             
(1.04836,0)         (0.464564,0)        (-1.02235,0)        (0.171857,0)        (0.4,0)             
(1.04106,0)         (0.533892,0)        (-1.14479,0)        (0.178119,0)        (0.49,0)            
(1.0459,0)          (0.505908,0)        (-1.05158,0)        (0.147424,0)        (0.43,0)            
(1.04916,0)         (0.474148,0)        (-1.01056,0)        (0.154249,0)        (0.39,0)            
(1.04351,0)         (0.51477,0)         (-1.10602,0)        (0.173177,0)        (0.46,0)            
(1.04917,0)         (0.413077,0)        (-0.994617,0)       (0.207852,0)        (0.39,0)            
(1.04912,0)         (0.423283,0)        (-0.979584,0)       (0.18751,0)         (0.39,0)            
(1.04189,0)         (0.605507,0)        (-1.15856,0)        (0.112094,0)        (0.48,0)            
(1.0516,0)          (0.430663,0)        (-0.964649,0)       (0.170186,0)        (0.36,0)            
(1.05238,0)         (0.379341,0)        (-0.934991,0)       (0.204774,0)        (0.35,0)            
(1.05726,0)         (0.244661,0)        (-0.837856,0)       (0.283121,0)        (0.29,0)            
(1.04027,0)         (0.559727,0)        (-1.1596,0)         (0.16063,0)         (0.5,0)             
(1.05156,0)         (0.307671,0)        (-0.921856,0)       (0.271268,0)        (0.36,0)            
(1.05071,0)         (0.33153,0)         (-0.918059,0)       (0.243876,0)        (0.37,0)            
(1.0556,0)          (0.306702,0)        (-0.850521,0)       (0.226394,0)        (0.31,0)            
(1.05964,0)         (0.137061,0)        (-0.749049,0)       (0.33851,0)         (0.26,0)            
(1.04914,0)         (0.399881,0)        (-0.982061,0)       (0.213574,0)        (0.39,0)            
(1.04187,0)         (0.566714,0)        (-1.13244,0)        (0.135854,0)        (0.48,0)            
(1.04596,0)         (0.5689,0)          (-1.08677,0)        (0.104193,0)        (0.43,0)            
(1.04434,0)         (0.598621,0)        (-1.12273,0)        (0.096244,0)        (0.45,0)            
(1.04433,0)         (0.562023,0)        (-1.11265,0)        (0.128031,0)        (0.45,0)            
(1.05316,0)         (0.373479,0)        (-0.895237,0)       (0.185331,0)        (0.34,0)            
(1.04755,0)         (0.503814,0)        (-1.04716,0)        (0.146769,0)        (0.41,0)            
(1.05884,0)         (0.237327,0)        (-0.790439,0)       (0.260289,0)        (0.27,0)            
(1.04507,0)         (0.447599,0)        (-1.04908,0)        (0.206789,0)        (0.44,0)            
(1.05396,0)         (0.285394,0)        (-0.857421,0)       (0.253114,0)        (0.33,0)            
(1.05081,0)         (0.423273,0)        (-0.992487,0)       (0.19582,0)         (0.37,0)            
(1.03785,0)         (0.654186,0)        (-1.23521,0)        (0.110494,0)        (0.53,0)            
(1.05237,0)         (0.354978,0)        (-0.927845,0)       (0.225653,0)        (0.35,0)            
(1.04512,0)         (0.475117,0)        (-1.0819,0)         (0.199123,0)        (0.44,0)            
(1.04669,0)         (0.44342,0)         (-1.02733,0)        (0.197169,0)        (0.42,0)            
(1.04029,0)         (0.587409,0)        (-1.19049,0)        (0.151557,0)        (0.5,0)             
(1.05562,0)         (0.355427,0)        (-0.864813,0)       (0.184637,0)        (0.31,0)            
(1.05316,0)         (0.300227,0)        (-0.875719,0)       (0.249374,0)        (0.34,0)            
(1.04751,0)         (0.439589,0)        (-1.00555,0)        (0.18716,0)         (0.41,0)            
(1.05155,0)         (0.366492,0)        (-0.922395,0)       (0.210107,0)        (0.36,0)            
(1.04913,0)         (0.446521,0)        (-0.979027,0)       (0.162853,0)        (0.39,0)            
(1.05232,0)         (0.229737,0)        (-0.869647,0)       (0.319177,0)        (0.35,0)            
(1.04592,0)         (0.482506,0)        (-1.05406,0)        (0.173489,0)        (0.43,0)            
(1.04752,0)         (0.465076,0)        (-1.02039,0)        (0.17006,0)         (0.41,0)            
(1.04267,0)         (0.50535,0)         (-1.11589,0)        (0.189377,0)        (0.47,0)            
(1.04835,0)         (0.487911,0)        (-1.02052,0)        (0.146261,0)        (0.4,0)             
(1.05079,0)         (0.348184,0)        (-0.956109,0)       (0.250938,0)        (0.37,0)            
(1.04992,0)         (0.370726,0)        (-0.943504,0)       (0.219258,0)        (0.38,0)            
(1.05639,0)         (0.240017,0)        (-0.795287,0)       (0.260595,0)        (0.3,0)             
(1.04998,0)         (0.471496,0)        (-0.995836,0)       (0.14755,0)         (0.38,0)            
(1.0532,0)          (0.377759,0)        (-0.928608,0)       (0.202323,0)        (0.34,0)            
(1.04106,0)         (0.570491,0)        (-1.15487,0)        (0.146332,0)        (0.49,0)            
(1.05398,0)         (0.253184,0)        (-0.879433,0)       (0.300954,0)        (0.33,0)            
(1.05073,0)         (0.404673,0)        (-0.938857,0)       (0.180772,0)        (0.37,0)            
(1.0459,0)          (0.445962,0)        (-1.04334,0)        (0.204806,0)        (0.43,0)            
(1.04675,0)         (0.470937,0)        (-1.06015,0)        (0.189503,0)        (0.42,0)            
(1.04992,0)         (0.299724,0)        (-0.939392,0)       (0.290858,0)        (0.38,0)            
(1.03787,0)         (0.704036,0)        (-1.2572,0)         (0.072516,0)        (0.53,0)            
(1.0548,0)          (0.262714,0)        (-0.86828,0)        (0.283815,0)        (0.32,0)            
(1.04755,0)         (0.503814,0)        (-1.04716,0)        (0.146769,0)        (0.41,0)            
(1.0443,0)          (0.499169,0)        (-1.07921,0)        (0.172241,0)        (0.45,0)            
(1.054,0)           (0.359606,0)        (-0.886561,0)       (0.194257,0)        (0.33,0)            
(1.0435,0)          (0.550299,0)        (-1.10776,0)        (0.137143,0)        (0.46,0)            
(1.04834,0)         (0.451312,0)        (-1.01044,0)        (0.178048,0)        (0.4,0)             
(1.05082,0)         (0.412162,0)        (-0.997257,0)       (0.210507,0)        (0.37,0)            
(1.04516,0)         (0.440548,0)        (-1.08978,0)        (0.240343,0)        (0.44,0)            
(1.04675,0)         (0.518647,0)        (-1.06546,0)        (0.143029,0)        (0.42,0)            
(1.04669,0)         (0.430059,0)        (-1.0167,0)         (0.204298,0)        (0.42,0)            
(1.04271,0)         (0.506558,0)        (-1.12598,0)        (0.194604,0)        (0.47,0)            
(1.0508,0)          (0.372546,0)        (-0.963255,0)       (0.23006,0)         (0.37,0)            
(1.04839,0)         (0.43005,0)         (-1.0296,0)         (0.212608,0)        (0.4,0)             
(1.04271,0)         (0.494074,0)        (-1.12258,0)        (0.205472,0)        (0.47,0)            
(1.04672,0)         (0.432199,0)        (-1.03338,0)        (0.212794,0)        (0.42,0)            
(1.04754,0)         (0.500495,0)        (-1.02341,0)        (0.134964,0)        (0.41,0)            
(1.04105,0)         (0.569421,0)        (-1.14652,0)        (0.142084,0)        (0.49,0)            
(1.04831,0)         (0.389281,0)        (-0.984871,0)       (0.226465,0)        (0.4,0)             
(1.04834,0)         (0.414714,0)        (-1.00036,0)        (0.209835,0)        (0.4,0)             
(1.04353,0)         (0.636747,0)        (-1.13983,0)        (0.0673778,0)       (0.46,0)            
(1.04913,0)         (0.447645,0)        (-0.98673,0)        (0.166632,0)        (0.39,0)            
(1.04347,0)         (0.488268,0)        (-1.08219,0)        (0.18556,0)         (0.46,0)            
(1.04671,0)         (0.468852,0)        (-1.04282,0)        (0.180538,0)        (0.42,0)            
(1.04996,0)         (0.300931,0)        (-0.94948,0)        (0.296085,0)        (0.38,0)            
(1.0459,0)          (0.432958,0)        (-1.03189,0)        (0.211038,0)        (0.43,0)            
(1.0533,0)          (0.371832,0)        (-0.977012,0)       (0.239656,0)        (0.34,0)            
(1.0467,0)          (0.394531,0)        (-1.01496,0)        (0.240333,0)        (0.42,0)            
(1.04834,0)         (0.436882,0)        (-0.99146,0)        (0.18093,0)         (0.4,0)             
(1.05562,0)         (0.332134,0)        (-0.866009,0)       (0.209764,0)        (0.31,0)            
(1.03948,0)         (0.662188,0)        (-1.21703,0)        (0.0904351,0)       (0.51,0)            
(1.05157,0)         (0.332335,0)        (-0.928827,0)       (0.249961,0)        (0.36,0)            
(1.05233,0)         (0.338463,0)        (-0.891541,0)       (0.219569,0)        (0.35,0)            
(1.05315,0)         (0.312463,0)        (-0.878652,0)       (0.238465,0)        (0.34,0)            
(1.05158,0)         (0.333103,0)        (-0.937345,0)       (0.254637,0)        (0.36,0)            
(1.054,0)           (0.336314,0)        (-0.887758,0)       (0.219383,0)        (0.33,0)            
(1.04996,0)         (0.386117,0)        (-0.972105,0)       (0.221562,0)        (0.38,0)            
(1.04918,0)         (0.464106,0)        (-1.02367,0)        (0.173184,0)        (0.39,0)            
(1.0459,0)          (0.361654,0)        (-1.02795,0)        (0.283067,0)        (0.43,0)            
(1.04995,0)         (0.300684,0)        (-0.949015,0)       (0.296044,0)        (0.38,0)            
(1.04999,0)         (0.459205,0)        (-0.993543,0)       (0.158927,0)        (0.38,0)            
(1.04106,0)         (0.606019,0)        (-1.1566,0)         (0.110298,0)        (0.49,0)            
(1.04836,0)         (0.511149,0)        (-1.01996,0)        (0.121604,0)        (0.4,0)             
(1.04345,0)         (0.512794,0)        (-1.08742,0)        (0.163274,0)        (0.46,0)            
(1.04591,0)         (0.445908,0)        (-1.04398,0)        (0.205275,0)        (0.43,0)            
(1.04514,0)         (0.547189,0)        (-1.09435,0)        (0.131771,0)        (0.44,0)            
(1.05723,0)         (0.278051,0)        (-0.822906,0)       (0.238591,0)        (0.29,0)            
(1.05311,0)         (0.286016,0)        (-0.85418,0)        (0.250379,0)        (0.34,0)            
(1.05239,0)         (0.378161,0)        (-0.927928,0)       (0.201464,0)        (0.35,0)            
(1.04592,0)         (0.51798,0)         (-1.05644,0)        (0.137923,0)        (0.43,0)            
(1.05074,0)         (0.36802,0)         (-0.929418,0)       (0.213028,0)        (0.37,0)            
(1.05398,0)         (0.300894,0)        (-0.884742,0)       (0.25448,0)         (0.33,0)            
(1.04915,0)         (0.436479,0)        (-0.99214,0)        (0.181788,0)        (0.39,0)            
(1.04751,0)         (0.416296,0)        (-1.00674,0)        (0.212286,0)        (0.41,0)            
(1.05559,0)         (0.305632,0)        (-0.842178,0)       (0.222146,0)        (0.31,0)            
(1.04917,0)         (0.461912,0)        (-1.00763,0)        (0.165157,0)        (0.39,0)            
(1.0419,0)          (0.664274,0)        (-1.15974,0)        (0.0514023,0)       (0.48,0)            
(1.0451,0)          (0.521812,0)        (-1.07822,0)        (0.147932,0)        (0.44,0)            
(1.04831,0)         (0.413699,0)        (-0.991377,0)       (0.205118,0)        (0.4,0)             
(1.05806,0)         (0.289774,0)        (-0.827799,0)       (0.229479,0)        (0.28,0)            
(1.04754,0)         (0.4062,0)          (-1.0205,0)         (0.23169,0)         (0.41,0)            
(1.04188,0)         (0.567784,0)        (-1.14078,0)        (0.140102,0)        (0.48,0)            
(1.0451,0)          (0.485213,0)        (-1.06814,0)        (0.179719,0)        (0.44,0)            
(1.05236,0)         (0.400494,0)        (-0.917108,0)       (0.171152,0)        (0.35,0)            
(1.0419,0)          (0.594396,0)        (-1.16333,0)        (0.126781,0)        (0.48,0)            
(1.04994,0)         (0.324031,0)        (-0.947178,0)       (0.270449,0)        (0.38,0)            
(1.04271,0)         (0.542909,0)        (-1.1356,0)         (0.162777,0)        (0.47,0)            
(1.04754,0)         (0.455034,0)        (-1.03351,0)        (0.188995,0)        (0.41,0)            
(1.04831,0)         (0.461409,0)        (-0.996686,0)       (0.158644,0)        (0.4,0)             
(1.06042,0)         (0.0471378,0)       (-0.694373,0)       (0.397369,0)        (0.25,0)            
(1.04189,0)         (0.604383,0)        (-1.15086,0)        (0.108315,0)        (0.48,0)            
(1.05071,0)         (0.355948,0)        (-0.924565,0)       (0.222529,0)        (0.37,0)            
(1.04834,0)         (0.486841,0)        (-1.01217,0)        (0.142013,0)        (0.4,0)             
(1.04995,0)         (0.397229,0)        (-0.967335,0)       (0.206875,0)        (0.38,0)            
(1.05887,0)         (0.227231,0)        (-0.804191,0)       (0.279693,0)        (0.27,0)            
(1.04588,0)         (0.457129,0)        (-1.03793,0)        (0.18965,0)         (0.43,0)            
(1.05077,0)         (0.359048,0)        (-0.950874,0)       (0.23621,0)         (0.37,0)            
(1.05724,0)         (0.1837,0)          (-0.820631,0)       (0.335786,0)        (0.29,0)            
(1.05158,0)         (0.380813,0)        (-0.942654,0)       (0.208164,0)        (0.36,0)            
(1.04758,0)         (0.493718,0)        (-1.06091,0)        (0.166173,0)        (0.41,0)            
(1.04916,0)         (0.413132,0)        (-0.993977,0)       (0.207383,0)        (0.39,0)            
(1.04268,0)         (0.624008,0)        (-1.12596,0)        (0.0717728,0)       (0.47,0)            
(1.05002,0)         (0.451358,0)        (-1.0227,0)         (0.185888,0)        (0.38,0)            
(1.04994,0)         (0.395034,0)        (-0.95129,0)        (0.198849,0)        (0.38,0)            
(1.04749,0)         (0.378627,0)        (-0.988321,0)       (0.239825,0)        (0.41,0)            
(1.05964,0)         (0.149242,0)        (-0.752622,0)       (0.328071,0)        (0.26,0)            
(1.04268,0)         (0.543019,0)        (-1.13432,0)        (0.161839,0)        (0.47,0)            
(1.05318,0)         (0.349254,0)        (-0.889836,0)       (0.207189,0)        (0.34,0)            
(1.04515,0)         (0.536023,0)        (-1.09976,0)        (0.146927,0)        (0.44,0)            
(1.04918,0)         (0.49851,0)         (-1.01771,0)        (0.133371,0)        (0.39,0)            
(1.04916,0)         (0.389839,0)        (-0.995174,0)       (0.232509,0)        (0.39,0)            
(1.04192,0)         (0.630885,0)        (-1.17469,0)        (0.0959325,0)       (0.48,0)            
(1.04027,0)         (0.585269,0)        (-1.17381,0)        (0.143061,0)        (0.5,0)             
(1.0387,0)          (0.641685,0)        (-1.2347,0)         (0.12324,0)         (0.52,0)            
(1.03625,0)         (0.66163,0)         (-1.28135,0)        (0.132388,0)        (0.55,0)            
(1.03868,0)         (0.652549,0)        (-1.22947,0)        (0.108512,0)        (0.52,0)            
(1.04352,0)         (0.564675,0)        (-1.12738,0)        (0.13473,0)         (0.46,0)            
(1.05158,0)         (0.357521,0)        (-0.943851,0)       (0.23329,0)         (0.36,0)            
(1.04671,0)         (0.418893,0)        (-1.02211,0)        (0.219454,0)        (0.42,0)            
(1.05325,0)         (0.307963,0)        (-0.934584,0)       (0.279149,0)        (0.34,0)            
(1.05073,0)         (0.321489,0)        (-0.931172,0)       (0.262811,0)        (0.37,0)            
(1.04027,0)         (0.634104,0)        (-1.18682,0)        (0.100366,0)        (0.5,0)             
(1.04751,0)         (0.426585,0)        (-0.994095,0)       (0.193392,0)        (0.41,0)            
(1.04839,0)         (0.503302,0)        (-1.04912,0)        (0.148565,0)        (0.4,0)             
(1.05319,0)         (0.363383,0)        (-0.90899,0)        (0.204735,0)        (0.34,0)            
(1.04752,0)         (0.394073,0)        (-1.01628,0)        (0.24166,0)         (0.41,0)            
(1.04431,0)         (0.561007,0)        (-1.10367,0)        (0.123314,0)        (0.45,0)            
(1.0346,0)          (0.663669,0)        (-1.28641,0)        (0.133512,0)        (0.57,0)            
(1.04594,0)         (0.520175,0)        (-1.07248,0)        (0.14595,0)         (0.43,0)            
(1.04184,0)         (0.554642,0)        (-1.12759,0)        (0.145355,0)        (0.48,0)            
(1.04913,0)         (0.399935,0)        (-0.981421,0)       (0.213105,0)        (0.39,0)            
(1.04912,0)         (0.422158,0)        (-0.971881,0)       (0.183731,0)        (0.39,0)            
(1.04435,0)         (0.58858,0)         (-1.13584,0)        (0.115179,0)        (0.45,0)            
(1.06043,0)         (0.1467,0)          (-0.736616,0)       (0.320434,0)        (0.25,0)            
(1.05071,0)         (0.319349,0)        (-0.914486,0)       (0.254315,0)        (0.37,0)            
(1.04839,0)         (0.491066,0)        (-1.04619,0)        (0.159474,0)        (0.4,0)             
(1.0451,0)          (0.520687,0)        (-1.07052,0)        (0.144153,0)        (0.44,0)            
(1.05721,0)         (0.180491,0)        (-0.795603,0)       (0.323043,0)        (0.29,0)            
(1.05883,0)         (0.212965,0)        (-0.783292,0)       (0.281167,0)        (0.27,0)            
(1.05324,0)         (0.392025,0)        (-0.949507,0)       (0.200848,0)        (0.34,0)            
(1.04516,0)         (0.490508,0)        (-1.1105,0)         (0.201427,0)        (0.44,0)            
(1.05405,0)         (0.378316,0)        (-0.938911,0)       (0.208367,0)        (0.33,0)            
(1.0532,0)          (0.353341,0)        (-0.922102,0)       (0.22367,0)         (0.34,0)            
(1.0524,0)          (0.415885,0)        (-0.94571,0)        (0.173456,0)        (0.35,0)            
(1.054,0)           (0.348495,0)        (-0.891331,0)       (0.208944,0)        (0.33,0)            
(1.04514,0)         (0.512785,0)        (-1.10032,0)        (0.171584,0)        (0.44,0)            
(1.05319,0)         (0.34009,0)         (-0.910186,0)       (0.229861,0)        (0.34,0)            
(1.04991,0)         (0.358545,0)        (-0.939931,0)       (0.229697,0)        (0.38,0)            
(1.04514,0)         (0.510536,0)        (-1.08491,0)        (0.164026,0)        (0.44,0)            
(1.04266,0)         (0.564172,0)        (-1.11643,0)        (0.128217,0)        (0.47,0)            
(1.03463,0)         (0.736812,0)        (-1.30721,0)        (0.0704082,0)       (0.57,0)            
(1.05482,0)         (0.299257,0)        (-0.878999,0)       (0.252497,0)        (0.32,0)            
(1.03626,0)         (0.697104,0)        (-1.28372,0)        (0.0968229,0)       (0.55,0)            
(1.04914,0)         (0.399881,0)        (-0.982061,0)       (0.213574,0)        (0.39,0)            
(1.05476,0)         (0.283921,0)        (-0.849757,0)       (0.249724,0)        (0.32,0)            
(1.05476,0)         (0.282797,0)        (-0.842055,0)       (0.245945,0)        (0.32,0)            
(1.05316,0)         (0.314658,0)        (-0.894697,0)       (0.246492,0)        (0.34,0)            
(1.04513,0)         (0.535008,0)        (-1.09078,0)        (0.14221,0)         (0.44,0)            
(1.03782,0)         (0.615448,0)        (-1.20844,0)        (0.133785,0)        (0.53,0)            
(1.04431,0)         (0.476644,0)        (-1.08892,0)        (0.202043,0)        (0.45,0)            
(1.0556,0)          (0.29559,0)         (-0.85529,0)        (0.241081,0)        (0.31,0)            
(1.04595,0)         (0.556719,0)        (-1.0832,0)         (0.114632,0)        (0.43,0)            
(1.03946,0)         (0.636756,0)        (-1.20154,0)        (0.107066,0)        (0.51,0)            
(1.05484,0)         (0.32469,0)         (-0.894488,0)       (0.235867,0)        (0.32,0)            
(1.04024,0)         (0.509877,0)        (-1.1376,0)         (0.198608,0)        (0.5,0)             
(1.05797,0)         (0.078441,0)        (-0.736713,0)       (0.391871,0)        (0.28,0)            
(1.05395,0)         (0.262156,0)        (-0.857977,0)       (0.277771,0)        (0.33,0)            
(1.0532,0)          (0.399927,0)        (-0.919709,0)       (0.173418,0)        (0.34,0)            
(1.0524,0)          (0.329272,0)        (-0.915557,0)       (0.244628,0)        (0.35,0)            
(1.0427,0)          (0.578438,0)        (-1.13733,0)        (0.126742,0)        (0.47,0)            
(1.05888,0)         (0.240482,0)        (-0.816107,0)       (0.273501,0)        (0.27,0)            
(1.04106,0)         (0.592659,0)        (-1.14597,0)        (0.117427,0)        (0.49,0)            
(1.05236,0)         (0.376076,0)        (-0.910603,0)       (0.1925,0)          (0.35,0)            
(1.04595,0)         (0.556719,0)        (-1.0832,0)         (0.114632,0)        (0.43,0)            
(1.04264,0)         (0.50321,0)         (-1.09921,0)        (0.180882,0)        (0.47,0)            
(1.03465,0)         (0.763369,0)        (-1.3304,0)         (0.0575564,0)       (0.57,0)            
(1.0435,0)          (0.550299,0)        (-1.10776,0)        (0.137143,0)        (0.46,0)            
(1.04274,0)         (0.60494,0)         (-1.16116,0)        (0.114359,0)        (0.47,0)            
(1.04593,0)         (0.435866,0)        (-1.05709,0)        (0.22421,0)         (0.43,0)            
(1.05963,0)         (0.173714,0)        (-0.758488,0)       (0.306255,0)        (0.26,0)            
(1.04916,0)         (0.461966,0)        (-1.00699,0)        (0.164688,0)        (0.39,0)            
(1.04431,0)         (0.511048,0)        (-1.08295,0)        (0.16223,0)         (0.45,0)            
(1.05072,0)         (0.357018,0)        (-0.932908,0)       (0.226777,0)        (0.37,0)            
(1.04674,0)         (0.553052,0)        (-1.05949,0)        (0.103216,0)        (0.42,0)            
(1.05071,0)         (0.308238,0)        (-0.919256,0)       (0.269003,0)        (0.37,0)            
(1.05078,0)         (0.372354,0)        (-0.962149,0)       (0.22955,0)         (0.37,0)            
(1.05801,0)         (0.214492,0)        (-0.790316,0)       (0.284088,0)        (0.28,0)            
(1.04351,0)         (0.588022,0)        (-1.12554,0)        (0.109135,0)        (0.46,0)            
(1.0459,0)          (0.492548,0)        (-1.04095,0)        (0.154554,0)        (0.43,0)            
(1.04591,0)         (0.483686,0)        (-1.06112,0)        (0.176798,0)        (0.43,0)            
(1.04187,0)         (0.580075,0)        (-1.14307,0)        (0.128725,0)        (0.48,0)            
(1.05559,0)         (0.281215,0)        (-0.835672,0)       (0.243494,0)        (0.31,0)            
(1.05074,0)         (0.393562,0)        (-0.943627,0)       (0.195459,0)        (0.37,0)            
(1.05801,0)         (0.18895,0)         (-0.776107,0)       (0.301656,0)        (0.28,0)            
(1.05238,0)         (0.389328,0)        (-0.922518,0)       (0.186308,0)        (0.35,0)            
(1.0532,0)          (0.364453,0)        (-0.917332,0)       (0.208983,0)        (0.34,0)            
(1.04274,0)         (0.568287,0)        (-1.15173,0)        (0.146615,0)        (0.47,0)            
(1.04591,0)         (0.444783,0)        (-1.03628,0)        (0.201496,0)        (0.43,0)            
(1.04192,0)         (0.607592,0)        (-1.17589,0)        (0.121059,0)        (0.48,0)            
(1.0459,0)          (0.51809,0)         (-1.05515,0)        (0.136985,0)        (0.43,0)            
(1.05396,0)         (0.20221,0)         (-0.849735,0)       (0.335153,0)        (0.33,0)            
(1.04594,0)         (0.520175,0)        (-1.07248,0)        (0.14595,0)         (0.43,0)            
(1.05479,0)         (0.332647,0)        (-0.864049,0)       (0.207967,0)        (0.32,0)            
(1.05479,0)         (0.357064,0)        (-0.870555,0)       (0.18662,0)         (0.32,0)            
(1.04424,0)         (0.473599,0)        (-1.06197,0)        (0.187893,0)        (0.45,0)            
(1.0443,0)          (0.51028,0)         (-1.07444,0)        (0.157554,0)        (0.45,0)            
(1.06205,0)         (0.165813,0)        (-0.713671,0)       (0.285688,0)        (0.23,0)            
(1.04754,0)         (0.381782,0)        (-1.01399,0)        (0.253037,0)        (0.41,0)            
(1.05883,0)         (0.249563,0)        (-0.793371,0)       (0.24938,0)         (0.27,0)            
(1.04026,0)         (0.563156,0)        (-1.18207,0)        (0.171497,0)        (0.5,0)             
(1.05325,0)         (0.378664,0)        (-0.938871,0)       (0.207978,0)        (0.34,0)            
(1.04836,0)         (0.465688,0)        (-1.03006,0)        (0.175635,0)        (0.4,0)             
(1.04351,0)         (0.611315,0)        (-1.12434,0)        (0.0840084,0)       (0.46,0)            
(1.04187,0)         (0.591131,0)        (-1.13895,0)        (0.114507,0)        (0.48,0)            
(1.04594,0)         (0.496882,0)        (-1.07368,0)        (0.171076,0)        (0.43,0)            
(1.04999,0)         (0.387078,0)        (-0.981729,0)       (0.226748,0)        (0.38,0)            
(1.0403,0)          (0.622883,0)        (-1.19287,0)        (0.115992,0)        (0.5,0)             
(1.05723,0)         (0.243701,0)        (-0.828233,0)       (0.277935,0)        (0.29,0)            
(1.05156,0)         (0.368687,0)        (-0.938441,0)       (0.218134,0)        (0.36,0)            
(1.05393,0)         (0.186764,0)        (-0.821774,0)       (0.333318,0)        (0.33,0)            
(1.04911,0)         (0.350086,0)        (-0.959426,0)       (0.251083,0)        (0.39,0)            
(1.05235,0)         (0.302879,0)        (-0.890445,0)       (0.256073,0)        (0.35,0)            
(1.04754,0)         (0.466146,0)        (-1.02874,0)        (0.174308,0)        (0.41,0)            
(1.05477,0)         (0.260574,0)        (-0.851594,0)       (0.275319,0)        (0.32,0)            
