199
e_L                 onsite              nnhop               ospair              nnpair              
(0.5,0)             (-0.0354397,0)      (-0.0471182,0)      (0.0633782,0)       (-0.0604586,0)      
(0.5,0)             (-0.0175662,0)      (-0.0507159,0)      (0.0553553,0)       (-0.0470679,0)      
(0.5,0)             (0.0310704,0)       (-0.0586464,0)      (0.0318966,0)       (-0.00946738,0)     
(0.5,0)             (-0.00261464,0)     (-0.0593039,0)      (0.0535251,0)       (-0.0393528,0)      
(0.5,0)             (0.013412,0)        (-0.0518379,0)      (0.0369757,0)       (-0.0206632,0)      
(0.5,0)             (-0.0248269,0)      (-0.0432111,0)      (0.0533266,0)       (-0.0487305,0)      
(0.5,0)             (-0.0115073,0)      (-0.0375245,0)      (0.040026,0)        (-0.0335217,0)      
(0.5,0)             (0.00279923,0)      (-0.055745,0)       (0.0470273,0)       (-0.0323913,0)      
(0.5,0)             (-0.0177812,0)      (-0.0539267,0)      (0.0582991,0)       (-0.0492628,0)      
(0.5,0)             (0.011135,0)        (-0.0471957,0)      (0.0343369,0)       (-0.0197542,0)      
(0.5,0)             (0.00322926,0)      (-0.0493234,0)      (0.0411397,0)       (-0.0280015,0)      
(0.5,0)             (0.011135,0)        (-0.0471957,0)      (0.0343369,0)       (-0.0197542,0)      
(0.5,0)             (-0.00759849,0)     (-0.0564413,0)      (0.0541352,0)       (-0.0419245,0)      
(0.5,0)             (0.0152588,0)       (-0.0629016,0)      (0.0455022,0)       (-0.025962,0)       
(0.5,0)             (-0.00446152,0)     (-0.0482402,0)      (0.0449986,0)       (-0.0340539,0)      
(0.5,0)             (-0.0119373,0)      (-0.0439462,0)      (0.0459137,0)       (-0.0379115,0)      
(0.5,0)             (0.0312854,0)       (-0.0554356,0)      (0.0289527,0)       (-0.00727249,0)     
(0.5,0)             (-0.00175459,0)     (-0.0464607,0)      (0.0417497,0)       (-0.0305732,0)      
(0.5,0)             (0.0458069,0)       (-0.0704452,0)      (0.0330102,0)       (-0.00394718,0)     
(0.5,0)             (0.0165489,0)       (-0.0436368,0)      (0.0278391,0)       (-0.0127927,0)      
(0.5,0)             (0.0263016,0)       (-0.0525729,0)      (0.0295628,0)       (-0.00984418,0)     
(0.5,0)             (0.0208877,0)       (-0.0561319,0)      (0.0360606,0)       (-0.0168057,0)      
(0.5,0)             (0.0408231,0)       (-0.0675825,0)      (0.0336203,0)       (-0.00651888,0)     
(0.5,0)             (0.0360543,0)       (-0.0615091,0)      (0.0312865,0)       (-0.00689568,0)     
(0.5,0)             (9.22927e-05,0)     (-0.0575245,0)      (0.0502762,0)       (-0.035872,0)       
(0.5,0)             (-0.0100904,0)      (-0.0550099,0)      (0.0544402,0)       (-0.0432103,0)      
(0.5,0)             (-0.00424651,0)     (-0.0450294,0)      (0.0420548,0)       (-0.031859,0)       
(0.5,0)             (0.0263016,0)       (-0.0525729,0)      (0.0295628,0)       (-0.00984418,0)     
(0.5,0)             (0.000307307,0)     (-0.0543136,0)      (0.0473324,0)       (-0.0336771,0)      
(0.5,0)             (0.0263016,0)       (-0.0525729,0)      (0.0295628,0)       (-0.00984418,0)     
(0.5,0)             (0.0308554,0)       (-0.0618572,0)      (0.0348404,0)       (-0.0116623,0)      
(0.5,0)             (0.0285785,0)       (-0.0572151,0)      (0.0322016,0)       (-0.0107532,0)      
(0.5,0)             (0.0240247,0)       (-0.0479308,0)      (0.026924,0)        (-0.00893514,0)     
(0.5,0)             (0.0383312,0)       (-0.0661512,0)      (0.0339253,0)       (-0.00780473,0)     
(0.5,0)             (0.0206727,0)       (-0.0593427,0)      (0.0390044,0)       (-0.0190006,0)      
(0.5,0)             (0.0389762,0)       (-0.0565188,0)      (0.0250938,0)       (-0.00122005,0)     
(0.5,0)             (0.0287935,0)       (-0.0540043,0)      (0.0292578,0)       (-0.00855833,0)     
(0.5,0)             (0.000737335,0)     (-0.047892,0)       (0.0414447,0)       (-0.0292873,0)      
(0.5,0)             (0.0225196,0)       (-0.0704065,0)      (0.0475309,0)       (-0.0242994,0)      
(0.5,0)             (0.0449469,0)       (-0.0832885,0)      (0.0447856,0)       (-0.0127268,0)      
(0.5,0)             (-0.00489155,0)     (-0.0546618,0)      (0.0508863,0)       (-0.0384437,0)      
(0.5,0)             (-0.00716846,0)     (-0.0500196,0)      (0.0482475,0)       (-0.0375347,0)      
(0.5,0)             (-0.00489155,0)     (-0.0546618,0)      (0.0508863,0)       (-0.0384437,0)      
(0.5,0)             (0.0337774,0)       (-0.0568669,0)      (0.0286477,0)       (-0.00598664,0)     
(0.5,0)             (0.0165489,0)       (-0.0436368,0)      (0.0278391,0)       (-0.0127927,0)      
(0.5,0)             (-0.000552749,0)    (-0.0671569,0)      (0.0591077,0)       (-0.0424567,0)      
(0.5,0)             (0.0229496,0)       (-0.0639848,0)      (0.0416432,0)       (-0.0199096,0)      
(0.5,0)             (0.01092,0)         (-0.0504065,0)      (0.0372807,0)       (-0.0219491,0)      
(0.5,0)             (0.00799809,0)      (-0.0553968,0)      (0.0434734,0)       (-0.0276247,0)      
(0.5,0)             (-0.0142142,0)      (-0.039304,0)       (0.0432749,0)       (-0.0370024,0)      
(0.5,0)             (-0.0146442,0)      (-0.0457256,0)      (0.0491626,0)       (-0.0413922,0)      
(0.5,0)             (0.01006,0)         (-0.0632498,0)      (0.0490561,0)       (-0.0307286,0)      
(0.5,0)             (-0.0121523,0)      (-0.047157,0)       (0.0488575,0)       (-0.0401064,0)      
(0.5,0)             (0.0213177,0)       (-0.0497103,0)      (0.0301729,0)       (-0.0124159,0)      
(0.5,0)             (0.00322926,0)      (-0.0493234,0)      (0.0411397,0)       (-0.0280015,0)      
(0.5,0)             (0.0337774,0)       (-0.0568669,0)      (0.0286477,0)       (-0.00598664,0)     
(0.5,0)             (0.00301424,0)      (-0.0525342,0)      (0.0440835,0)       (-0.0301964,0)      
(0.5,0)             (0.01006,0)         (-0.0632498,0)      (0.0490561,0)       (-0.0307286,0)      
(0.5,0)             (0.0023692,0)       (-0.0621666,0)      (0.052915,0)        (-0.0367811,0)      
(0.5,0)             (0.0229496,0)       (-0.0639848,0)      (0.0416432,0)       (-0.0199096,0)      
(0.5,0)             (0.0514358,0)       (-0.0636754,0)      (0.0235686,0)       (0.00520919,0)      
(0.5,0)             (0.0082131,0)       (-0.052186,0)       (0.0405296,0)       (-0.0254298,0)      
(0.5,0)             (0.0113501,0)       (-0.0439849,0)      (0.031393,0)        (-0.0175593,0)      
(0.5,0)             (0.039963,0)        (-0.0804258,0)      (0.0453957,0)       (-0.0152985,0)      
(0.5,0)             (0.0279335,0)       (-0.0668475,0)      (0.0410331,0)       (-0.0173379,0)      
(0.5,0)             (0.0156889,0)       (-0.05648,0)        (0.0396145,0)       (-0.0215723,0)      
(0.5,0)             (0.0208877,0)       (-0.0561319,0)      (0.0360606,0)       (-0.0168057,0)      
(0.5,0)             (0.0023692,0)       (-0.0621666,0)      (0.052915,0)        (-0.0367811,0)      
(0.5,0)             (-0.00673843,0)     (-0.043598,0)       (0.0423598,0)       (-0.0331449,0)      
(0.5,0)             (0.0414681,0)       (-0.0579501,0)      (0.0247888,0)       (6.58016e-05,0)     
(0.5,0)             (0.00365928,0)      (-0.0429017,0)      (0.035252,0)        (-0.0236117,0)      
(0.5,0)             (0.0202427,0)       (-0.0657643,0)      (0.0448921,0)       (-0.0233903,0)      
(0.5,0)             (-0.00239963,0)     (-0.0560931,0)      (0.0505813,0)       (-0.0371579,0)      
(0.5,0)             (0.0204577,0)       (-0.0625535,0)      (0.0419483,0)       (-0.0211955,0)      
(0.5,0)             (0.00464611,0)      (-0.0668087,0)      (0.0555538,0)       (-0.0376901,0)      
(0.5,0)             (0.0127669,0)       (-0.0614703,0)      (0.0458072,0)       (-0.0272479,0)      
(0.5,0)             (-0.00175459,0)     (-0.0464607,0)      (0.0417497,0)       (-0.0305732,0)      
(0.5,0)             (-0.00282966,0)     (-0.0625147,0)      (0.0564689,0)       (-0.0415477,0)      
(0.5,0)             (-0.0019696,0)      (-0.0496715,0)      (0.0446936,0)       (-0.0327681,0)      
(0.5,0)             (0.0125519,0)       (-0.0646811,0)      (0.048751,0)        (-0.0294428,0)      
(0.5,0)             (0.0159039,0)       (-0.0532692,0)      (0.0366706,0)       (-0.0193774,0)      
(0.5,0)             (-0.00261464,0)     (-0.0593039,0)      (0.0535251,0)       (-0.0393528,0)      
(0.5,0)             (-0.00381648,0)     (-0.0386077,0)      (0.0361671,0)       (-0.0274693,0)      
(0.5,0)             (0.0190408,0)       (-0.0450681,0)      (0.0275341,0)       (-0.0115068,0)      
(0.5,0)             (0.00550616,0)      (-0.0539655,0)      (0.0437785,0)       (-0.0289105,0)      
(0.5,0)             (0.0200277,0)       (-0.0689751,0)      (0.0478359,0)       (-0.0255852,0)      
(0.5,0)             (0.0177508,0)       (-0.064333,0)       (0.0451971,0)       (-0.0246762,0)      
(0.5,0)             (0.0150438,0)       (-0.0661125,0)      (0.048446,0)        (-0.0281569,0)      
(0.5,0)             (0.0200277,0)       (-0.0689751,0)      (0.0478359,0)       (-0.0255852,0)      
(0.5,0)             (0.00322926,0)      (-0.0493234,0)      (0.0411397,0)       (-0.0280015,0)      
(0.5,0)             (0.00507614,0)      (-0.0603871,0)      (0.0496661,0)       (-0.0333003,0)      
(0.5,0)             (0.0267316,0)       (-0.0461513,0)      (0.0236751,0)       (-0.00545439,0)     
(0.5,0)             (-0.00467654,0)     (-0.051451,0)       (0.0479424,0)       (-0.0362488,0)      
(0.5,0)             (-0.000122721,0)    (-0.0607353,0)      (0.0532201,0)       (-0.0380669,0)      
(0.5,0)             (0.01006,0)         (-0.0632498,0)      (0.0490561,0)       (-0.0307286,0)      
(0.5,0)             (0.00301424,0)      (-0.0525342,0)      (0.0440835,0)       (-0.0301964,0)      
(0.5,0)             (0.00421608,0)      (-0.0732304,0)      (0.0614415,0)       (-0.0420799,0)      
(0.5,0)             (0.0263016,0)       (-0.0525729,0)      (0.0295628,0)       (-0.00984418,0)     
(0.5,0)             (0.00593619,0)      (-0.0475439,0)      (0.0378908,0)       (-0.0245208,0)      
(0.5,0)             (0.0292235,0)       (-0.0475826,0)      (0.0233701,0)       (-0.00416855,0)     
(0.5,0)             (0.0252265,0)       (-0.068627,0)       (0.044282,0)        (-0.0208187,0)      
(0.5,0)             (0.0281485,0)       (-0.0636367,0)      (0.0380893,0)       (-0.015143,0)       
(0.5,0)             (-0.00381648,0)     (-0.0386077,0)      (0.0361671,0)       (-0.0274693,0)      
(0.5,0)             (-0.0019696,0)      (-0.0496715,0)      (0.0446936,0)       (-0.0327681,0)      
(0.5,0)             (0.010705,0)        (-0.0536174,0)      (0.0402245,0)       (-0.024144,0)       
(0.5,0)             (0.00550616,0)      (-0.0539655,0)      (0.0437785,0)       (-0.0289105,0)      
(0.5,0)             (-0.025687,0)       (-0.0560544,0)      (0.0651019,0)       (-0.0575101,0)      
(0.5,0)             (0.0256566,0)       (-0.0622054,0)      (0.0383943,0)       (-0.0164289,0)      
(0.5,0)             (0.00486112,0)      (-0.0635979,0)      (0.05261,0)         (-0.0354952,0)      
(0.5,0)             (0.00593619,0)      (-0.0475439,0)      (0.0378908,0)       (-0.0245208,0)      
(0.5,0)             (0.0129819,0)       (-0.0582595,0)      (0.0428634,0)       (-0.025053,0)       
(0.5,0)             (0.0310704,0)       (-0.0586464,0)      (0.0318966,0)       (-0.00946738,0)     
(0.5,0)             (0.0308554,0)       (-0.0618572,0)      (0.0348404,0)       (-0.0116623,0)      
(0.5,0)             (0.00572118,0)      (-0.0507547,0)      (0.0408346,0)       (-0.0267156,0)      
(0.5,0)             (0.0186108,0)       (-0.0514897,0)      (0.0334218,0)       (-0.0158966,0)      
(0.5,0)             (0.0235947,0)       (-0.0543524,0)      (0.0328117,0)       (-0.0133249,0)      
(0.5,0)             (0.000307307,0)     (-0.0543136,0)      (0.0473324,0)       (-0.0336771,0)      
(0.5,0)             (-0.00424651,0)     (-0.0450294,0)      (0.0420548,0)       (-0.031859,0)       
(0.5,0)             (0.043745,0)        (-0.0625923,0)      (0.0274276,0)       (-0.000843244,0)    
(0.5,0)             (0.0150438,0)       (-0.0661125,0)      (0.048446,0)        (-0.0281569,0)      
(0.5,0)             (0.046022,0)        (-0.0672344,0)      (0.0300664,0)       (-0.00175229,0)     
(0.5,0)             (0.01092,0)         (-0.0504065,0)      (0.0372807,0)       (-0.0219491,0)      
(0.5,0)             (0.0364843,0)       (-0.0550874,0)      (0.0253988,0)       (-0.00250589,0)     
(0.5,0)             (-0.00923035,0)     (-0.0421667,0)      (0.0426648,0)       (-0.0344307,0)      
(0.5,0)             (0.0127669,0)       (-0.0614703,0)      (0.0458072,0)       (-0.0272479,0)      
(0.5,0)             (0.0156889,0)       (-0.05648,0)        (0.0396145,0)       (-0.0215723,0)      
(0.5,0)             (0.0217478,0)       (-0.0432886,0)      (0.0242852,0)       (-0.00802609,0)     
(0.5,0)             (0.0308554,0)       (-0.0618572,0)      (0.0348404,0)       (-0.0116623,0)      
(0.5,0)             (-0.00261464,0)     (-0.0593039,0)      (0.0535251,0)       (-0.0393528,0)      
(0.5,0)             (0.0225196,0)       (-0.0704065,0)      (0.0475309,0)       (-0.0242994,0)      
(0.5,0)             (0.014272,0)        (-0.0389946,0)      (0.0252003,0)       (-0.0118836,0)      
(0.5,0)             (0.0188258,0)       (-0.0482789,0)      (0.0304779,0)       (-0.0137017,0)      
(0.5,0)             (0.0258716,0)       (-0.0589945,0)      (0.0354505,0)       (-0.014234,0)       
(0.5,0)             (0.01006,0)         (-0.0632498,0)      (0.0490561,0)       (-0.0307286,0)      
(0.5,0)             (0.00215419,0)      (-0.0653774,0)      (0.0558589,0)       (-0.038976,0)       
(0.5,0)             (0.0389762,0)       (-0.0565188,0)      (0.0250938,0)       (-0.00122005,0)     
(0.5,0)             (0.0129819,0)       (-0.0582595,0)      (0.0428634,0)       (-0.025053,0)       
(0.5,0)             (0.0229496,0)       (-0.0639848,0)      (0.0416432,0)       (-0.0199096,0)      
(0.5,0)             (0.0179658,0)       (-0.0611222,0)      (0.0422533,0)       (-0.0224813,0)      
(0.5,0)             (-0.0204881,0)      (-0.0557062,0)      (0.061548,0)        (-0.0527435,0)      
(0.5,0)             (0.000307307,0)     (-0.0543136,0)      (0.0473324,0)       (-0.0336771,0)      
(0.5,0)             (0.00756806,0)      (-0.0618185,0)      (0.0493611,0)       (-0.0320145,0)      
(0.5,0)             (-0.00239963,0)     (-0.0560931,0)      (0.0505813,0)       (-0.0371579,0)      
(0.5,0)             (0.0240247,0)       (-0.0479308,0)      (0.026924,0)        (-0.00893514,0)     
(0.5,0)             (0.00529115,0)      (-0.0571763,0)      (0.0467223,0)       (-0.0311054,0)      
(0.5,0)             (0.00692302,0)      (-0.0714509,0)      (0.0581926,0)       (-0.0385992,0)      
(0.5,0)             (0.01092,0)         (-0.0504065,0)      (0.0372807,0)       (-0.0219491,0)      
(0.5,0)             (0.014057,0)        (-0.0422054,0)      (0.0281441,0)       (-0.0140785,0)      
(0.5,0)             (0.013412,0)        (-0.0518379,0)      (0.0369757,0)       (-0.0206632,0)      
(0.5,0)             (0.0223046,0)       (-0.0736173,0)      (0.0504747,0)       (-0.0264943,0)      
(0.5,0)             (0.0233796,0)       (-0.0575632,0)      (0.0357555,0)       (-0.0155198,0)      
(0.5,0)             (0.0188258,0)       (-0.0482789,0)      (0.0304779,0)       (-0.0137017,0)      
(0.5,0)             (0.0152588,0)       (-0.0629016,0)      (0.0455022,0)       (-0.025962,0)       
(0.5,0)             (0.0229496,0)       (-0.0639848,0)      (0.0416432,0)       (-0.0199096,0)      
(0.5,0)             (0.00864313,0)      (-0.0457644,0)      (0.0346419,0)       (-0.02104,0)        
(0.5,0)             (0.01006,0)         (-0.0632498,0)      (0.0490561,0)       (-0.0307286,0)      
(0.5,0)             (0.01049,0)         (-0.0568282,0)      (0.0431684,0)       (-0.0263388,0)      
(0.5,0)             (0.0125519,0)       (-0.0646811,0)      (0.048751,0)        (-0.0294428,0)      
(0.5,0)             (0.0113501,0)       (-0.0439849,0)      (0.031393,0)        (-0.0175593,0)      
(0.5,0)             (0.0177508,0)       (-0.064333,0)       (0.0451971,0)       (-0.0246762,0)      
(0.5,0)             (0.0211027,0)       (-0.0529211,0)      (0.0331167,0)       (-0.0146108,0)      
(0.5,0)             (-0.00325968,0)     (-0.0689364,0)      (0.0623566,0)       (-0.0459375,0)      
(0.5,0)             (0.013627,0)        (-0.0486271,0)      (0.0340318,0)       (-0.0184683,0)      
(0.5,0)             (-0.00467654,0)     (-0.051451,0)       (0.0479424,0)       (-0.0362488,0)      
(0.5,0)             (0.0258716,0)       (-0.0589945,0)      (0.0354505,0)       (-0.014234,0)       
(0.5,0)             (-0.0144292,0)      (-0.0425148,0)      (0.0462187,0)       (-0.0391973,0)      
(0.5,0)             (0.01006,0)         (-0.0632498,0)      (0.0490561,0)       (-0.0307286,0)      
(0.5,0)             (0.0290085,0)       (-0.0507934,0)      (0.0263139,0)       (-0.00636344,0)     
(0.5,0)             (0.00615121,0)      (-0.0443331,0)      (0.0349469,0)       (-0.0223259,0)      
(0.5,0)             (0.0163339,0)       (-0.0468476,0)      (0.0307829,0)       (-0.0149876,0)      
(0.5,0)             (0.046022,0)        (-0.0672344,0)      (0.0300664,0)       (-0.00175229,0)     
(0.5,0)             (0.0159039,0)       (-0.0532692,0)      (0.0366706,0)       (-0.0193774,0)      
(0.5,0)             (0.000952349,0)     (-0.0446812,0)      (0.0385008,0)       (-0.0270925,0)      
(0.5,0)             (0.0163339,0)       (-0.0468476,0)      (0.0307829,0)       (-0.0149876,0)      
(0.5,0)             (9.22927e-05,0)     (-0.0575245,0)      (0.0502762,0)       (-0.035872,0)       
(0.5,0)             (0.0231646,0)       (-0.060774,0)       (0.0386994,0)       (-0.0177147,0)      
(0.5,0)             (-0.00175459,0)     (-0.0464607,0)      (0.0417497,0)       (-0.0305732,0)      
(0.5,0)             (0.013627,0)        (-0.0486271,0)      (0.0340318,0)       (-0.0184683,0)      
(0.5,0)             (-0.00759849,0)     (-0.0564413,0)      (0.0541352,0)       (-0.0419245,0)      
(0.5,0)             (0.046237,0)        (-0.0640236,0)      (0.0271225,0)       (0.000442604,0)     
(0.5,0)             (0.0360543,0)       (-0.0615091,0)      (0.0312865,0)       (-0.00689568,0)     
(0.5,0)             (-0.00695344,0)     (-0.0468088,0)      (0.0453036,0)       (-0.0353398,0)      
(0.5,0)             (-0.00261464,0)     (-0.0593039,0)      (0.0535251,0)       (-0.0393528,0)      
(0.5,0)             (-0.029039,0)       (-0.0674663,0)      (0.0771823,0)       (-0.0675755,0)      
(0.5,0)             (-0.0130124,0)      (-0.0600002,0)      (0.0606329,0)       (-0.048886,0)       
(0.5,0)             (0.00365928,0)      (-0.0429017,0)      (0.035252,0)        (-0.0236117,0)      
(0.5,0)             (0.0360543,0)       (-0.0615091,0)      (0.0312865,0)       (-0.00689568,0)     
(0.5,0)             (-0.0243969,0)      (-0.0367895,0)      (0.0474389,0)       (-0.0443407,0)      
(0.5,0)             (0.013412,0)        (-0.0518379,0)      (0.0369757,0)       (-0.0206632,0)      
(0.5,0)             (-0.0112922,0)      (-0.0343137,0)      (0.0370822,0)       (-0.0313268,0)      
(0.5,0)             (0.0306404,0)       (-0.065068,0)       (0.0377843,0)       (-0.0138572,0)      
(0.5,0)             (0.013627,0)        (-0.0486271,0)      (0.0340318,0)       (-0.0184683,0)      
(0.5,0)             (0.0360543,0)       (-0.0615091,0)      (0.0312865,0)       (-0.00689568,0)     
(0.5,0)             (-0.00738347,0)     (-0.0532305,0)      (0.0511913,0)       (-0.0397296,0)      
(0.5,0)             (0.011135,0)        (-0.0471957,0)      (0.0343369,0)       (-0.0197542,0)      
(0.5,0)             (-0.00424651,0)     (-0.0450294,0)      (0.0420548,0)       (-0.031859,0)       
(0.5,0)             (0.0186108,0)       (-0.0514897,0)      (0.0334218,0)       (-0.0158966,0)      
(0.5,0)             (0.00572118,0)      (-0.0507547,0)      (0.0408346,0)       (-0.0267156,0)      
(0.5,0)             (-0.00759849,0)     (-0.0564413,0)      (0.0541352,0)       (-0.0419245,0)      
(0.5,0)             (-0.00553659,0)     (-0.0642942,0)      (0.0597178,0)       (-0.0450284,0)      
