102
e_L                 onsite              nnhop               ospair              nnpair              
(0.5,0)             (-0.0115073,0)      (-0.0375245,0)      (0.040026,0)        (-0.0335217,0)      
(0.5,0)             (0.00778307,0)      (-0.0586076,0)      (0.0464173,0)       (-0.0298196,0)      
(0.5,0)             (0.00344427,0)      (-0.0461125,0)      (0.0381958,0)       (-0.0258066,0)      
(0.5,0)             (0.0200277,0)       (-0.0689751,0)      (0.0478359,0)       (-0.0255852,0)      
(0.5,0)             (0.00713803,0)      (-0.0682401,0)      (0.0552488,0)       (-0.0364043,0)      
(0.5,0)             (0.0213177,0)       (-0.0497103,0)      (0.0301729,0)       (-0.0124159,0)      
(0.5,0)             (0.0263016,0)       (-0.0525729,0)      (0.0295628,0)       (-0.00984418,0)     
(0.5,0)             (0.0186108,0)       (-0.0514897,0)      (0.0334218,0)       (-0.0158966,0)      
(0.5,0)             (0.0505758,0)       (-0.0765187,0)      (0.035344,0)        (-0.00357038,0)     
(0.5,0)             (-0.00467654,0)     (-0.051451,0)       (0.0479424,0)       (-0.0362488,0)      
(0.5,0)             (-0.00239963,0)     (-0.0560931,0)      (0.0505813,0)       (-0.0371579,0)      
(0.5,0)             (0.0283635,0)       (-0.0604259,0)      (0.0351455,0)       (-0.0129481,0)      
(0.5,0)             (0.0148288,0)       (-0.0693233,0)      (0.0513899,0)       (-0.0303518,0)      
(0.5,0)             (-0.0177812,0)      (-0.0539267,0)      (0.0582991,0)       (-0.0492628,0)      
(0.5,0)             (0.0335623,0)       (-0.0600777,0)      (0.0315916,0)       (-0.00818153,0)     
(0.5,0)             (0.000307307,0)     (-0.0543136,0)      (0.0473324,0)       (-0.0336771,0)      
(0.5,0)             (-0.0200581,0)      (-0.0492846,0)      (0.0556603,0)       (-0.0483537,0)      
(0.5,0)             (-0.0148592,0)      (-0.0489365,0)      (0.0521064,0)       (-0.0435871,0)      
(0.5,0)             (0.000737335,0)     (-0.047892,0)       (0.0414447,0)       (-0.0292873,0)      
(0.5,0)             (0.0208877,0)       (-0.0561319,0)      (0.0360606,0)       (-0.0168057,0)      
(0.5,0)             (0.00279923,0)      (-0.055745,0)       (0.0470273,0)       (-0.0323913,0)      
(0.5,0)             (0.01092,0)         (-0.0504065,0)      (0.0372807,0)       (-0.0219491,0)      
(0.5,0)             (-0.00944537,0)     (-0.0453775,0)      (0.0456087,0)       (-0.0366256,0)      
(0.5,0)             (0.0156889,0)       (-0.05648,0)        (0.0396145,0)       (-0.0215723,0)      
(0.5,0)             (-0.0127973,0)      (-0.0567894,0)      (0.0576891,0)       (-0.0466911,0)      
(0.5,0)             (-0.0125823,0)      (-0.0535786,0)      (0.0547452,0)       (-0.0444962,0)      
(0.5,0)             (0.0211027,0)       (-0.0529211,0)      (0.0331167,0)       (-0.0146108,0)      
(0.5,0)             (0.0156889,0)       (-0.05648,0)        (0.0396145,0)       (-0.0215723,0)      
(0.5,0)             (-0.0231951,0)      (-0.0574857,0)      (0.0647969,0)       (-0.0562242,0)      
(0.5,0)             (0.0327023,0)       (-0.072921,0)       (0.0433669,0)       (-0.0169611,0)      
(0.5,0)             (0.0154739,0)       (-0.0596908,0)      (0.0425583,0)       (-0.0237672,0)      
(0.5,0)             (0.00984497,0)      (-0.0664606,0)      (0.0519999,0)       (-0.0329235,0)      
(0.5,0)             (0.0204577,0)       (-0.0625535,0)      (0.0419483,0)       (-0.0211955,0)      
(0.5,0)             (0.0161189,0)       (-0.0500584,0)      (0.0337268,0)       (-0.0171825,0)      
(0.5,0)             (0.0364843,0)       (-0.0550874,0)      (0.0253988,0)       (-0.00250589,0)     
(0.5,0)             (0.0327023,0)       (-0.072921,0)       (0.0433669,0)       (-0.0169611,0)      
(0.5,0)             (0.0123369,0)       (-0.0678919,0)      (0.0516949,0)       (-0.0316377,0)      
(0.5,0)             (-0.025257,0)       (-0.0496327,0)      (0.0592142,0)       (-0.0531203,0)      
(0.5,0)             (0.0208877,0)       (-0.0561319,0)      (0.0360606,0)       (-0.0168057,0)      
(0.5,0)             (0.0156889,0)       (-0.05648,0)        (0.0396145,0)       (-0.0215723,0)      
(0.5,0)             (0.0165489,0)       (-0.0436368,0)      (0.0278391,0)       (-0.0127927,0)      
(0.5,0)             (0.0082131,0)       (-0.052186,0)       (0.0405296,0)       (-0.0254298,0)      
(0.5,0)             (-0.0175662,0)      (-0.0507159,0)      (0.0553553,0)       (-0.0470679,0)      
(0.5,0)             (-0.0119373,0)      (-0.0439462,0)      (0.0459137,0)       (-0.0379115,0)      
(0.5,0)             (0.0183958,0)       (-0.0547005,0)      (0.0363656,0)       (-0.0180915,0)      
(0.5,0)             (0.0339924,0)       (-0.0536561,0)      (0.0257039,0)       (-0.00379174,0)     
(0.5,0)             (0.0186108,0)       (-0.0514897,0)      (0.0334218,0)       (-0.0158966,0)      
(0.5,0)             (0.01092,0)         (-0.0504065,0)      (0.0372807,0)       (-0.0219491,0)      
(0.5,0)             (-0.00673843,0)     (-0.043598,0)       (0.0423598,0)       (-0.0331449,0)      
(0.5,0)             (-0.0125823,0)      (-0.0535786,0)      (0.0547452,0)       (-0.0444962,0)      
(0.5,0)             (0.00799809,0)      (-0.0553968,0)      (0.0434734,0)       (-0.0276247,0)      
(0.5,0)             (0.0256566,0)       (-0.0622054,0)      (0.0383943,0)       (-0.0164289,0)      
(0.5,0)             (-0.0019696,0)      (-0.0496715,0)      (0.0446936,0)       (-0.0327681,0)      
(0.5,0)             (0.0131969,0)       (-0.0550487,0)      (0.0399195,0)       (-0.0228581,0)      
(0.5,0)             (0.0156889,0)       (-0.05648,0)        (0.0396145,0)       (-0.0215723,0)      
(0.5,0)             (0.0146138,0)       (-0.0725341,0)      (0.0543337,0)       (-0.0325467,0)      
(0.5,0)             (0.01049,0)         (-0.0568282,0)      (0.0431684,0)       (-0.0263388,0)      
(0.5,0)             (0.0150438,0)       (-0.0661125,0)      (0.048446,0)        (-0.0281569,0)      
(0.5,0)             (0.0329173,0)       (-0.0697102,0)      (0.0404231,0)       (-0.0147662,0)      
(0.5,0)             (0.0213177,0)       (-0.0497103,0)      (0.0301729,0)       (-0.0124159,0)      
(0.5,0)             (0.0231646,0)       (-0.060774,0)       (0.0386994,0)       (-0.0177147,0)      
(0.5,0)             (-0.00716846,0)     (-0.0500196,0)      (0.0482475,0)       (-0.0375347,0)      
(0.5,0)             (0.0389762,0)       (-0.0565188,0)      (0.0250938,0)       (-0.00122005,0)     
(0.5,0)             (0.01049,0)         (-0.0568282,0)      (0.0431684,0)       (-0.0263388,0)      
(0.5,0)             (0.00421608,0)      (-0.0732304,0)      (0.0614415,0)       (-0.0420799,0)      
(0.5,0)             (0.0152588,0)       (-0.0629016,0)      (0.0455022,0)       (-0.025962,0)       
(0.5,0)             (0.0231646,0)       (-0.060774,0)       (0.0386994,0)       (-0.0177147,0)      
(0.5,0)             (-0.00446152,0)     (-0.0482402,0)      (0.0449986,0)       (-0.0340539,0)      
(0.5,0)             (0.010275,0)        (-0.060039,0)       (0.0461122,0)       (-0.0285337,0)      
(0.5,0)             (0.000737335,0)     (-0.047892,0)       (0.0414447,0)       (-0.0292873,0)      
(0.5,0)             (-0.00175459,0)     (-0.0464607,0)      (0.0417497,0)       (-0.0305732,0)      
(0.5,0)             (-0.0019696,0)      (-0.0496715,0)      (0.0446936,0)       (-0.0327681,0)      
(0.5,0)             (0.00279923,0)      (-0.055745,0)       (0.0470273,0)       (-0.0323913,0)      
(0.5,0)             (0.0391912,0)       (-0.053308,0)       (0.02215,0)         (0.000974847,0)     
(0.5,0)             (0.000737335,0)     (-0.047892,0)       (0.0414447,0)       (-0.0292873,0)      
(0.5,0)             (0.0119069,0)       (-0.0743136,0)      (0.0575826,0)       (-0.0360275,0)      
(0.5,0)             (0.0279335,0)       (-0.0668475,0)      (0.0410331,0)       (-0.0173379,0)      
(0.5,0)             (0.000522321,0)     (-0.0511028,0)      (0.0443885,0)       (-0.0314822,0)      
(0.5,0)             (0.00550616,0)      (-0.0539655,0)      (0.0437785,0)       (-0.0289105,0)      
(0.5,0)             (0.00258421,0)      (-0.0589558,0)      (0.0499712,0)       (-0.0345862,0)      
(0.5,0)             (0.0233796,0)       (-0.0575632,0)      (0.0357555,0)       (-0.0155198,0)      
(0.5,0)             (0.0231646,0)       (-0.060774,0)       (0.0386994,0)       (-0.0177147,0)      
(0.5,0)             (0.0179658,0)       (-0.0611222,0)      (0.0422533,0)       (-0.0224813,0)      
(0.5,0)             (-0.00609339,0)     (-0.0339656,0)      (0.0335283,0)       (-0.0265602,0)      
(0.5,0)             (0.00842811,0)      (-0.0489752,0)      (0.0375857,0)       (-0.0232349,0)      
(0.5,0)             (-0.00532158,0)     (-0.0610834,0)      (0.056774,0)        (-0.0428335,0)      
(0.5,0)             (0.0156889,0)       (-0.05648,0)        (0.0396145,0)       (-0.0215723,0)      
(0.5,0)             (0.0082131,0)       (-0.052186,0)       (0.0405296,0)       (-0.0254298,0)      
(0.5,0)             (-0.0146442,0)      (-0.0457256,0)      (0.0491626,0)       (-0.0413922,0)      
(0.5,0)             (0.0383312,0)       (-0.0661512,0)      (0.0339253,0)       (-0.00780473,0)     
(0.5,0)             (0.0202427,0)       (-0.0657643,0)      (0.0448921,0)       (-0.0233903,0)      
(0.5,0)             (0.0159039,0)       (-0.0532692,0)      (0.0366706,0)       (-0.0193774,0)      
(0.5,0)             (-0.0177812,0)      (-0.0539267,0)      (0.0582991,0)       (-0.0492628,0)      
(0.5,0)             (-0.0148592,0)      (-0.0489365,0)      (0.0521064,0)       (-0.0435871,0)      
(0.5,0)             (0.0159039,0)       (-0.0532692,0)      (0.0366706,0)       (-0.0193774,0)      
(0.5,0)             (0.0254415,0)       (-0.0654162,0)      (0.0413382,0)       (-0.0186238,0)      
(0.5,0)             (-0.0119373,0)      (-0.0439462,0)      (0.0459137,0)       (-0.0379115,0)      
(0.5,0)             (0.0206727,0)       (-0.0593427,0)      (0.0390044,0)       (-0.0190006,0)      
(0.5,0)             (0.0414681,0)       (-0.0579501,0)      (0.0247888,0)       (6.58016e-05,0)     
(0.5,0)             (0.0183958,0)       (-0.0547005,0)      (0.0363656,0)       (-0.0180915,0)      
(0.5,0)             (0.00486112,0)      (-0.0635979,0)      (0.05261,0)         (-0.0354952,0)      
(0.5,0)             (0.011135,0)        (-0.0471957,0)      (0.0343369,0)       (-0.0197542,0)      
(0.5,0)             (-0.00175459,0)     (-0.0464607,0)      (0.0417497,0)       (-0.0305732,0)      
(0.5,0)             (0.00507614,0)      (-0.0603871,0)      (0.0496661,0)       (-0.0333003,0)      
(0.5,0)             (0.010275,0)        (-0.060039,0)       (0.0461122,0)       (-0.0285337,0)      
(0.5,0)             (0.0331323,0)       (-0.0664994,0)      (0.0374792,0)       (-0.0125713,0)      
(0.5,0)             (0.0183958,0)       (-0.0547005,0)      (0.0363656,0)       (-0.0180915,0)      
(0.5,0)             (0.00907316,0)      (-0.0393428,0)      (0.0287542,0)       (-0.0166502,0)      
(0.5,0)             (0.0204577,0)       (-0.0625535,0)      (0.0419483,0)       (-0.0211955,0)      
(0.5,0)             (0.0335623,0)       (-0.0600777,0)      (0.0315916,0)       (-0.00818153,0)     
(0.5,0)             (0.00799809,0)      (-0.0553968,0)      (0.0434734,0)       (-0.0276247,0)      
(0.5,0)             (-0.00218461,0)     (-0.0528823,0)      (0.0476374,0)       (-0.034963,0)       
(0.5,0)             (0.0200277,0)       (-0.0689751,0)      (0.0478359,0)       (-0.0255852,0)      
(0.5,0)             (0.01049,0)         (-0.0568282,0)      (0.0431684,0)       (-0.0263388,0)      
(0.5,0)             (-0.00175459,0)     (-0.0464607,0)      (0.0417497,0)       (-0.0305732,0)      
(0.5,0)             (-0.0019696,0)      (-0.0496715,0)      (0.0446936,0)       (-0.0327681,0)      
(0.5,0)             (0.0263016,0)       (-0.0525729,0)      (0.0295628,0)       (-0.00984418,0)     
(0.5,0)             (-0.0175662,0)      (-0.0507159,0)      (0.0553553,0)       (-0.0470679,0)      
(0.5,0)             (0.00692302,0)      (-0.0714509,0)      (0.0581926,0)       (-0.0385992,0)      
(0.5,0)             (0.00649299,0)      (-0.0778725,0)      (0.0640803,0)       (-0.042989,0)       
(0.5,0)             (0.013627,0)        (-0.0486271,0)      (0.0340318,0)       (-0.0184683,0)      
(0.5,0)             (0.0200277,0)       (-0.0689751,0)      (0.0478359,0)       (-0.0255852,0)      
(0.5,0)             (0.00615121,0)      (-0.0443331,0)      (0.0349469,0)       (-0.0223259,0)      
(0.5,0)             (0.0211027,0)       (-0.0529211,0)      (0.0331167,0)       (-0.0146108,0)      
(0.5,0)             (-0.00901534,0)     (-0.0389559,0)      (0.039721,0)        (-0.0322358,0)      
(0.5,0)             (-0.00239963,0)     (-0.0560931,0)      (0.0505813,0)       (-0.0371579,0)      
(0.5,0)             (0.0217478,0)       (-0.0432886,0)      (0.0242852,0)       (-0.00802609,0)     
(0.5,0)             (0.0258716,0)       (-0.0589945,0)      (0.0354505,0)       (-0.014234,0)       
(0.5,0)             (0.0258716,0)       (-0.0589945,0)      (0.0354505,0)       (-0.014234,0)       
(0.5,0)             (-0.0117223,0)      (-0.0407354,0)      (0.0429699,0)       (-0.0357166,0)      
(0.5,0)             (0.0263016,0)       (-0.0525729,0)      (0.0295628,0)       (-0.00984418,0)     
(0.5,0)             (0.0281485,0)       (-0.0636367,0)      (0.0380893,0)       (-0.015143,0)       
(0.5,0)             (0.046452,0)        (-0.0608128,0)      (0.0241787,0)       (0.0026375,0)       
(0.5,0)             (-0.0429154,0)      (-0.0428242,0)      (0.0642933,0)       (-0.0643161,0)      
(0.5,0)             (0.01092,0)         (-0.0504065,0)      (0.0372807,0)       (-0.0219491,0)      
(0.5,0)             (0.0337774,0)       (-0.0568669,0)      (0.0286477,0)       (-0.00598664,0)     
(0.5,0)             (0.0229496,0)       (-0.0639848,0)      (0.0416432,0)       (-0.0199096,0)      
(0.5,0)             (0.0333473,0)       (-0.0632885,0)      (0.0345354,0)       (-0.0103764,0)      
(0.5,0)             (0.0258716,0)       (-0.0589945,0)      (0.0354505,0)       (-0.014234,0)       
(0.5,0)             (0.010705,0)        (-0.0536174,0)      (0.0402245,0)       (-0.024144,0)       
(0.5,0)             (0.00756806,0)      (-0.0618185,0)      (0.0493611,0)       (-0.0320145,0)      
(0.5,0)             (0.0082131,0)       (-0.052186,0)       (0.0405296,0)       (-0.0254298,0)      
(0.5,0)             (0.0354092,0)       (-0.0711415,0)      (0.040118,0)        (-0.0134804,0)      
(0.5,0)             (0.0204577,0)       (-0.0625535,0)      (0.0419483,0)       (-0.0211955,0)      
(0.5,0)             (0.0389762,0)       (-0.0565188,0)      (0.0250938,0)       (-0.00122005,0)     
(0.5,0)             (-0.00716846,0)     (-0.0500196,0)      (0.0482475,0)       (-0.0375347,0)      
(0.5,0)             (0.0252265,0)       (-0.068627,0)       (0.044282,0)        (-0.0208187,0)      
(0.5,0)             (0.00864313,0)      (-0.0457644,0)      (0.0346419,0)       (-0.02104,0)        
(0.5,0)             (0.00529115,0)      (-0.0571763,0)      (0.0467223,0)       (-0.0311054,0)      
(0.5,0)             (-0.0142142,0)      (-0.039304,0)       (0.0432749,0)       (-0.0370024,0)      
(0.5,0)             (0.0156889,0)       (-0.05648,0)        (0.0396145,0)       (-0.0215723,0)      
(0.5,0)             (0.0208877,0)       (-0.0561319,0)      (0.0360606,0)       (-0.0168057,0)      
(0.5,0)             (-0.0164911,0)      (-0.0346619,0)      (0.0406361,0)       (-0.0360934,0)      
(0.5,0)             (0.0159039,0)       (-0.0532692,0)      (0.0366706,0)       (-0.0193774,0)      
(0.5,0)             (0.0156889,0)       (-0.05648,0)        (0.0396145,0)       (-0.0215723,0)      
(0.5,0)             (0.00615121,0)      (-0.0443331,0)      (0.0349469,0)       (-0.0223259,0)      
(0.5,0)             (-0.00923035,0)     (-0.0421667,0)      (0.0426648,0)       (-0.0344307,0)      
(0.5,0)             (-0.00424651,0)     (-0.0450294,0)      (0.0420548,0)       (-0.031859,0)       
(0.5,0)             (0.00507614,0)      (-0.0603871,0)      (0.0496661,0)       (-0.0333003,0)      
(0.5,0)             (0.010275,0)        (-0.060039,0)       (0.0461122,0)       (-0.0285337,0)      
(0.5,0)             (0.0213177,0)       (-0.0497103,0)      (0.0301729,0)       (-0.0124159,0)      
(0.5,0)             (0.0412531,0)       (-0.0611609,0)      (0.0277326,0)       (-0.00212909,0)     
(0.5,0)             (-0.0019696,0)      (-0.0496715,0)      (0.0446936,0)       (-0.0327681,0)      
(0.5,0)             (0.0183958,0)       (-0.0547005,0)      (0.0363656,0)       (-0.0180915,0)      
(0.5,0)             (0.011135,0)        (-0.0471957,0)      (0.0343369,0)       (-0.0197542,0)      
(0.5,0)             (-0.00467654,0)     (-0.051451,0)       (0.0479424,0)       (-0.0362488,0)      
(0.5,0)             (0.0553446,0)       (-0.0825922,0)      (0.0376778,0)       (-0.00319358,0)     
(0.5,0)             (0.0163339,0)       (-0.0468476,0)      (0.0307829,0)       (-0.0149876,0)      
(0.5,0)             (0.00279923,0)      (-0.055745,0)       (0.0470273,0)       (-0.0323913,0)      
(0.5,0)             (0.0175357,0)       (-0.0675438,0)      (0.048141,0)        (-0.0268711,0)      
(0.5,0)             (0.000522321,0)     (-0.0511028,0)      (0.0443885,0)       (-0.0314822,0)      
(0.5,0)             (0.010275,0)        (-0.060039,0)       (0.0461122,0)       (-0.0285337,0)      
(0.5,0)             (0.01092,0)         (-0.0504065,0)      (0.0372807,0)       (-0.0219491,0)      
(0.5,0)             (0.0406081,0)       (-0.0707934,0)      (0.0365641,0)       (-0.00871377,0)     
(0.5,0)             (0.00842811,0)      (-0.0489752,0)      (0.0375857,0)       (-0.0232349,0)      
(0.5,0)             (0.0331323,0)       (-0.0664994,0)      (0.0374792,0)       (-0.0125713,0)      
(0.5,0)             (0.0287935,0)       (-0.0540043,0)      (0.0292578,0)       (-0.00855833,0)     
(0.5,0)             (0.00593619,0)      (-0.0475439,0)      (0.0378908,0)       (-0.0245208,0)      
(0.5,0)             (-0.0304558,0)      (-0.0499809,0)      (0.0627682,0)       (-0.0578869,0)      
(0.5,0)             (0.0235947,0)       (-0.0543524,0)      (0.0328117,0)       (-0.0133249,0)      
(0.5,0)             (0.01049,0)         (-0.0568282,0)      (0.0431684,0)       (-0.0263388,0)      
(0.5,0)             (0.0082131,0)       (-0.052186,0)       (0.0405296,0)       (-0.0254298,0)      
(0.5,0)             (-0.0123673,0)      (-0.0503678,0)      (0.0518014,0)       (-0.0423013,0)      
(0.5,0)             (0.0156889,0)       (-0.05648,0)        (0.0396145,0)       (-0.0215723,0)      
(0.5,0)             (0.0233796,0)       (-0.0575632,0)      (0.0357555,0)       (-0.0155198,0)      
(0.5,0)             (0.0260866,0)       (-0.0557837,0)      (0.0325067,0)       (-0.0120391,0)      
(0.5,0)             (0.0113501,0)       (-0.0439849,0)      (0.031393,0)        (-0.0175593,0)      
(0.5,0)             (0.00550616,0)      (-0.0539655,0)      (0.0437785,0)       (-0.0289105,0)      
(0.5,0)             (-0.00695344,0)     (-0.0468088,0)      (0.0453036,0)       (-0.0353398,0)      
(0.5,0)             (0.0564197,0)       (-0.0665381,0)      (0.0229586,0)       (0.00778089,0)      
(0.5,0)             (0.0408231,0)       (-0.0675825,0)      (0.0336203,0)       (-0.00651888,0)     
(0.5,0)             (0.0263016,0)       (-0.0525729,0)      (0.0295628,0)       (-0.00984418,0)     
(0.5,0)             (0.00778307,0)      (-0.0586076,0)      (0.0464173,0)       (-0.0298196,0)      
(0.5,0)             (0.00258421,0)      (-0.0589558,0)      (0.0499712,0)       (-0.0345862,0)      
(0.5,0)             (0.010705,0)        (-0.0536174,0)      (0.0402245,0)       (-0.024144,0)       
(0.5,0)             (0.0150438,0)       (-0.0661125,0)      (0.048446,0)        (-0.0281569,0)      
(0.5,0)             (0.0161189,0)       (-0.0500584,0)      (0.0337268,0)       (-0.0171825,0)      
(0.5,0)             (0.0223046,0)       (-0.0736173,0)      (0.0504747,0)       (-0.0264943,0)      
(0.5,0)             (-0.0100904,0)      (-0.0550099,0)      (0.0544402,0)       (-0.0432103,0)      
(0.5,0)             (0.010705,0)        (-0.0536174,0)      (0.0402245,0)       (-0.024144,0)       
