97
e_L                 onsite              nnhop               ospair              ophop               nnJastrow           nnnJastrow          
(0.856031,0)        (0.216702,0)        (-0.0330096,0)      (0.993038,0)        (-0.475271,0)       (-0.12,0)           (0.2,0)             
(0.813902,0)        (0.0311899,0)       (-0.0163623,0)      (1.47937,0)         (-0.547751,0)       (-0.22,0)           (0.25,0)            
(0.716136,0)        (0.147889,0)        (-0.0455444,0)      (1.39188,0)         (-0.517927,0)       (-0.17,0)           (0.29,0)            
(0.873768,0)        (0.236192,0)        (-0.0400409,0)      (0.952652,0)        (-0.452181,0)       (-0.1,0)            (0.2,0)             
(0.944719,0)        (0.152096,0)        (-0.0652455,0)      (0.82895,0)         (-0.228558,0)       (-0.02,0)           (0.2,0)             
(0.774593,0)        (0.129802,0)        (-0.0450801,0)      (1.24462,0)         (-0.44456,0)        (-0.14,0)           (0.26,0)            
(0.870272,0)        (0.0819599,0)       (-0.0507135,0)      (1.01798,0)         (-0.288645,0)       (-0.08,0)           (0.22,0)            
(1.03583,0)         (-0.013902,0)       (-0.0352314,0)      (1.29931,0)         (-0.363441,0)       (-0.13,0)           (0.21,0)            
(0.714388,0)        (0.11939,0)         (-0.051757,0)       (1.41319,0)         (-0.475538,0)       (-0.16,0)           (0.3,0)             
(0.677165,0)        (0.116733,0)        (-0.0450751,0)      (1.50014,0)         (-0.531834,0)       (-0.19,0)           (0.31,0)            
(0.884852,0)        (0.0443275,0)       (-0.0433194,0)      (1.33297,0)         (-0.402886,0)       (-0.14,0)           (0.25,0)            
(0.943309,0)        (0.188295,0)        (-0.045776,0)       (1.14787,0)         (-0.460784,0)       (-0.11,0)           (0.22,0)            
(0.838889,0)        (0.0936404,0)       (-0.0712052,0)      (1.48107,0)         (-0.404755,0)       (-0.12,0)           (0.31,0)            
(0.753359,0)        (0.118135,0)        (-0.0516421,0)      (1.3125,0)          (-0.435378,0)       (-0.14,0)           (0.28,0)            
(1.08589,0)         (0.0198567,0)       (-0.0424843,0)      (1.52595,0)         (-0.457756,0)       (-0.15,0)           (0.24,0)            
(0.799322,0)        (0.198467,0)        (-0.026093,0)       (1.13412,0)         (-0.538521,0)       (-0.16,0)           (0.22,0)            
(0.831639,0)        (0.0182688,0)       (-0.0228095,0)      (1.44656,0)         (-0.498409,0)       (-0.2,0)            (0.25,0)            
(0.867114,0)        (0.0248376,0)       (-0.0362881,0)      (1.37335,0)         (-0.425976,0)       (-0.16,0)           (0.25,0)            
(0.865029,0)        (0.255751,0)        (-0.0740244,0)      (1.02138,0)         (-0.3715,0)         (-0.05,0)           (0.25,0)            
(0.968296,0)        (0.185924,0)        (-0.0994505,0)      (1.16471,0)         (-0.265282,0)       (-0.01,0)           (0.28,0)            
(0.595727,0)        (-0.0349897,0)      (-0.0559773,0)      (1.76686,0)         (-0.448618,0)       (-0.21,0)           (0.37,0)            
(0.781584,0)        (-0.112723,0)       (-0.0138042,0)      (1.24262,0)         (-0.325336,0)       (-0.18,0)           (0.22,0)            
(0.771097,0)        (0.170036,0)        (-0.0592577,0)      (1.26454,0)         (-0.438541,0)       (-0.12,0)           (0.28,0)            
(1.0873,0)          (0.145713,0)        (-0.0648747,0)      (1.16919,0)         (-0.356794,0)       (-0.06,0)           (0.22,0)            
(0.806572,0)        (0.111783,0)        (-0.0715679,0)      (1.20648,0)         (-0.313603,0)       (-0.08,0)           (0.28,0)            
(0.655932,0)        (0.0726554,0)       (-0.0510529,0)      (1.57559,0)         (-0.496399,0)       (-0.19,0)           (0.33,0)            
(0.608221,0)        (0.0610578,0)       (-0.0845671,0)      (1.75257,0)         (-0.429626,0)       (-0.16,0)           (0.4,0)             
(1.14259,0)         (0.0705031,0)       (-0.049985,0)       (1.3773,0)          (-0.420759,0)       (-0.11,0)           (0.22,0)            
(0.753359,0)        (0.182957,0)        (-0.0528105,0)      (1.29736,0)         (-0.487883,0)       (-0.14,0)           (0.28,0)            
(1.03583,0)         (0.0833314,0)       (-0.0369839,0)      (1.2766,0)          (-0.442199,0)       (-0.13,0)           (0.21,0)            
(0.87202,0)         (0.207693,0)        (-0.0462535,0)      (0.973965,0)        (-0.409792,0)       (-0.09,0)           (0.21,0)            
(0.790582,0)        (0.218026,0)        (-0.0600765,0)      (1.20284,0)         (-0.45784,0)        (-0.11,0)           (0.27,0)            
(0.787087,0)        (0.128616,0)        (-0.0719174,0)      (1.25304,0)         (-0.346809,0)       (-0.09,0)           (0.29,0)            
(0.8866,0)          (0.0404158,0)       (-0.0365228,0)      (1.31922,0)         (-0.419023,0)       (-0.15,0)           (0.24,0)            
(1.0146,0)          (0.104076,0)        (-0.0441301,0)      (1.33691,0)         (-0.45927,0)        (-0.13,0)           (0.23,0)            
(0.581485,0)        (-0.0298921,0)      (-0.0359367,0)      (1.77219,0)         (-0.530233,0)       (-0.25,0)           (0.35,0)            
(0.849039,0)        (0.199938,0)        (-0.0596122,0)      (1.05559,0)         (-0.384473,0)       (-0.08,0)           (0.24,0)            
(0.904338,0)        (0.124728,0)        (-0.0447225,0)      (1.2637,0)          (-0.448438,0)       (-0.13,0)           (0.24,0)            
(0.737628,0)        (0.0827056,0)       (-0.110729,0)       (1.40015,0)         (-0.215406,0)       (-0.05,0)           (0.37,0)            
(0.826058,0)        (0.257006,0)        (-0.0741392,0)      (1.12207,0)         (-0.41166,0)        (-0.07,0)           (0.27,0)            
(0.836545,0)        (0.201124,0)        (-0.0327749,0)      (1.04717,0)         (-0.482224,0)       (-0.13,0)           (0.21,0)            
(0.71264,0)         (-0.00634278,0)     (-0.056217,0)       (1.45721,0)         (-0.354391,0)       (-0.15,0)           (0.31,0)            
(0.739117,0)        (-0.0388228,0)      (-0.0286807,0)      (1.35567,0)         (-0.385729,0)       (-0.18,0)           (0.26,0)            
(0.899094,0)        (0.071641,0)        (-0.0639442,0)      (1.32007,0)         (-0.347524,0)       (-0.1,0)            (0.27,0)            
(0.675417,0)        (0.0882335,0)       (-0.0512876,0)      (1.52145,0)         (-0.489445,0)       (-0.18,0)           (0.32,0)            
(0.850787,0)        (0.260848,0)        (-0.0539838,0)      (1.0267,0)          (-0.453115,0)       (-0.09,0)           (0.23,0)            
(0.682409,0)        (0.00776423,0)      (-0.0229325,0)      (1.48161,0)         (-0.501484,0)       (-0.22,0)           (0.28,0)            
(0.742613,0)        (-0.0142352,0)      (-0.0156715,0)      (1.32061,0)         (-0.444254,0)       (-0.2,0)            (0.24,0)            
(0.652436,0)        (-0.0491656,0)      (-0.0623096,0)      (1.63335,0)         (-0.359116,0)       (-0.17,0)           (0.35,0)            
(0.818807,0)        (0.0137649,0)       (-0.0219075,0)      (1.0742,0)          (-0.35181,0)        (-0.15,0)           (0.21,0)            
(0.978784,0)        (0.162453,0)        (-0.0586704,0)      (1.08223,0)         (-0.362098,0)       (-0.07,0)           (0.22,0)            
(0.795826,0)        (0.109057,0)        (-0.0379339,0)      (1.18431,0)         (-0.42749,0)        (-0.14,0)           (0.24,0)            
(0.808658,0)        (0.107747,0)        (-0.0379207,0)      (1.50547,0)         (-0.551848,0)       (-0.19,0)           (0.28,0)            
(0.904,0)           (0.254496,0)        (-0.0739096,0)      (0.920684,0)        (-0.33134,0)        (-0.03,0)           (0.23,0)            
(0.717884,0)        (0.111566,0)        (-0.0381636,0)      (1.3857,0)          (-0.50781,0)        (-0.18,0)           (0.28,0)            
(0.694903,0)        (0.103812,0)        (-0.0515223,0)      (1.46732,0)         (-0.482492,0)       (-0.17,0)           (0.31,0)            
(0.888348,0)        (0.133737,0)        (-0.0314786,0)      (1.28277,0)         (-0.513917,0)       (-0.16,0)           (0.23,0)            
(0.771097,0)        (0.0728029,0)       (-0.0575052,0)      (1.28725,0)         (-0.359783,0)       (-0.12,0)           (0.28,0)            
(0.799918,0)        (0.0948952,0)       (-0.07132,0)        (1.58177,0)         (-0.444915,0)       (-0.14,0)           (0.33,0)            
(0.838889,0)        (0.0936404,0)       (-0.0712052,0)      (1.48107,0)         (-0.404755,0)       (-0.12,0)           (0.31,0)            
(0.678913,0)        (0.0479989,0)       (-0.0371101,0)      (1.50153,0)         (-0.495465,0)       (-0.2,0)            (0.3,0)             
(0.783591,0)        (0.0658038,0)       (-0.0834272,0)      (1.24447,0)         (-0.239791,0)       (-0.07,0)           (0.31,0)            
(0.836545,0)        (0.10389,0)         (-0.0310224,0)      (1.06987,0)         (-0.403466,0)       (-0.13,0)           (0.21,0)            
(0.861871,0)        (0.0365729,0)       (-0.0566782,0)      (1.41459,0)         (-0.377568,0)       (-0.13,0)           (0.28,0)            
(0.813564,0)        (0.22578,0)         (-0.0467178,0)      (1.12122,0)         (-0.483159,0)       (-0.12,0)           (0.24,0)            
(0.804566,0)        (0.121909,0)        (-0.00453464,0)     (1.10802,0)         (-0.534424,0)       (-0.19,0)           (0.19,0)            
(1.07305,0)         (0.0211662,0)       (-0.0424975,0)      (1.20479,0)         (-0.333398,0)       (-0.1,0)            (0.2,0)             
(0.831301,0)        (0.24527,0)         (-0.0537492,0)      (1.08084,0)         (-0.460069,0)       (-0.1,0)            (0.24,0)            
(0.934569,0)        (0.207854,0)        (-0.0797594,0)      (1.2166,0)          (-0.380103,0)       (-0.06,0)           (0.27,0)            
(0.940151,0)        (-0.0632936,0)      (-0.0278455,0)      (1.54865,0)         (-0.440598,0)       (-0.19,0)           (0.25,0)            
(0.959636,0)        (-0.0153043,0)      (-0.0286644,0)      (1.48695,0)         (-0.459898,0)       (-0.18,0)           (0.24,0)            
(0.892102,0)        (0.216933,0)        (-0.0934676,0)      (1.34478,0)         (-0.387991,0)       (-0.06,0)           (0.31,0)            
(0.783591,0)        (0.201262,0)        (-0.0866791,0)      (1.26539,0)         (-0.367043,0)       (-0.07,0)           (0.31,0)            
(0.980532,0)        (0.190953,0)        (-0.0524578,0)      (1.06092,0)         (-0.404487,0)       (-0.08,0)           (0.21,0)            
(0.772845,0)        (0.03648,0)         (-0.0501243,0)      (1.28107,0)         (-0.349666,0)       (-0.13,0)           (0.27,0)            
(0.905748,0)        (0.12094,0)         (-0.0647762,0)      (0.937212,0)        (-0.242465,0)       (-0.04,0)           (0.22,0)            
(0.806572,0)        (0.144194,0)        (-0.072152,0)       (1.19891,0)         (-0.339856,0)       (-0.08,0)           (0.28,0)            
(0.920327,0)        (0.180541,0)        (-0.0591347,0)      (1.22949,0)         (-0.435465,0)       (-0.1,0)            (0.25,0)            
(0.771097,0)        (0.105214,0)        (-0.0580893,0)      (1.27968,0)         (-0.386035,0)       (-0.12,0)           (0.28,0)            
(0.766191,0)        (0.0195924,0)       (-0.0498764,0)      (1.65636,0)         (-0.480978,0)       (-0.19,0)           (0.32,0)            
(0.788835,0)        (0.124704,0)        (-0.0651207,0)      (1.23929,0)         (-0.362945,0)       (-0.1,0)            (0.28,0)            
(0.920327,0)        (0.0833074,0)       (-0.0573822,0)      (1.2522,0)          (-0.356707,0)       (-0.1,0)            (0.25,0)            
(0.789172,0)        (-0.0698863,0)      (-0.0347652,0)      (1.59745,0)         (-0.427538,0)       (-0.2,0)            (0.29,0)            
(0.79092,0)         (-0.041387,0)       (-0.0285527,0)      (1.57613,0)         (-0.469927,0)       (-0.21,0)           (0.28,0)            
(0.990205,0)        (-0.0295349,0)      (-0.0350984,0)      (1.77529,0)         (-0.534913,0)       (-0.21,0)           (0.28,0)            
(0.893254,0)        (0.25177,0)         (-0.0402756,0)      (0.898521,0)        (-0.445227,0)       (-0.09,0)           (0.19,0)            
(0.80832,0)         (0.140282,0)        (-0.0653554,0)      (1.18516,0)         (-0.355992,0)       (-0.09,0)           (0.27,0)            
(0.767601,0)        (0.17786,0)         (-0.072851,0)       (1.29203,0)         (-0.406269,0)       (-0.1,0)            (0.3,0)             
(0.751611,0)        (0.186869,0)        (-0.0596072,0)      (1.31111,0)         (-0.471747,0)       (-0.13,0)           (0.29,0)            
(0.818807,0)        (0.0195782,0)       (-0.0228227,0)      (1.1254,0)          (-0.374051,0)       (-0.15,0)           (0.21,0)            
(0.689659,0)        (0.0831359,0)       (-0.0713282,0)      (1.51613,0)         (-0.40783,0)        (-0.14,0)           (0.34,0)            
(0.732126,0)        (0.13888,0)         (-0.0587883,0)      (1.37281,0)         (-0.452448,0)       (-0.14,0)           (0.3,0)             
(0.829553,0)        (0.151949,0)        (-0.0587933,0)      (1.11729,0)         (-0.365174,0)       (-0.09,0)           (0.25,0)            
(0.772845,0)        (0.166125,0)        (-0.052461,0)       (1.2508,0)          (-0.454677,0)       (-0.13,0)           (0.27,0)            
(1.12801,0)         (0.172958,0)        (-0.0585474,0)      (1.04718,0)         (-0.359023,0)       (-0.05,0)           (0.19,0)            
(0.897346,0)        (0.140375,0)        (-0.0719092,0)      (1.31868,0)         (-0.383894,0)       (-0.09,0)           (0.28,0)            
(0.691745,0)        (-0.0181328,0)      (-0.0359285,0)      (1.83783,0)         (-0.567318,0)       (-0.25,0)           (0.34,0)            
(0.79233,0)         (0.214114,0)        (-0.0532798,0)      (1.1891,0)          (-0.473976,0)       (-0.12,0)           (0.26,0)            
(0.884852,0)        (0.0443275,0)       (-0.0433194,0)      (1.33297,0)         (-0.402886,0)       (-0.14,0)           (0.25,0)            
(1.032,0)           (0.285745,0)        (-0.0809328,0)      (0.945939,0)        (-0.345335,0)       (-0.01,0)           (0.22,0)            
(0.852535,0)        (0.127292,0)        (-0.0448505,0)      (1.04323,0)         (-0.36424,0)        (-0.1,0)            (0.22,0)            
(0.977374,0)        (-0.0282254,0)      (-0.0351116,0)      (1.45413,0)         (-0.410555,0)       (-0.16,0)           (0.24,0)            
(0.615213,0)        (-0.0842338,0)      (-0.0550436,0)      (1.72787,0)         (-0.389159,0)       (-0.2,0)            (0.36,0)            
(0.726882,0)        (0.118204,0)        (-0.0785942,0)      (1.42161,0)         (-0.377787,0)       (-0.11,0)           (0.33,0)            
(0.95755,0)         (0.24802,0)         (-0.0669849,0)      (1.12741,0)         (-0.431674,0)       (-0.07,0)           (0.24,0)            
(0.866777,0)        (0.251839,0)        (-0.0672277,0)      (1.00763,0)         (-0.387636,0)       (-0.06,0)           (0.24,0)            
(0.840299,0)        (0.154675,0)        (-0.0924273,0)      (1.13945,0)         (-0.251287,0)       (-0.03,0)           (0.29,0)            
(0.772845,0)        (0.133713,0)        (-0.0518768,0)      (1.25837,0)         (-0.428424,0)       (-0.13,0)           (0.27,0)            
(0.849039,0)        (0.102705,0)        (-0.0578597,0)      (1.07829,0)         (-0.305715,0)       (-0.08,0)           (0.24,0)            
(0.959298,0)        (0.211697,0)        (-0.059604,0)       (1.12123,0)         (-0.421558,0)       (-0.08,0)           (0.23,0)            
(0.839227,0)        (-0.133361,0)       (-0.0402656,0)      (1.8468,0)          (-0.443094,0)       (-0.22,0)           (0.32,0)            
(0.685905,0)        (0.0647629,0)       (-0.0105075,0)      (1.43898,0)         (-0.586262,0)       (-0.24,0)           (0.26,0)            
(1.03025,0)         (0.0303681,0)       (-0.0830561,0)      (1.02023,0)         (-0.119176,0)       (0,0)               (0.23,0)            
(0.900842,0)        (0.132551,0)        (-0.0583158,0)      (1.29119,0)         (-0.416166,0)       (-0.11,0)           (0.26,0)            
(0.750201,0)        (-0.0362205,0)      (-0.0354642,0)      (1.69057,0)         (-0.493951,0)       (-0.22,0)           (0.31,0)            
(0.618708,0)        (0.0375872,0)       (-0.0437869,0)      (1.6701,0)          (-0.526442,0)       (-0.22,0)           (0.34,0)            
(0.95755,0)         (0.24802,0)         (-0.0669849,0)      (1.12741,0)         (-0.431674,0)       (-0.07,0)           (0.24,0)            
(0.883104,0)        (0.0158282,0)       (-0.049532,0)       (1.35428,0)         (-0.360497,0)       (-0.13,0)           (0.26,0)            
(0.767601,0)        (0.145449,0)        (-0.0722669,0)      (1.2996,0)          (-0.380016,0)       (-0.1,0)            (0.3,0)             
(0.858713,0)        (0.0118616,0)       (-0.0428369,0)      (1.76239,0)         (-0.541152,0)       (-0.21,0)           (0.31,0)            
(0.751611,0)        (0.0896359,0)       (-0.0578547,0)      (1.33381,0)         (-0.392989,0)       (-0.13,0)           (0.29,0)            
(0.884852,0)        (-0.0204947,0)      (-0.0421511,0)      (1.3481,0)          (-0.350381,0)       (-0.14,0)           (0.25,0)            
(1.02743,0)         (0.0379444,0)       (-0.0429486,0)      (1.67321,0)         (-0.531122,0)       (-0.18,0)           (0.27,0)            
(0.810068,0)        (0.103959,0)        (-0.0579745,0)      (1.17899,0)         (-0.345875,0)       (-0.1,0)            (0.26,0)            
(0.710892,0)        (0.0948024,0)       (-0.0647662,0)      (1.44825,0)         (-0.417013,0)       (-0.14,0)           (0.32,0)            
(0.879012,0)        (0.127223,0)        (-0.0178984,0)      (0.934121,0)        (-0.421831,0)       (-0.13,0)           (0.17,0)            
(0.828143,0)        (0.0585034,0)       (-0.0369871,0)      (1.46648,0)         (-0.492389,0)       (-0.18,0)           (0.27,0)            
(1.05673,0)         (0.159944,0)        (-0.0584407,0)      (0.880846,0)        (-0.281778,0)       (-0.03,0)           (0.18,0)            
(0.620456,0)        (-0.0311468,0)      (-0.0358219,0)      (1.67149,0)         (-0.490073,0)       (-0.23,0)           (0.33,0)            
(0.756855,0)        (0.142723,0)        (-0.0386329,0)      (1.27744,0)         (-0.493903,0)       (-0.16,0)           (0.26,0)            
(0.803414,0)        (0.119483,0)        (-0.0583108,0)      (1.54671,0)         (-0.50344,0)        (-0.16,0)           (0.31,0)            
(0.774593,0)        (0.129802,0)        (-0.0450801,0)      (1.24462,0)         (-0.44456,0)        (-0.14,0)           (0.26,0)            
(0.87786,0)         (0.124797,0)        (-0.0716746,0)      (1.37281,0)         (-0.390847,0)       (-0.1,0)            (0.29,0)            
(0.96629,0)         (0.19605,0)         (-0.0324173,0)      (1.06625,0)         (-0.486102,0)       (-0.12,0)           (0.19,0)            
(0.790582,0)        (0.185614,0)        (-0.0594923,0)      (1.21041,0)         (-0.431587,0)       (-0.11,0)           (0.27,0)            
(0.774593,0)        (0.0649794,0)       (-0.0439118,0)      (1.25976,0)         (-0.392055,0)       (-0.14,0)           (0.26,0)            
(0.838552,0)        (0.288231,0)        (-0.101561,0)       (1.12292,0)         (-0.340162,0)       (-0.02,0)           (0.3,0)             
(0.742613,0)        (0.14782,0)         (-0.0185923,0)      (1.28277,0)         (-0.575518,0)       (-0.2,0)            (0.24,0)            
(0.774593,0)        (0.162213,0)        (-0.0456643,0)      (1.23705,0)         (-0.470813,0)       (-0.14,0)           (0.26,0)            
(0.627707,0)        (0.109047,0)        (-0.0853859,0)      (1.69087,0)         (-0.448925,0)       (-0.15,0)           (0.39,0)            
(0.941561,0)        (0.0891606,0)       (-0.0499049,0)      (1.13312,0)         (-0.343648,0)       (-0.1,0)            (0.23,0)            
(0.778089,0)        (0.154389,0)        (-0.0320709,0)      (1.20956,0)         (-0.503085,0)       (-0.16,0)           (0.24,0)            
(0.918579,0)        (0.11963,0)         (-0.064763,0)       (1.25837,0)         (-0.366823,0)       (-0.09,0)           (0.26,0)            
(0.755107,0)        (0.0818123,0)       (-0.0442613,0)      (1.30632,0)         (-0.425261,0)       (-0.15,0)           (0.27,0)            
(0.675417,0)        (-0.0738221,0)      (-0.0483668,0)      (1.5593,0)          (-0.358182,0)       (-0.18,0)           (0.32,0)            
(0.707397,0)        (0.0702148,0)       (-0.0777754,0)      (1.48331,0)         (-0.358488,0)       (-0.12,0)           (0.34,0)            
(0.87202,0)         (0.272515,0)        (-0.0474218,0)      (0.958829,0)        (-0.462298,0)       (-0.09,0)           (0.21,0)            
(0.865029,0)        (0.288162,0)        (-0.0746086,0)      (1.01381,0)         (-0.397753,0)       (-0.05,0)           (0.25,0)            
(0.675417,0)        (0.0882335,0)       (-0.0512876,0)      (1.52145,0)         (-0.489445,0)       (-0.18,0)           (0.32,0)            
(0.920327,0)        (0.0184852,0)       (-0.0562138,0)      (1.26733,0)         (-0.304201,0)       (-0.1,0)            (0.25,0)            
(0.788835,0)        (0.157115,0)        (-0.0657049,0)      (1.23173,0)         (-0.389198,0)       (-0.1,0)            (0.28,0)            
(0.716136,0)        (0.0830671,0)       (-0.0443761,0)      (1.40701,0)         (-0.465421,0)       (-0.17,0)           (0.29,0)            
(0.897346,0)        (0.172786,0)        (-0.0724934,0)      (1.31111,0)         (-0.410146,0)       (-0.09,0)           (0.28,0)            
(0.64894,0)         (0.0558913,0)       (-0.0776555,0)      (1.63813,0)         (-0.405602,0)       (-0.15,0)           (0.37,0)            
(0.810068,0)        (0.168782,0)        (-0.0591428,0)      (1.16385,0)         (-0.398381,0)       (-0.1,0)            (0.26,0)            
(0.959298,0)        (0.211697,0)        (-0.059604,0)       (1.12123,0)         (-0.421558,0)       (-0.08,0)           (0.23,0)            
(0.80691,0)         (0.0410237,0)       (-0.0426338,0)      (1.48316,0)         (-0.460966,0)       (-0.18,0)           (0.29,0)            
(0.893254,0)        (0.284181,0)        (-0.0408598,0)      (0.890952,0)        (-0.47148,0)        (-0.09,0)           (0.19,0)            
(0.732126,0)        (0.106469,0)        (-0.0582042,0)      (1.38037,0)         (-0.426195,0)       (-0.14,0)           (0.3,0)             
(0.725134,0)        (0.0897047,0)       (-0.0848067,0)      (1.44292,0)         (-0.335398,0)       (-0.1,0)            (0.34,0)            
(0.687911,0)        (0.0546366,0)       (-0.0775407,0)      (1.53744,0)         (-0.365442,0)       (-0.13,0)           (0.35,0)            
(0.810068,0)        (0.233604,0)        (-0.0603112,0)      (1.14871,0)         (-0.450886,0)       (-0.1,0)            (0.26,0)            
(0.740865,0)        (0.0220877,0)       (-0.0230524,0)      (1.32678,0)         (-0.454371,0)       (-0.19,0)           (0.25,0)            
(0.906085,0)        (0.055994,0)        (-0.0367574,0)      (1.26509,0)         (-0.412069,0)       (-0.14,0)           (0.23,0)            
(1.0146,0)          (0.00684272,0)      (-0.0423776,0)      (1.35961,0)         (-0.380511,0)       (-0.13,0)           (0.23,0)            
(0.904338,0)        (0.124728,0)        (-0.0447225,0)      (1.2637,0)          (-0.448438,0)       (-0.13,0)           (0.24,0)            
(0.620456,0)        (0.0660865,0)       (-0.0375744,0)      (1.64879,0)         (-0.568831,0)       (-0.23,0)           (0.33,0)            
(0.946467,0)        (0.31024,0)         (-0.0613697,0)      (0.777363,0)        (-0.375958,0)       (-0.03,0)           (0.19,0)            
(0.842385,0)        (-0.0762387,0)      (-0.054691,0)       (1.49143,0)         (-0.305763,0)       (-0.14,0)           (0.29,0)            
(0.80832,0)         (0.237516,0)        (-0.0671079,0)      (1.16246,0)         (-0.43475,0)        (-0.09,0)           (0.27,0)            
(0.870272,0)        (0.146782,0)        (-0.0518818,0)      (1.00285,0)         (-0.34115,0)        (-0.08,0)           (0.22,0)            
(0.849039,0)        (0.232349,0)        (-0.0601964,0)      (1.04802,0)         (-0.410726,0)       (-0.08,0)           (0.24,0)            
(0.829891,0)        (0.0221805,0)       (-0.0296062,0)      (1.4603,0)          (-0.482272,0)       (-0.19,0)           (0.26,0)            
(0.696651,0)        (-0.0621556,0)      (-0.0418047,0)      (1.49142,0)         (-0.367364,0)       (-0.18,0)           (0.3,0)             
(0.852535,0)        (0.192114,0)        (-0.0460188,0)      (1.0281,0)          (-0.416746,0)       (-0.1,0)            (0.22,0)            
(0.662923,0)        (0.0245972,0)       (-0.023282,0)       (1.52817,0)         (-0.534691,0)       (-0.23,0)           (0.29,0)            
(0.638194,0)        (0.0207543,0)       (-0.0434374,0)      (1.62354,0)         (-0.493236,0)       (-0.21,0)           (0.33,0)            
(0.772845,0)        (0.198536,0)        (-0.0530451,0)      (1.24323,0)         (-0.48093,0)        (-0.13,0)           (0.27,0)            
(0.749863,0)        (0.0935476,0)       (-0.0646513,0)      (1.34756,0)         (-0.376853,0)       (-0.12,0)           (0.3,0)             
(0.922075,0)        (0.144218,0)        (-0.0517538,0)      (1.22331,0)         (-0.425348,0)       (-0.11,0)           (0.24,0)            
(0.849039,0)        (0.167527,0)        (-0.059028,0)       (1.06316,0)         (-0.358221,0)       (-0.08,0)           (0.24,0)            
(0.910991,0)        (0.206438,0)        (-0.0461386,0)      (0.873271,0)        (-0.369632,0)       (-0.07,0)           (0.19,0)            
(0.849039,0)        (0.232349,0)        (-0.0601964,0)      (1.04802,0)         (-0.410726,0)       (-0.08,0)           (0.24,0)            
(0.73737,0)         (-0.0141265,0)      (-0.0342311,0)      (1.25945,0)         (-0.351364,0)       (-0.17,0)           (0.27,0)            
(0.923485,0)        (0.302485,0)        (-0.0747284,0)      (0.858984,0)        (-0.350639,0)       (-0.02,0)           (0.22,0)            
(0.834797,0)        (0.237447,0)        (-0.0401558,0)      (1.05335,0)         (-0.492341,0)       (-0.12,0)           (0.22,0)            
(0.719632,0)        (0.0752435,0)       (-0.0307827,0)      (1.37952,0)         (-0.497694,0)       (-0.19,0)           (0.27,0)            
(0.742613,0)        (0.0181759,0)       (-0.0162557,0)      (1.31304,0)         (-0.470507,0)       (-0.2,0)            (0.24,0)            
(0.920327,0)        (0.0184852,0)       (-0.0562138,0)      (1.26733,0)         (-0.304201,0)       (-0.1,0)            (0.25,0)            
(0.716136,0)        (-0.208633,0)       (-0.0391186,0)      (1.47513,0)         (-0.229147,0)       (-0.17,0)           (0.29,0)            
(0.892102,0)        (0.15211,0)         (-0.0922993,0)      (1.35992,0)         (-0.335485,0)       (-0.06,0)           (0.31,0)            
(1.14925,0)         (0.184624,0)        (-0.0519854,0)      (0.979305,0)        (-0.368205,0)       (-0.05,0)           (0.17,0)            
(0.955803,0)        (0.219521,0)        (-0.0731974,0)      (1.14872,0)         (-0.389285,0)       (-0.06,0)           (0.25,0)            
(0.845543,0)        (0.272584,0)        (-0.0743739,0)      (1.06794,0)         (-0.404707,0)       (-0.06,0)           (0.26,0)            
(0.870272,0)        (0.179193,0)        (-0.052466,0)       (0.995279,0)        (-0.367403,0)       (-0.08,0)           (0.22,0)            
(0.850787,0)        (0.260848,0)        (-0.0539838,0)      (1.0267,0)          (-0.453115,0)       (-0.09,0)           (0.23,0)            
(0.677165,0)        (0.0519107,0)       (-0.0439068,0)      (1.51528,0)         (-0.479329,0)       (-0.19,0)           (0.31,0)            
(0.730378,0)        (0.0131472,0)       (-0.0632483,0)      (1.41682,0)         (-0.331301,0)       (-0.13,0)           (0.31,0)            
(0.636446,0)        (0.0570772,0)       (-0.0508183,0)      (1.62972,0)         (-0.503353,0)       (-0.2,0)            (0.34,0)            
(0.831301,0)        (0.180448,0)        (-0.0525808,0)      (1.09597,0)         (-0.407563,0)       (-0.1,0)            (0.24,0)            
(0.542514,0)        (-0.158282,0)       (-0.0337149,0)      (1.90316,0)         (-0.465382,0)       (-0.27,0)           (0.37,0)            
(0.852535,0)        (0.192114,0)        (-0.0460188,0)      (1.0281,0)          (-0.416746,0)       (-0.1,0)            (0.22,0)            
(0.799322,0)        (-0.0932333,0)      (-0.0208355,0)      (1.20223,0)         (-0.302246,0)       (-0.16,0)           (0.22,0)            
(0.780095,0)        (0.241496,0)        (-0.100857,0)       (1.28532,0)         (-0.361023,0)       (-0.05,0)           (0.33,0)            
(0.959298,0)        (0.211697,0)        (-0.059604,0)       (1.12123,0)         (-0.421558,0)       (-0.08,0)           (0.23,0)            
(0.72863,0)         (0.114292,0)        (-0.0717975,0)      (1.40786,0)         (-0.393923,0)       (-0.12,0)           (0.32,0)            
(0.860123,0)        (0.137718,0)        (-0.0652274,0)      (1.40563,0)         (-0.44019,0)        (-0.12,0)           (0.29,0)            
(1.06956,0)         (0.0614008,0)       (-0.056675,0)       (1.22471,0)         (-0.327378,0)       (-0.08,0)           (0.22,0)            
(0.844133,0)        (0.146727,0)        (-0.0519835,0)      (1.4247,0)          (-0.505669,0)       (-0.15,0)           (0.28,0)            
(0.831301,0)        (0.180448,0)        (-0.0525808,0)      (1.09597,0)         (-0.407563,0)       (-0.1,0)            (0.24,0)            
(0.604467,0)        (-0.0221374,0)      (-0.022578,0)       (1.69057,0)         (-0.555552,0)       (-0.26,0)           (0.32,0)            
(0.89385,0)         (0.148199,0)        (-0.0855026,0)      (1.34617,0)         (-0.351621,0)       (-0.07,0)           (0.3,0)             
(0.824648,0)        (0.0015047,0)       (-0.0494121,0)      (1.50911,0)         (-0.407611,0)       (-0.16,0)           (0.29,0)            
(0.826058,0)        (0.224594,0)        (-0.0735551,0)      (1.12964,0)         (-0.385408,0)       (-0.07,0)           (0.27,0)            
(0.829553,0)        (0.151949,0)        (-0.0587933,0)      (1.11729,0)         (-0.365174,0)       (-0.09,0)           (0.25,0)            
(0.861871,0)        (0.166217,0)        (-0.0590148,0)      (1.38432,0)         (-0.482579,0)       (-0.13,0)           (0.28,0)            
(0.838552,0)        (0.25582,0)         (-0.100976,0)       (1.13049,0)         (-0.313909,0)       (-0.02,0)           (0.3,0)             
(0.831301,0)        (0.24527,0)         (-0.0537492,0)      (1.08084,0)         (-0.460069,0)       (-0.1,0)            (0.24,0)            
(0.560252,0)        (-0.138792,0)       (-0.0407462,0)      (1.86277,0)         (-0.442292,0)       (-0.25,0)           (0.37,0)            
(0.678913,0)        (0.08041,0)         (-0.0376942,0)      (1.49396,0)         (-0.521718,0)       (-0.2,0)            (0.3,0)             
(0.949149,0)        (0.137811,0)        (-0.0717812,0)      (1.53915,0)         (-0.468092,0)       (-0.12,0)           (0.3,0)             
(0.677165,0)        (-0.110145,0)       (-0.0409859,0)      (1.55312,0)         (-0.348065,0)       (-0.19,0)           (0.31,0)            
(0.771097,0)        (-0.0568416,0)      (-0.0551685,0)      (1.31752,0)         (-0.254772,0)       (-0.12,0)           (0.28,0)            
(0.687911,0)        (-0.0101857,0)      (-0.0763724,0)      (1.55258,0)         (-0.312936,0)       (-0.13,0)           (0.35,0)            
(1.01775,0)         (0.226021,0)        (-0.0597239,0)      (0.966403,0)        (-0.374444,0)       (-0.05,0)           (0.2,0)             
(0.829553,0)        (0.119538,0)        (-0.0582092,0)      (1.12486,0)         (-0.338922,0)       (-0.09,0)           (0.25,0)            
(0.968038,0)        (0.159727,0)        (-0.0250364,0)      (1.06007,0)         (-0.475986,0)       (-0.13,0)           (0.18,0)            
(0.824648,0)        (0.0663269,0)       (-0.0505805,0)      (1.49397,0)         (-0.460117,0)       (-0.16,0)           (0.29,0)            
(0.691407,0)        (0.0144019,0)       (-0.0633632,0)      (1.51752,0)         (-0.371461,0)       (-0.15,0)           (0.33,0)            
(0.805162,0)        (0.0507487,0)       (-0.0503458,0)      (1.5481,0)          (-0.46707,0)        (-0.17,0)           (0.3,0)             
(0.776341,0)        (0.0610676,0)       (-0.0371151,0)      (1.24601,0)         (-0.408191,0)       (-0.15,0)           (0.25,0)            
(0.659427,0)        (-0.0324015,0)      (-0.0357071,0)      (1.5708,0)          (-0.449913,0)       (-0.21,0)           (0.31,0)            
(0.694903,0)        (0.0389895,0)       (-0.0503539,0)      (1.48246,0)         (-0.429986,0)       (-0.17,0)           (0.31,0)            
(0.858375,0)        (0.109219,0)        (-0.0714399,0)      (1.42694,0)         (-0.397801,0)       (-0.11,0)           (0.3,0)             
(0.849039,0)        (0.167527,0)        (-0.059028,0)       (1.06316,0)         (-0.358221,0)       (-0.08,0)           (0.24,0)            
(0.725134,0)        (0.0897047,0)       (-0.0848067,0)      (1.44292,0)         (-0.335398,0)       (-0.1,0)            (0.34,0)            
(0.95755,0)         (0.215609,0)        (-0.0664007,0)      (1.13497,0)         (-0.405422,0)       (-0.07,0)           (0.24,0)            
(0.925571,0)        (0.168806,0)        (-0.0387446,0)      (1.18825,0)         (-0.483873,0)       (-0.13,0)           (0.22,0)            
(0.746368,0)        (0.166193,0)        (-0.0794131,0)      (1.35991,0)         (-0.397086,0)       (-0.1,0)            (0.32,0)            
(0.732126,0)        (-0.0231757,0)      (-0.0558675,0)      (1.41065,0)         (-0.321184,0)       (-0.14,0)           (0.3,0)             
(0.82431,0)         (0.0664506,0)       (-0.0774309,0)      (1.18123,0)         (-0.238008,0)       (-0.06,0)           (0.28,0)            
(0.80832,0)         (0.205104,0)        (-0.0665237,0)      (1.17003,0)         (-0.408497,0)       (-0.09,0)           (0.27,0)            
(0.80832,0)         (0.172693,0)        (-0.0659395,0)      (1.17759,0)         (-0.382245,0)       (-0.09,0)           (0.27,0)            
(0.760609,0)        (0.0314513,0)       (-0.097117,0)       (1.38486,0)         (-0.21046,0)        (-0.06,0)           (0.34,0)            
(0.753359,0)        (0.053313,0)        (-0.0504738,0)      (1.32763,0)         (-0.382872,0)       (-0.14,0)           (0.28,0)            
(0.945057,0)        (0.151973,0)        (-0.0383951,0)      (1.14169,0)         (-0.450667,0)       (-0.12,0)           (0.21,0)            
(0.803414,0)        (0.0222494,0)       (-0.0565583,0)      (1.56941,0)         (-0.424682,0)       (-0.16,0)           (0.31,0)            
(0.79233,0)         (0.149292,0)        (-0.0521115,0)      (1.20424,0)         (-0.421471,0)       (-0.12,0)           (0.26,0)            
(0.81706,0)         (0.120723,0)        (-0.0313719,0)      (1.11644,0)         (-0.436673,0)       (-0.14,0)           (0.22,0)            
(0.758603,0)        (0.138811,0)        (-0.0318362,0)      (1.26369,0)         (-0.510039,0)       (-0.17,0)           (0.25,0)            
(0.865029,0)        (0.22334,0)         (-0.0734402,0)      (1.02895,0)         (-0.345247,0)       (-0.05,0)           (0.25,0)            
(0.73737,0)         (0.127145,0)        (-0.0383982,0)      (1.33157,0)         (-0.500857,0)       (-0.17,0)           (0.27,0)            
(0.719632,0)        (0.0428324,0)       (-0.0301985,0)      (1.38709,0)         (-0.471441,0)       (-0.19,0)           (0.27,0)            
(0.652436,0)        (-0.0491656,0)      (-0.0623096,0)      (1.63335,0)         (-0.359116,0)       (-0.17,0)           (0.35,0)            
(0.866777,0)        (0.28425,0)         (-0.0678119,0)      (1.00006,0)         (-0.413889,0)       (-0.06,0)           (0.24,0)            
(0.927319,0)        (0.132483,0)        (-0.0313637,0)      (1.18208,0)         (-0.473757,0)       (-0.14,0)           (0.21,0)            
(0.584981,0)        (-0.134949,0)       (-0.0205908,0)      (1.7674,0)          (-0.483747,0)       (-0.27,0)           (0.33,0)            
(0.753359,0)        (0.182957,0)        (-0.0528105,0)      (1.29736,0)         (-0.487883,0)       (-0.14,0)           (0.28,0)            
(0.863281,0)        (0.19484,0)         (-0.0796528,0)      (1.05026,0)         (-0.302858,0)       (-0.04,0)           (0.26,0)            
(0.827806,0)        (0.0910382,0)       (-0.0644217,0)      (1.14617,0)         (-0.296533,0)       (-0.08,0)           (0.26,0)            
(0.810068,0)        (0.168782,0)        (-0.0591428,0)      (1.16385,0)         (-0.398381,0)       (-0.1,0)            (0.26,0)            
(0.677165,0)        (0.116733,0)        (-0.0450751,0)      (1.50014,0)         (-0.531834,0)       (-0.19,0)           (0.31,0)            
(0.556756,0)        (0.0310873,0)       (-0.0572604,0)      (1.85242,0)         (-0.541284,0)       (-0.23,0)           (0.39,0)            
(0.831301,0)        (0.180448,0)        (-0.0525808,0)      (1.09597,0)         (-0.407563,0)       (-0.1,0)            (0.24,0)            
(1.30956,0)         (0.0356753,0)       (-0.055725,0)       (1.317,0)           (-0.342088,0)       (-0.07,0)           (0.19,0)            
(0.934569,0)        (0.175443,0)        (-0.0791753,0)      (1.22416,0)         (-0.35385,0)        (-0.06,0)           (0.27,0)            
(0.907833,0)        (0.0844933,0)       (-0.0305449,0)      (1.24378,0)         (-0.454458,0)       (-0.15,0)           (0.22,0)            
(0.87061,0)         (0.146659,0)        (-0.0250314,0)      (1.31559,0)         (-0.56326,0)        (-0.18,0)           (0.23,0)            
(0.730378,0)        (0.0779694,0)       (-0.0644167,0)      (1.40169,0)         (-0.383806,0)       (-0.13,0)           (0.31,0)            
(0.772845,0)        (0.133713,0)        (-0.0518768,0)      (1.25837,0)         (-0.428424,0)       (-0.13,0)           (0.27,0)            
(0.834797,0)        (0.205036,0)        (-0.0395716,0)      (1.06091,0)         (-0.466088,0)       (-0.12,0)           (0.22,0)            
(0.774593,0)        (0.129802,0)        (-0.0450801,0)      (1.24462,0)         (-0.44456,0)        (-0.14,0)           (0.26,0)            
(0.810068,0)        (0.168782,0)        (-0.0591428,0)      (1.16385,0)         (-0.398381,0)       (-0.1,0)            (0.26,0)            
(0.863281,0)        (0.292074,0)        (-0.0814053,0)      (1.02755,0)         (-0.381617,0)       (-0.04,0)           (0.26,0)            
(0.978784,0)        (0.124229,0)        (-0.0571709,0)      (1.03861,0)         (-0.313605,0)       (-0.07,0)           (0.22,0)            
(0.740865,0)        (0.151732,0)        (-0.025389,0)       (1.29651,0)         (-0.559382,0)       (-0.19,0)           (0.25,0)            
(0.772845,0)        (0.133713,0)        (-0.0518768,0)      (1.25837,0)         (-0.428424,0)       (-0.13,0)           (0.27,0)            
(0.833049,0)        (0.241358,0)        (-0.0469525,0)      (1.06709,0)         (-0.476205,0)       (-0.11,0)           (0.23,0)            
(0.730378,0)        (-0.0308906,0)      (-0.0608337,0)      (1.322,0)           (-0.260566,0)       (-0.13,0)           (0.31,0)            
(0.714388,0)        (0.0221566,0)       (-0.0500044,0)      (1.4359,0)          (-0.39678,0)        (-0.16,0)           (0.3,0)             
(0.80832,0)         (0.205104,0)        (-0.0665237,0)      (1.17003,0)         (-0.408497,0)       (-0.09,0)           (0.27,0)            
(0.824648,0)        (0.131149,0)        (-0.0517488,0)      (1.47883,0)         (-0.512622,0)       (-0.16,0)           (0.29,0)            
(0.90259,0)         (0.193462,0)        (-0.0526875,0)      (1.26231,0)         (-0.484808,0)       (-0.12,0)           (0.25,0)            
(0.675417,0)        (0.120645,0)        (-0.0518718,0)      (1.51389,0)         (-0.515698,0)       (-0.18,0)           (0.32,0)            
(0.801666,0)        (0.0909834,0)       (-0.0645233,0)      (1.56802,0)         (-0.461051,0)       (-0.15,0)           (0.32,0)            
(0.859526,0)        (0.176467,0)        (-0.018832,0)       (0.973116,0)        (-0.48129,0)        (-0.14,0)           (0.18,0)            
(1.151,0)           (0.245535,0)        (-0.046357,0)       (0.950422,0)        (-0.436847,0)       (-0.06,0)           (0.16,0)            
(0.810068,0)        (0.233604,0)        (-0.0603112,0)      (1.14871,0)         (-0.450886,0)       (-0.1,0)            (0.26,0)            
(0.852535,0)        (0.159703,0)        (-0.0454346,0)      (1.03566,0)         (-0.390493,0)       (-0.1,0)            (0.22,0)            
(1.01775,0)         (0.19361,0)         (-0.0591397,0)      (0.973971,0)        (-0.348191,0)       (-0.05,0)           (0.2,0)             
(0.909243,0)        (0.275172,0)        (-0.0541037,0)      (0.87188,0)         (-0.406001,0)       (-0.06,0)           (0.2,0)             
(0.753359,0)        (0.0209018,0)       (-0.0498896,0)      (1.3352,0)          (-0.35662,0)        (-0.14,0)           (0.28,0)            
(0.783929,0)        (-0.058151,0)       (-0.0551553,0)      (1.63868,0)         (-0.37913,0)        (-0.17,0)           (0.32,0)            
(0.835056,0)        (0.296054,0)        (-0.115154,0)       (1.15041,0)         (-0.30789,0)        (0,0)               (0.32,0)            
(0.696651,0)        (-0.0297445,0)      (-0.0423889,0)      (1.48385,0)         (-0.393617,0)       (-0.18,0)           (0.3,0)             
(0.694903,0)        (-0.0258327,0)      (-0.0491856,0)      (1.4976,0)          (-0.377481,0)       (-0.17,0)           (0.31,0)            
(0.783591,0)        (0.0333926,0)       (-0.082843,0)       (1.25204,0)         (-0.213538,0)       (-0.07,0)           (0.31,0)            
(0.698657,0)        (0.0897736,0)       (-0.111759,0)       (1.55204,0)         (-0.277807,0)       (-0.07,0)           (0.39,0)            
(0.895598,0)        (0.144287,0)        (-0.0787059,0)      (1.33243,0)         (-0.367757,0)       (-0.08,0)           (0.29,0)            
(0.811816,0)        (0.0676364,0)       (-0.0505936,0)      (1.17281,0)         (-0.335759,0)       (-0.11,0)           (0.25,0)            
