62
e_L                 onsite              nnhop               ospair              nnJastrow           
(1.05637,0)         (0.184448,0)        (-0.816993,0)       (0.33278,0)         (0.3,0)             
(1.04993,0)         (0.456201,0)        (-0.967499,0)       (0.14541,0)         (0.38,0)            
(1.04511,0)         (0.413077,0)        (-1.05792,0)        (0.24869,0)         (0.44,0)            
(1.03866,0)         (0.664967,0)        (-1.23211,0)        (0.0973322,0)       (0.52,0)            
(1.05884,0)         (0.200744,0)        (-0.781226,0)       (0.292724,0)        (0.27,0)            
(1.04272,0)         (0.556276,0)        (-1.14784,0)        (0.156788,0)        (0.47,0)            
(1.04111,0)         (0.633659,0)        (-1.18976,0)        (0.102825,0)        (0.49,0)            
(1.04029,0)         (0.659661,0)        (-1.20265,0)        (0.0839247,0)       (0.5,0)             
(1.04677,0)         (0.568554,0)        (-1.0884,0)         (0.105699,0)        (0.42,0)            
(1.04516,0)         (0.550512,0)        (-1.1197,0)         (0.14471,0)         (0.44,0)            
(1.04912,0)         (0.410016,0)        (-0.969218,0)       (0.194819,0)        (0.39,0)            
(1.04755,0)         (0.4795,0)          (-1.04095,0)        (0.168304,0)        (0.41,0)            
(1.06046,0)         (0.257583,0)        (-0.776056,0)       (0.229952,0)        (0.25,0)            
(1.04837,0)         (0.502337,0)        (-1.04107,0)        (0.144499,0)        (0.4,0)             
(1.04515,0)         (0.462877,0)        (-1.08056,0)        (0.211176,0)        (0.44,0)            
(1.03624,0)         (0.696166,0)        (-1.27574,0)        (0.0927781,0)       (0.55,0)            
(1.0403,0)          (0.563055,0)        (-1.18497,0)        (0.173586,0)        (0.5,0)             
(1.04675,0)         (0.507643,0)        (-1.07053,0)        (0.157907,0)        (0.42,0)            
(1.04755,0)         (0.503919,0)        (-1.04746,0)        (0.146951,0)        (0.41,0)            
(1.04756,0)         (0.503865,0)        (-1.0481,0)         (0.147421,0)        (0.41,0)            
(1.0508,0)          (0.384821,0)        (-0.967107,0)       (0.219811,0)        (0.37,0)            
(1.04673,0)         (0.505502,0)        (-1.05384,0)        (0.149403,0)        (0.42,0)            
(1.04914,0)         (0.376682,0)        (-0.983542,0)       (0.238898,0)        (0.39,0)            
(1.05238,0)         (0.367194,0)        (-0.932325,0)       (0.215865,0)        (0.35,0)            
(1.04754,0)         (0.428768,0)        (-1.01171,0)        (0.202546,0)        (0.41,0)            
(1.04592,0)         (0.520337,0)        (-1.07214,0)        (0.145666,0)        (0.43,0)            
(1.04591,0)         (0.469303,0)        (-1.04308,0)        (0.180337,0)        (0.43,0)            
(1.05799,0)         (0.224604,0)        (-0.77742,0)        (0.265321,0)        (0.28,0)            
(1.05315,0)         (0.326979,0)        (-0.897886,0)       (0.235765,0)        (0.34,0)            
(1.04191,0)         (0.606642,0)        (-1.16788,0)        (0.117004,0)        (0.48,0)            
(1.05078,0)         (0.422355,0)        (-0.983787,0)       (0.191289,0)        (0.37,0)            
(1.04992,0)         (0.275391,0)        (-0.933159,0)       (0.312414,0)        (0.38,0)            
(1.03947,0)         (0.650132,0)        (-1.2138,0)         (0.10107,0)         (0.51,0)            
(1.04593,0)         (0.521408,0)        (-1.08049,0)        (0.149917,0)        (0.43,0)            
(1.04835,0)         (0.474651,0)        (-1.01016,0)        (0.153566,0)        (0.4,0)             
(1.04271,0)         (0.592932,0)        (-1.15728,0)        (0.124524,0)        (0.47,0)            
(1.04595,0)         (0.496879,0)        (-1.07527,0)        (0.172208,0)        (0.43,0)            
(1.04512,0)         (0.498517,0)        (-1.08101,0)        (0.174191,0)        (0.44,0)            
(1.04914,0)         (0.364445,0)        (-0.98061,0)        (0.249809,0)        (0.39,0)            
(1.04751,0)         (0.440812,0)        (-1.01353,0)        (0.191125,0)        (0.41,0)            
(1.03705,0)         (0.656911,0)        (-1.25093,0)        (0.117868,0)        (0.54,0)            
(1.0572,0)          (0.24051,0)         (-0.804072,0)       (0.265835,0)        (0.29,0)            
(1.04431,0)         (0.524464,0)        (-1.09454,0)        (0.15576,0)         (0.45,0)            
(1.04107,0)         (0.61939,0)         (-1.16885,0)        (0.104294,0)        (0.49,0)            
(1.05322,0)         (0.317789,0)        (-0.921918,0)       (0.260839,0)        (0.34,0)            
(1.03626,0)         (0.709419,0)        (-1.28766,0)        (0.0865882,0)       (0.55,0)            
(1.04996,0)         (0.459413,0)        (-0.992542,0)       (0.158165,0)        (0.38,0)            
(1.0556,0)          (0.29342,0)         (-0.840119,0)       (0.233694,0)        (0.31,0)            
(1.0467,0)          (0.454522,0)        (-1.02413,0)        (0.183605,0)        (0.42,0)            
(1.04428,0)         (0.474664,0)        (-1.0719,0)         (0.193275,0)        (0.45,0)            
(1.05398,0)         (0.310908,0)        (-0.873155,0)       (0.23666,0)         (0.33,0)            
(1.04668,0)         (0.441324,0)        (-1.01157,0)        (0.189326,0)        (0.42,0)            
(1.05559,0)         (0.248013,0)        (-0.84959,0)        (0.287276,0)        (0.31,0)            
(1.04754,0)         (0.561618,0)        (-1.04028,0)        (0.0819887,0)       (0.41,0)            
(1.0467,0)          (0.417921,0)        (-1.01405,0)        (0.215399,0)        (0.42,0)            
(1.05718,0)         (0.179544,0)        (-0.786846,0)       (0.318512,0)        (0.29,0)            
(1.05478,0)         (0.297253,0)        (-0.861918,0)       (0.24371,0)         (0.32,0)            
(1.0547,0)          (0.183276,0)        (-0.797008,0)       (0.321147,0)        (0.32,0)            
(1.05153,0)         (0.378872,0)        (-0.924945,0)       (0.198903,0)        (0.36,0)            
(1.04996,0)         (0.349555,0)        (-0.962946,0)       (0.254016,0)        (0.38,0)            
(1.04511,0)         (0.486335,0)        (-1.07744,0)        (0.184633,0)        (0.44,0)            
(1.05075,0)         (0.347011,0)        (-0.946934,0)       (0.246374,0)        (0.37,0)            
(1.04591,0)         (0.495973,0)        (-1.065,0)          (0.166549,0)        (0.43,0)            
(1.04915,0)         (0.279253,0)        (-0.957985,0)       (0.324349,0)        (0.39,0)            
(1.04595,0)         (0.546843,0)        (-1.09599,0)        (0.133286,0)        (0.43,0)            
(1.05156,0)         (0.355414,0)        (-0.928068,0)       (0.225446,0)        (0.36,0)            
(1.03789,0)         (0.632228,0)        (-1.24685,0)        (0.141061,0)        (0.53,0)            
(1.04511,0)         (0.52074,0)         (-1.07146,0)        (0.144805,0)        (0.44,0)            
(1.05154,0)         (0.377692,0)        (-0.917878,0)       (0.19559,0)         (0.36,0)            
(1.04836,0)         (0.452428,0)        (-1.01971,0)        (0.182952,0)        (0.4,0)             
(1.04909,0)         (0.325866,0)        (-0.951913,0)       (0.271692,0)        (0.39,0)            
(1.0508,0)          (0.435608,0)        (-0.995708,0)       (0.185099,0)        (0.37,0)            
(1.04666,0)         (0.367051,0)        (-0.983064,0)       (0.248662,0)        (0.42,0)            
(1.04835,0)         (0.451357,0)        (-1.01136,0)        (0.178701,0)        (0.4,0)             
(1.0395,0)          (0.662205,0)        (-1.21866,0)        (0.0915672,0)       (0.51,0)            
(1.04507,0)         (0.422157,0)        (-1.03517,0)        (0.224555,0)        (0.44,0)            
(1.05159,0)         (0.335388,0)        (-0.953673,0)       (0.262866,0)        (0.36,0)            
(1.05644,0)         (0.296229,0)        (-0.865847,0)       (0.247309,0)        (0.3,0)             
(1.04756,0)         (0.492753,0)        (-1.05287,0)        (0.162114,0)        (0.41,0)            
(1.04998,0)         (0.424953,0)        (-0.999159,0)       (0.198462,0)        (0.38,0)            
(1.05397,0)         (0.18917,0)         (-0.83981,0)        (0.342524,0)        (0.33,0)            
(1.05801,0)         (0.262276,0)        (-0.795846,0)       (0.237778,0)        (0.28,0)            
(1.04993,0)         (0.395181,0)        (-0.950914,0)       (0.198556,0)        (0.38,0)            
(1.05157,0)         (0.357611,0)        (-0.944123,0)       (0.23348,0)         (0.36,0)            
(1.05237,0)         (0.364998,0)        (-0.91627,0)        (0.207831,0)        (0.35,0)            
(1.04436,0)         (0.625242,0)        (-1.14689,0)        (0.0840438,0)       (0.45,0)            
(1.04994,0)         (0.433978,0)        (-0.977048,0)       (0.174796,0)        (0.38,0)            
(1.04834,0)         (0.488013,0)        (-1.0208,0)         (0.146437,0)        (0.4,0)             
(1.04837,0)         (0.453499,0)        (-1.02806,0)        (0.187204,0)        (0.4,0)             
(1.04749,0)         (0.404266,0)        (-1.00281,0)        (0.22245,0)         (0.41,0)            
(1.05231,0)         (0.349713,0)        (-0.886372,0)       (0.20458,0)         (0.35,0)            
(1.04592,0)         (0.518086,0)        (-1.05673,0)        (0.138101,0)        (0.43,0)            
(1.04187,0)         (0.554646,0)        (-1.12918,0)        (0.146485,0)        (0.48,0)            
(1.05721,0)         (0.216036,0)        (-0.798206,0)       (0.287656,0)        (0.29,0)            
(1.04674,0)         (0.506573,0)        (-1.06219,0)        (0.153655,0)        (0.42,0)            
(1.04515,0)         (0.560553,0)        (-1.10658,0)        (0.125766,0)        (0.44,0)            
(1.05641,0)         (0.233068,0)        (-0.832566,0)       (0.291952,0)        (0.3,0)             
(1.05394,0)         (0.297765,0)        (-0.859953,0)       (0.241911,0)        (0.33,0)            
(1.04431,0)         (0.550008,0)        (-1.10875,0)        (0.13819,0)         (0.45,0)            
(1.04587,0)         (0.430615,0)        (-1.01566,0)        (0.203158,0)        (0.43,0)            
(1.03704,0)         (0.656966,0)        (-1.25029,0)        (0.117399,0)        (0.54,0)            
(1.05155,0)         (0.404307,0)        (-0.940439,0)       (0.182272,0)        (0.36,0)            
(1.03624,0)         (0.696166,0)        (-1.27574,0)        (0.0927781,0)       (0.55,0)            
(1.0564,0)          (0.256416,0)        (-0.830724,0)       (0.266348,0)        (0.3,0)             
(1.0467,0)          (0.466759,0)        (-1.02706,0)        (0.172694,0)        (0.42,0)            
(1.05071,0)         (0.297266,0)        (-0.923653,0)       (0.283419,0)        (0.37,0)            
(1.04996,0)         (0.446106,0)        (-0.981262,0)       (0.164824,0)        (0.38,0)            
(1.04596,0)         (0.582319,0)        (-1.09836,0)        (0.0977094,0)       (0.43,0)            
(1.05153,0)         (0.257902,0)        (-0.900123,0)       (0.309448,0)        (0.36,0)            
(1.05075,0)         (0.360319,0)        (-0.958214,0)       (0.239714,0)        (0.37,0)            
(1.04107,0)         (0.570552,0)        (-1.15583,0)        (0.146999,0)        (0.49,0)            
(1.04671,0)         (0.466705,0)        (-1.0277,0)         (0.173164,0)        (0.42,0)            
(1.04673,0)         (0.455538,0)        (-1.03312,0)        (0.188326,0)        (0.42,0)            
(1.05314,0)         (0.348076,0)        (-0.880629,0)       (0.202597,0)        (0.34,0)            
(1.04672,0)         (0.430048,0)        (-1.01827,0)        (0.205427,0)        (0.42,0)            
(1.04267,0)         (0.565355,0)        (-1.12509,0)        (0.132653,0)        (0.47,0)            
(1.0532,0)          (0.32901,0)         (-0.915863,0)       (0.245207,0)        (0.34,0)            
(1.04188,0)         (0.593444,0)        (-1.15532,0)        (0.122725,0)        (0.48,0)            
(1.04351,0)         (0.577026,0)        (-1.13063,0)        (0.124011,0)        (0.46,0)            
(1.04754,0)         (0.467318,0)        (-1.03738,0)        (0.178745,0)        (0.41,0)            
(1.04994,0)         (0.397377,0)        (-0.966969,0)       (0.20659,0)         (0.38,0)            
(1.04917,0)         (0.487501,0)        (-1.02277,0)        (0.148237,0)        (0.39,0)            
(1.05236,0)         (0.328397,0)        (-0.906191,0)       (0.239626,0)        (0.35,0)            
(1.04512,0)         (0.461037,0)        (-1.06369,0)        (0.202244,0)        (0.44,0)            
(1.0499,0)          (0.359814,0)        (-0.947261,0)       (0.233194,0)        (0.38,0)            
(1.04995,0)         (0.420616,0)        (-0.966408,0)       (0.181925,0)        (0.38,0)            
(1.04271,0)         (0.604043,0)        (-1.15251,0)        (0.109831,0)        (0.47,0)            
(1.05558,0)         (0.221397,0)        (-0.827028,0)       (0.300595,0)        (0.31,0)            
(1.05802,0)         (0.22669,0)         (-0.794756,0)       (0.274293,0)        (0.28,0)            
(1.04593,0)         (0.567995,0)        (-1.07809,0)        (0.0996478,0)       (0.43,0)            
(1.04916,0)         (0.339916,0)        (-0.975385,0)       (0.2721,0)          (0.39,0)            
(1.06125,0)         (0.1696,0)          (-0.736953,0)       (0.296809,0)        (0.24,0)            
(1.04187,0)         (0.591247,0)        (-1.13926,0)        (0.114691,0)        (0.48,0)            
(1.0451,0)          (0.508557,0)        (-1.06789,0)        (0.155246,0)        (0.44,0)            
(1.05073,0)         (0.308214,0)        (-0.920799,0)       (0.270134,0)        (0.37,0)            
(1.03787,0)         (0.584323,0)        (-1.24044,0)        (0.187038,0)        (0.53,0)            
(1.04833,0)         (0.450341,0)        (-1.00238,0)        (0.17398,0)         (0.4,0)             
(1.05156,0)         (0.415364,0)        (-0.936305,0)       (0.168048,0)        (0.36,0)            
(1.04911,0)         (0.267235,0)        (-0.95249,0)        (0.333382,0)        (0.39,0)            
(1.04915,0)         (0.42434,0)         (-0.989487,0)       (0.19288,0)         (0.39,0)            
(1.04426,0)         (0.436992,0)        (-1.05347,0)        (0.220817,0)        (0.45,0)            
(1.04189,0)         (0.593389,0)        (-1.15596,0)        (0.123194,0)        (0.48,0)            
(1.05158,0)         (0.370918,0)        (-0.955404,0)       (0.226821,0)        (0.36,0)            
(1.05074,0)         (0.393653,0)        (-0.94389,0)        (0.195635,0)        (0.37,0)            
(1.04669,0)         (0.442395,0)        (-1.01992,0)        (0.193577,0)        (0.42,0)            
(1.04834,0)         (0.341499,0)        (-0.981768,0)       (0.274552,0)        (0.4,0)             
(1.05075,0)         (0.393598,0)        (-0.94453,0)        (0.196104,0)        (0.37,0)            
(1.04272,0)         (0.603988,0)        (-1.15315,0)        (0.110301,0)        (0.47,0)            
(1.05317,0)         (0.351343,0)        (-0.905032,0)       (0.214882,0)        (0.34,0)            
(1.05807,0)         (0.230973,0)        (-0.828147,0)       (0.2913,0)          (0.28,0)            
(1.0459,0)          (0.434953,0)        (-1.04841,0)        (0.219695,0)        (0.43,0)            
(1.05157,0)         (0.35536,0)         (-0.928709,0)       (0.225916,0)        (0.36,0)            
(1.05155,0)         (0.379888,0)        (-0.933934,0)       (0.203624,0)        (0.36,0)            
(1.04028,0)         (0.598641,0)        (-1.18606,0)        (0.137071,0)        (0.5,0)             
(1.03783,0)         (0.578914,0)        (-1.19934,0)        (0.16625,0)         (0.53,0)            
(1.04678,0)         (0.557443,0)        (-1.09318,0)        (0.120392,0)        (0.42,0)            
(1.04428,0)         (0.533434,0)        (-1.07307,0)        (0.132564,0)        (0.45,0)            
(1.05402,0)         (0.326302,0)        (-0.901772,0)       (0.238973,0)        (0.33,0)            
(1.04269,0)         (0.541952,0)        (-1.12757,0)        (0.158726,0)        (0.47,0)            
(1.0459,0)          (0.493777,0)        (-1.04894,0)        (0.158515,0)        (0.43,0)            
(1.04355,0)         (0.553513,0)        (-1.13439,0)        (0.151023,0)        (0.46,0)            
(1.04831,0)         (0.376068,0)        (-0.97387,0)        (0.233316,0)        (0.4,0)             
(1.0467,0)          (0.480067,0)        (-1.03834,0)        (0.166035,0)        (0.42,0)            
(1.04511,0)         (0.509628,0)        (-1.07623,0)        (0.159498,0)        (0.44,0)            
(1.05079,0)         (0.400132,0)        (-0.993337,0)       (0.220675,0)        (0.37,0)            
(1.04995,0)         (0.360666,0)        (-0.958171,0)       (0.239323,0)        (0.38,0)            
(1.06125,0)         (0.158488,0)        (-0.741728,0)       (0.311502,0)        (0.24,0)            
(1.04188,0)         (0.580136,0)        (-1.14404,0)        (0.129384,0)        (0.48,0)            
(1.05079,0)         (0.493306,0)        (-0.988531,0)       (0.120136,0)        (0.37,0)            
(1.0564,0)          (0.267527,0)        (-0.825949,0)       (0.251655,0)        (0.3,0)             
(1.0516,0)          (0.431884,0)        (-0.972629,0)       (0.174143,0)        (0.36,0)            
(1.0483,0)          (0.436018,0)        (-0.982107,0)       (0.175918,0)        (0.4,0)             
(1.05073,0)         (0.307088,0)        (-0.913092,0)       (0.266352,0)        (0.37,0)            
(1.05642,0)         (0.340675,0)        (-0.846748,0)       (0.188536,0)        (0.3,0)             
(1.05471,0)         (0.197654,0)        (-0.816637,0)       (0.31874,0)         (0.32,0)            
(1.04106,0)         (0.617194,0)        (-1.15279,0)        (0.0962602,0)       (0.49,0)            
(1.0467,0)          (0.428978,0)        (-1.00992,0)        (0.201175,0)        (0.42,0)            
(1.04267,0)         (0.504335,0)        (-1.10851,0)        (0.185799,0)        (0.47,0)            
(1.04756,0)         (0.467511,0)        (-1.03848,0)        (0.179256,0)        (0.41,0)            
(1.054,0)           (0.326412,0)        (-0.900491,0)       (0.238034,0)        (0.33,0)            
(1.0515,0)          (0.266927,0)        (-0.878012,0)       (0.285782,0)        (0.36,0)            
(1.04108,0)         (0.643755,0)        (-1.17599,0)        (0.0834109,0)       (0.49,0)            
(1.04595,0)         (0.510242,0)        (-1.08591,0)        (0.16508,0)         (0.43,0)            
(1.04911,0)         (0.264682,0)        (-0.93725,0)        (0.326246,0)        (0.39,0)            
(1.03867,0)         (0.65048,0)         (-1.21376,0)        (0.100679,0)        (0.52,0)            
(1.04998,0)         (0.363878,0)        (-0.983215,0)       (0.252078,0)        (0.38,0)            
(1.05153,0)         (0.330034,0)        (-0.911933,0)       (0.241608,0)        (0.36,0)            
(1.03705,0)         (0.669094,0)        (-1.2545,0)         (0.107427,0)        (0.54,0)            
(1.0531,0)          (0.215143,0)        (-0.849672,0)       (0.321705,0)        (0.34,0)            
(1.05315,0)         (0.350272,0)        (-0.896684,0)       (0.210631,0)        (0.34,0)            
(1.0435,0)          (0.588137,0)        (-1.12585,0)        (0.109317,0)        (0.46,0)            
(1.04268,0)         (0.503457,0)        (-1.10126,0)        (0.182058,0)        (0.47,0)            
(1.0427,0)          (0.518604,0)        (-1.12942,0)        (0.18433,0)         (0.47,0)            
(1.05559,0)         (0.269055,0)        (-0.832973,0)       (0.254577,0)        (0.31,0)            
(1.05397,0)         (0.312088,0)        (-0.880222,0)       (0.239972,0)        (0.33,0)            
(1.04917,0)         (0.413119,0)        (-0.995543,0)       (0.208512,0)        (0.39,0)            
(1.05481,0)         (0.406947,0)        (-0.893436,0)       (0.149267,0)        (0.32,0)            
(1.04347,0)         (0.537212,0)        (-1.09551,0)        (0.14305,0)         (0.46,0)            
(1.05153,0)         (0.332285,0)        (-0.927348,0)       (0.249173,0)        (0.36,0)            
(1.04751,0)         (0.464106,0)        (-1.01233,0)        (0.165991,0)        (0.41,0)            
(1.04752,0)         (0.428575,0)        (-1.0106,0)         (0.202036,0)        (0.41,0)            
(1.0451,0)          (0.449788,0)        (-1.06672,0)        (0.215957,0)        (0.44,0)            
(1.05315,0)         (0.274764,0)        (-0.861752,0)       (0.267124,0)        (0.34,0)            
(1.0443,0)          (0.548937,0)        (-1.1004,0)         (0.133938,0)        (0.45,0)            
(1.03624,0)         (0.718334,0)        (-1.26683,0)        (0.0638612,0)       (0.55,0)            
(1.0395,0)          (0.676638,0)        (-1.23765,0)        (0.08869,0)         (0.51,0)            
(1.05235,0)         (0.365108,0)        (-0.914989,0)       (0.206893,0)        (0.35,0)            
(1.03864,0)         (0.662826,0)        (-1.21541,0)        (0.088829,0)        (0.52,0)            
(1.04506,0)         (0.446631,0)        (-1.04103,0)        (0.202733,0)        (0.44,0)            
(1.04671,0)         (0.443411,0)        (-1.02891,0)        (0.198298,0)        (0.42,0)            
(1.05076,0)         (0.407977,0)        (-0.964159,0)       (0.193696,0)        (0.37,0)            
(1.05317,0)         (0.301379,0)        (-0.884313,0)       (0.253805,0)        (0.34,0)            
(1.05635,0)         (0.216712,0)        (-0.79432,0)        (0.284449,0)        (0.3,0)             
(1.04753,0)         (0.429646,0)        (-1.01895,0)        (0.206288,0)        (0.41,0)            
(1.04593,0)         (0.5081,0)          (-1.06921,0)        (0.156577,0)        (0.43,0)            
(1.04587,0)         (0.371846,0)        (-1.01449,0)        (0.263869,0)        (0.43,0)            
(1.05399,0)         (0.263141,0)        (-0.868491,0)       (0.283616,0)        (0.33,0)            
(1.04428,0)         (0.523502,0)        (-1.08491,0)        (0.15057,0)         (0.45,0)            
(1.05318,0)         (0.291339,0)        (-0.897436,0)       (0.27275,0)         (0.34,0)            
(1.04913,0)         (0.386668,0)        (-0.97106,0)        (0.220423,0)        (0.39,0)            
(1.03947,0)         (0.626838,0)        (-1.215,0)          (0.126205,0)        (0.51,0)            
(1.05075,0)         (0.359193,0)        (-0.950507,0)       (0.235932,0)        (0.37,0)            
(1.05159,0)         (0.419702,0)        (-0.969056,0)       (0.184585,0)        (0.36,0)            
(1.05239,0)         (0.356083,0)        (-0.9371,0)         (0.230558,0)        (0.35,0)            
(1.04352,0)         (0.578096,0)        (-1.13898,0)        (0.128262,0)        (0.46,0)            
(1.04674,0)         (0.41913,0)         (-1.02415,0)        (0.22063,0)         (0.42,0)            
(1.04425,0)         (0.461466,0)        (-1.05934,0)        (0.198996,0)        (0.45,0)            
(1.05473,0)         (0.19867,0)         (-0.825625,0)       (0.32346,0)         (0.32,0)            
(1.04915,0)         (0.460941,0)        (-0.999566,0)       (0.161086,0)        (0.39,0)            
(1.04834,0)         (0.381531,0)        (-1.01433,0)        (0.253636,0)        (0.4,0)             
(1.04351,0)         (0.574775,0)        (-1.11521,0)        (0.116446,0)        (0.46,0)            
(1.04995,0)         (0.314079,0)        (-0.960574,0)       (0.289592,0)        (0.38,0)            
(1.05156,0)         (0.428672,0)        (-0.947586,0)       (0.161389,0)        (0.36,0)            
(1.05637,0)         (0.218854,0)        (-0.811016,0)       (0.292952,0)        (0.3,0)             
(1.0443,0)          (0.463443,0)        (-1.07795,0)        (0.208907,0)        (0.45,0)            
(1.03866,0)         (0.688261,0)        (-1.23091,0)        (0.0721975,0)       (0.52,0)            
(1.04428,0)         (0.465804,0)        (-1.09209,0)        (0.215532,0)        (0.45,0)            
(1.05075,0)         (0.321466,0)        (-0.93272,0)        (0.263944,0)        (0.37,0)            
(1.05314,0)         (0.275944,0)        (-0.868819,0)       (0.270436,0)        (0.34,0)            
(1.05242,0)         (0.359295,0)        (-0.962143,0)       (0.243313,0)        (0.35,0)            
(1.04188,0)         (0.569025,0)        (-1.14881,0)        (0.144077,0)        (0.48,0)            
(1.05236,0)         (0.341759,0)        (-0.916831,0)       (0.232497,0)        (0.35,0)            
(1.04593,0)         (0.555813,0)        (-1.07451,0)        (0.110089,0)        (0.43,0)            
(1.04668,0)         (0.430213,0)        (-1.01634,0)        (0.204019,0)        (0.42,0)            
(1.0403,0)          (0.635187,0)        (-1.19678,0)        (0.105747,0)        (0.5,0)             
(1.05238,0)         (0.343901,0)        (-0.933527,0)       (0.241,0)           (0.35,0)            
(1.04752,0)         (0.477414,0)        (-1.02361,0)        (0.159331,0)        (0.41,0)            
(1.04029,0)         (0.636367,0)        (-1.20385,0)        (0.109059,0)        (0.5,0)             
(1.05643,0)         (0.296284,0)        (-0.865206,0)       (0.24684,0)         (0.3,0)             
(1.03951,0)         (0.617814,0)        (-1.23712,0)        (0.14987,0)         (0.51,0)            
(1.06121,0)         (0.128661,0)        (-0.694123,0)       (0.312066,0)        (0.24,0)            
(1.05561,0)         (0.356636,0)        (-0.87276,0)        (0.188581,0)        (0.31,0)            
(1.04832,0)         (0.390446,0)        (-0.993499,0)       (0.230909,0)        (0.4,0)             
(1.04592,0)         (0.471499,0)        (-1.05913,0)        (0.188371,0)        (0.43,0)            
(1.03783,0)         (0.64106,0)         (-1.22364,0)        (0.116885,0)        (0.53,0)            
(1.04837,0)         (0.513394,0)        (-1.03694,0)        (0.130275,0)        (0.4,0)             
(1.054,0)           (0.311924,0)        (-0.882143,0)       (0.241381,0)        (0.33,0)            
(1.0467,0)          (0.455648,0)        (-1.03184,0)        (0.187387,0)        (0.42,0)            
(1.04185,0)         (0.590232,0)        (-1.13027,0)        (0.10997,0)         (0.48,0)            
(1.0387,0)          (0.667054,0)        (-1.24944,0)        (0.106305,0)        (0.52,0)            
(1.05157,0)         (0.406449,0)        (-0.957135,0)       (0.190775,0)        (0.36,0)            
(1.03704,0)         (0.693567,0)        (-1.26037,0)        (0.085605,0)        (0.54,0)            
(1.04189,0)         (0.556788,0)        (-1.14588,0)        (0.154988,0)        (0.48,0)            
(1.04272,0)         (0.605114,0)        (-1.16085,0)        (0.114083,0)        (0.47,0)            
(1.04996,0)         (0.410575,0)        (-0.979531,0)       (0.20087,0)         (0.38,0)            
(1.05241,0)         (0.403686,0)        (-0.943685,0)       (0.18501,0)         (0.35,0)            
(1.04672,0)         (0.467775,0)        (-1.03605,0)        (0.177415,0)        (0.42,0)            
(1.05401,0)         (0.387378,0)        (-0.917716,0)       (0.185357,0)        (0.33,0)            
(1.04669,0)         (0.465689,0)        (-1.01872,0)        (0.168443,0)        (0.42,0)            
(1.04428,0)         (0.463553,0)        (-1.07667,0)        (0.207968,0)        (0.45,0)            
(1.05074,0)         (0.406961,0)        (-0.955171,0)       (0.188976,0)        (0.37,0)            
(1.03383,0)         (0.714304,0)        (-1.30856,0)        (0.0949243,0)       (0.58,0)            
(1.05078,0)         (0.408992,0)        (-0.973147,0)       (0.198417,0)        (0.37,0)            
(1.05238,0)         (0.355012,0)        (-0.928752,0)       (0.226307,0)        (0.35,0)            
(1.04832,0)         (0.401558,0)        (-0.988724,0)       (0.216216,0)        (0.4,0)             
(1.0467,0)          (0.430103,0)        (-1.01763,0)        (0.204958,0)        (0.42,0)            
(1.0516,0)          (0.396353,0)        (-0.970898,0)       (0.210189,0)        (0.36,0)            
(1.05642,0)         (0.281851,0)        (-0.846218,0)       (0.249717,0)        (0.3,0)             
(1.04668,0)         (0.368067,0)        (-0.992052,0)       (0.253383,0)        (0.42,0)            
(1.04752,0)         (0.452995,0)        (-1.01711,0)        (0.180684,0)        (0.41,0)            
(1.04996,0)         (0.492693,0)        (-0.978859,0)       (0.114555,0)        (0.38,0)            
(1.05069,0)         (0.281763,0)        (-0.896317,0)       (0.282045,0)        (0.37,0)            
(1.05401,0)         (0.289701,0)        (-0.891693,0)       (0.270767,0)        (0.33,0)            
(1.05238,0)         (0.329468,0)        (-0.914538,0)       (0.243877,0)        (0.35,0)            
(1.04268,0)         (0.600831,0)        (-1.12746,0)        (0.0970765,0)       (0.47,0)            
(1.04025,0)         (0.586568,0)        (-1.18121,0)        (0.146574,0)        (0.5,0)             
(1.05235,0)         (0.316269,0)        (-0.901977,0)       (0.249598,0)        (0.35,0)            
(1.05801,0)         (0.16685,0)         (-0.785238,0)       (0.330753,0)        (0.28,0)            
(1.054,0)           (0.325287,0)        (-0.892784,0)       (0.234252,0)        (0.33,0)            
(1.04999,0)         (0.424899,0)        (-0.9998,0)         (0.198931,0)        (0.38,0)            
(1.0564,0)          (0.305254,0)        (-0.843736,0)       (0.223643,0)        (0.3,0)             
(1.0467,0)          (0.490053,0)        (-1.02586,0)        (0.14756,0)         (0.42,0)            
(1.04832,0)         (0.391572,0)        (-1.00121,0)        (0.234691,0)        (0.4,0)             
(1.04993,0)         (0.409614,0)        (-0.969902,0)       (0.195679,0)        (0.38,0)            
(1.04993,0)         (0.385195,0)        (-0.963396,0)       (0.217032,0)        (0.38,0)            
(1.0443,0)          (0.524518,0)        (-1.0939,0)         (0.155291,0)        (0.45,0)            
(1.03542,0)         (0.709985,0)        (-1.28506,0)        (0.0843194,0)       (0.56,0)            
(1.0532,0)          (0.365612,0)        (-0.925942,0)       (0.213413,0)        (0.34,0)            
(1.04511,0)         (0.510754,0)        (-1.08394,0)        (0.16328,0)         (0.44,0)            
(1.05559,0)         (0.221343,0)        (-0.827669,0)       (0.301064,0)        (0.31,0)            
