56
e_L                 onsite              nnhop               ospair              nnJastrow           
(1.04834,0)         (0.330964,0)        (-0.987648,0)       (0.289428,0)        (0.4,0)             
(1.05153,0)         (0.304816,0)        (-0.898342,0)       (0.259305,0)        (0.36,0)            
(1.04754,0)         (0.445126,0)        (-1.04775,0)        (0.208702,0)        (0.41,0)            
(1.05482,0)         (0.399075,0)        (-0.924055,0)       (0.177269,0)        (0.32,0)            
(1.04911,0)         (0.43559,0)         (-0.984236,0)       (0.177806,0)        (0.39,0)            
(1.04429,0)         (0.501258,0)        (-1.09592,0)        (0.180997,0)        (0.45,0)            
(1.05473,0)         (0.235293,0)        (-0.836496,0)       (0.292219,0)        (0.32,0)            
(1.05878,0)         (0.1269,0)          (-0.75205,0)        (0.351244,0)        (0.27,0)            
(1.04107,0)         (0.597205,0)        (-1.17923,0)        (0.134256,0)        (0.49,0)            
(1.04996,0)         (0.4128,0)          (-0.996398,0)       (0.209468,0)        (0.38,0)            
(1.04106,0)         (0.595063,0)        (-1.16253,0)        (0.125749,0)        (0.49,0)            
(1.04025,0)         (0.586605,0)        (-1.18204,0)        (0.147151,0)        (0.5,0)             
(1.04265,0)         (0.576556,0)        (-1.12049,0)        (0.118056,0)        (0.47,0)            
(1.0419,0)          (0.583385,0)        (-1.16991,0)        (0.142715,0)        (0.48,0)            
(1.04586,0)         (0.408531,0)        (-1.02474,0)        (0.232173,0)        (0.43,0)            
(1.04994,0)         (0.290812,0)        (-0.96259,0)        (0.315299,0)        (0.38,0)            
(1.04591,0)         (0.521496,0)        (-1.08067,0)        (0.150015,0)        (0.43,0)            
(1.04754,0)         (0.541624,0)        (-1.0667,0)         (0.119971,0)        (0.41,0)            
(1.04427,0)         (0.474751,0)        (-1.07207,0)        (0.193374,0)        (0.45,0)            
(1.04349,0)         (0.55157,0)         (-1.1166,0)         (0.14168,0)         (0.46,0)            
(1.05152,0)         (0.292634,0)        (-0.894769,0)       (0.269748,0)        (0.36,0)            
(1.04507,0)         (0.484335,0)        (-1.06027,0)        (0.175756,0)        (0.44,0)            
(1.04911,0)         (0.362385,0)        (-0.964079,0)       (0.241398,0)        (0.39,0)            
(1.04832,0)         (0.473665,0)        (-1.00198,0)        (0.149401,0)        (0.4,0)             
(1.05391,0)         (0.258275,0)        (-0.82544,0)        (0.261068,0)        (0.33,0)            
(1.04587,0)         (0.323035,0)        (-1.00229,0)        (0.307146,0)        (0.43,0)            
(1.04751,0)         (0.319815,0)        (-0.990167,0)       (0.302711,0)        (0.41,0)            
(1.05077,0)         (0.399035,0)        (-0.986442,0)       (0.217457,0)        (0.37,0)            
(1.04106,0)         (0.619482,0)        (-1.16903,0)        (0.104395,0)        (0.49,0)            
(1.05396,0)         (0.360952,0)        (-0.894028,0)       (0.197818,0)        (0.33,0)            
(1.06043,0)         (0.0878464,0)       (-0.73837,0)        (0.383287,0)        (0.25,0)            
(1.04994,0)         (0.386239,0)        (-0.973192,0)       (0.222315,0)        (0.38,0)            
(1.04508,0)         (0.508699,0)        (-1.06742,0)        (0.154872,0)        (0.44,0)            
(1.05234,0)         (0.355148,0)        (-0.928273,0)       (0.225926,0)        (0.35,0)            
(1.04749,0)         (0.427589,0)        (-1.00242,0)        (0.197876,0)        (0.41,0)            
(1.05556,0)         (0.244712,0)        (-0.826616,0)       (0.27601,0)         (0.31,0)            
(1.05959,0)         (0.0987008,0)       (-0.723101,0)       (0.362108,0)        (0.26,0)            
(1.0451,0)          (0.473361,0)        (-1.0668,0)         (0.191432,0)        (0.44,0)            
(1.04589,0)         (0.483878,0)        (-1.0616,0)         (0.177088,0)        (0.43,0)            
(1.04994,0)         (0.446189,0)        (-0.981425,0)       (0.164911,0)        (0.38,0)            
(1.05479,0)         (0.299364,0)        (-0.880052,0)       (0.253238,0)        (0.32,0)            
(1.04186,0)         (0.532513,0)        (-1.13892,0)        (0.175977,0)        (0.48,0)            
(1.04267,0)         (0.432181,0)        (-1.09816,0)        (0.254687,0)        (0.47,0)            
(1.0507,0)          (0.356117,0)        (-0.92498,0)        (0.222793,0)        (0.37,0)            
(1.05156,0)         (0.382057,0)        (-0.951434,0)       (0.212686,0)        (0.36,0)            
(1.05154,0)         (0.296725,0)        (-0.927064,0)       (0.286251,0)        (0.36,0)            
(1.04832,0)         (0.452568,0)        (-1.01924,0)        (0.182577,0)        (0.4,0)             
(1.0491,0)          (0.36244,0)         (-0.963438,0)       (0.240929,0)        (0.39,0)            
(1.06201,0)         (0.189297,0)        (-0.712165,0)       (0.260317,0)        (0.23,0)            
(1.05477,0)         (0.249508,0)        (-0.85805,0)        (0.291223,0)        (0.32,0)            
(1.04106,0)         (0.511818,0)        (-1.1555,0)         (0.208291,0)        (0.49,0)            
(1.05158,0)         (0.419675,0)        (-0.970503,0)       (0.185613,0)        (0.36,0)            
(1.04671,0)         (0.517771,0)        (-1.05758,0)        (0.139055,0)        (0.42,0)            
(1.05156,0)         (0.356511,0)        (-0.937219,0)       (0.230256,0)        (0.36,0)            
(1.0435,0)          (0.552641,0)        (-1.12495,0)        (0.145934,0)        (0.46,0)            
(1.05636,0)         (0.183343,0)        (-0.810077,0)       (0.329552,0)        (0.3,0)             
(1.04189,0)         (0.642209,0)        (-1.17043,0)        (0.0815277,0)       (0.48,0)            
(1.05798,0)         (0.139485,0)        (-0.754937,0)       (0.33994,0)         (0.28,0)            
(1.05392,0)         (0.379962,0)        (-0.859423,0)       (0.155665,0)        (0.33,0)            
(1.058,0)           (0.230088,0)        (-0.818672,0)       (0.286193,0)        (0.28,0)            
(1.0459,0)          (0.507117,0)        (-1.06104,0)        (0.152419,0)        (0.43,0)            
(1.04748,0)         (0.475357,0)        (-1.00708,0)        (0.150915,0)        (0.41,0)            
(1.05071,0)         (0.356062,0)        (-0.925621,0)       (0.223263,0)        (0.37,0)            
(1.04834,0)         (0.476878,0)        (-1.02703,0)        (0.162162,0)        (0.4,0)             
(1.05234,0)         (0.354022,0)        (-0.920564,0)       (0.222142,0)        (0.35,0)            
(1.05396,0)         (0.287693,0)        (-0.874512,0)       (0.26188,0)         (0.33,0)            
(1.05072,0)         (0.344896,0)        (-0.931039,0)       (0.238428,0)        (0.37,0)            
(1.04109,0)         (0.586038,0)        (-1.18464,0)        (0.149422,0)        (0.49,0)            
(1.04351,0)         (0.530418,0)        (-1.1345,0)         (0.175326,0)        (0.46,0)            
(1.05476,0)         (0.28622,0)         (-0.866848,0)       (0.258488,0)        (0.32,0)            
(1.04109,0)         (0.610458,0)        (-1.19115,0)        (0.128068,0)        (0.49,0)            
(1.04351,0)         (0.602552,0)        (-1.14631,0)        (0.10748,0)         (0.46,0)            
(1.04915,0)         (0.45093,0)         (-1.0135,0)         (0.180594,0)        (0.39,0)            
(1.04751,0)         (0.501864,0)        (-1.03093,0)        (0.138537,0)        (0.41,0)            
(1.05075,0)         (0.444607,0)        (-0.975042,0)       (0.162458,0)        (0.37,0)            
(1.04593,0)         (0.523583,0)        (-1.09801,0)        (0.158991,0)        (0.43,0)            
(1.0451,0)          (0.581849,0)        (-1.08822,0)        (0.091749,0)        (0.44,0)            
(1.06123,0)         (0.145143,0)        (-0.73187,0)        (0.319177,0)        (0.24,0)            
(1.04507,0)         (0.496572,0)        (-1.06321,0)        (0.164844,0)        (0.44,0)            
(1.04427,0)         (0.547955,0)        (-1.09223,0)        (0.129782,0)        (0.45,0)            
(1.04914,0)         (0.438803,0)        (-1.00929,0)        (0.190566,0)        (0.39,0)            
(1.04831,0)         (0.390475,0)        (-0.994309,0)       (0.231473,0)        (0.4,0)             
(1.03784,0)         (0.679898,0)        (-1.25061,0)        (0.0937044,0)       (0.53,0)            
(1.05153,0)         (0.343368,0)        (-0.924015,0)       (0.235506,0)        (0.36,0)            
(1.04912,0)         (0.437786,0)        (-1.0003,0)         (0.185843,0)        (0.39,0)            
(1.05315,0)         (0.264801,0)        (-0.875031,0)       (0.286156,0)        (0.34,0)            
(1.04828,0)         (0.436156,0)        (-0.981628,0)       (0.175535,0)        (0.4,0)             
(1.05236,0)         (0.377206,0)        (-0.92064,0)        (0.197943,0)        (0.35,0)            
(1.04751,0)         (0.443039,0)        (-1.0304,0)         (0.199725,0)        (0.41,0)            
(1.05155,0)         (0.416517,0)        (-0.944812,0)       (0.172383,0)        (0.36,0)            
(1.05314,0)         (0.252921,0)        (-0.871283,0)       (0.296169,0)        (0.34,0)            
(1.04588,0)         (0.44615,0)         (-1.04381,0)        (0.2051,0)          (0.43,0)            
(1.05155,0)         (0.394294,0)        (-0.954367,0)       (0.201775,0)        (0.36,0)            
(1.04587,0)         (0.42184,0)         (-1.03602,0)        (0.225515,0)        (0.43,0)            
(1.04831,0)         (0.451552,0)        (-1.01025,0)        (0.177854,0)        (0.4,0)             
(1.04268,0)         (0.579769,0)        (-1.14555,0)        (0.130817,0)        (0.47,0)            
(1.05236,0)         (0.378332,0)        (-0.92835,0)        (0.201727,0)        (0.35,0)            
(1.05239,0)         (0.369308,0)        (-0.950469,0)       (0.225399,0)        (0.35,0)            
(1.04751,0)         (0.430857,0)        (-1.02683,0)        (0.210167,0)        (0.41,0)            
(1.05395,0)         (0.226726,0)        (-0.857288,0)       (0.31456,0)         (0.33,0)            
(1.05236,0)         (0.379458,0)        (-0.93606,0)        (0.205511,0)        (0.35,0)            
(1.03622,0)         (0.708499,0)        (-1.27887,0)        (0.0819786,0)       (0.55,0)            
(1.0596,0)          (0.221568,0)        (-0.764153,0)       (0.26002,0)         (0.26,0)            
(1.04268,0)         (0.480965,0)        (-1.11181,0)        (0.212448,0)        (0.47,0)            
(1.04751,0)         (0.441913,0)        (-1.02269,0)        (0.195941,0)        (0.41,0)            
(1.04348,0)         (0.539443,0)        (-1.11238,0)        (0.151653,0)        (0.46,0)            
(1.04746,0)         (0.304584,0)        (-0.959622,0)       (0.298984,0)        (0.41,0)            
(1.04348,0)         (0.562737,0)        (-1.11118,0)        (0.126515,0)        (0.46,0)            
(1.04106,0)         (0.560657,0)        (-1.16851,0)        (0.165583,0)        (0.49,0)            
(1.04753,0)         (0.490643,0)        (-1.03699,0)        (0.154172,0)        (0.41,0)            
(1.04669,0)         (0.418005,0)        (-1.01422,0)        (0.215494,0)        (0.42,0)            
(1.04432,0)         (0.588786,0)        (-1.13635,0)        (0.115469,0)        (0.45,0)            
(1.05394,0)         (0.283602,0)        (-0.842217,0)       (0.245376,0)        (0.33,0)            
(1.05075,0)         (0.359165,0)        (-0.951953,0)       (0.236963,0)        (0.37,0)            
(1.0459,0)          (0.532607,0)        (-1.07589,0)        (0.135319,0)        (0.43,0)            
(1.04592,0)         (0.51033,0)         (-1.08609,0)        (0.16518,0)         (0.43,0)            
(1.05235,0)         (0.379513,0)        (-0.935419,0)       (0.205041,0)        (0.35,0)            
(1.05562,0)         (0.337706,0)        (-0.907517,0)       (0.230811,0)        (0.31,0)            
(1.04994,0)         (0.375182,0)        (-0.977329,0)       (0.236541,0)        (0.38,0)            
(1.04993,0)         (0.32302,0)         (-0.940548,0)       (0.267427,0)        (0.38,0)            
(1.04913,0)         (0.414438,0)        (-1.00214,0)        (0.211451,0)        (0.39,0)            
(1.0427,0)          (0.556311,0)        (-1.14867,0)        (0.157363,0)        (0.47,0)            
(1.04345,0)         (0.42862,0)         (-1.07316,0)        (0.242319,0)        (0.46,0)            
(1.04752,0)         (0.418565,0)        (-1.02454,0)        (0.221549,0)        (0.41,0)            
(1.0467,0)          (0.527812,0)        (-1.04446,0)        (0.120106,0)        (0.42,0)            
(1.03945,0)         (0.661337,0)        (-1.20922,0)        (0.0864808,0)       (0.51,0)            
(1.04911,0)         (0.340217,0)        (-0.972993,0)       (0.27032,0)         (0.39,0)            
(1.05149,0)         (0.231474,0)        (-0.876438,0)       (0.321918,0)        (0.36,0)            
(1.04509,0)         (0.450945,0)        (-1.07525,0)        (0.220313,0)        (0.44,0)            
(1.04347,0)         (0.515078,0)        (-1.10524,0)        (0.172538,0)        (0.46,0)            
(1.04588,0)         (0.540451,0)        (-1.0467,0)         (0.108332,0)        (0.43,0)            
(1.04831,0)         (0.426006,0)        (-0.996037,0)       (0.195424,0)        (0.4,0)             
(1.05798,0)         (0.189093,0)        (-0.776473,0)       (0.301914,0)        (0.28,0)            
(1.0451,0)          (0.58292,0)         (-1.09657,0)        (0.0960025,0)       (0.44,0)            
(1.05315,0)         (0.315892,0)        (-0.903461,0)       (0.251016,0)        (0.34,0)            
(1.04834,0)         (0.489115,0)        (-1.02996,0)        (0.15125,0)         (0.4,0)             
(1.04347,0)         (0.573848,0)        (-1.1064,0)         (0.111819,0)        (0.46,0)            
(1.04186,0)         (0.558058,0)        (-1.15313,0)        (0.158407,0)        (0.48,0)            
(1.05153,0)         (0.332256,0)        (-0.928792,0)       (0.250202,0)        (0.36,0)            
(1.04669,0)         (0.40802,0)         (-1.02671,0)        (0.233974,0)        (0.42,0)            
(1.04508,0)         (0.460986,0)        (-1.06212,0)        (0.201364,0)        (0.44,0)            
(1.0459,0)          (0.543719,0)        (-1.07111,0)        (0.120623,0)        (0.43,0)            
(1.05557,0)         (0.294623,0)        (-0.847977,0)       (0.237556,0)        (0.31,0)            
(1.05397,0)         (0.362023,0)        (-0.902379,0)       (0.202071,0)        (0.33,0)            
(1.04506,0)         (0.461096,0)        (-1.06084,0)        (0.200425,0)        (0.44,0)            
(1.04991,0)         (0.409697,0)        (-0.970066,0)       (0.195768,0)        (0.38,0)            
(1.0427,0)          (0.606276,0)        (-1.16939,0)        (0.118439,0)        (0.47,0)            
(1.04992,0)         (0.408516,0)        (-0.962997,0)       (0.192454,0)        (0.38,0)            
(1.05077,0)         (0.45786,0)         (-0.986965,0)       (0.15627,0)         (0.37,0)            
(1.04994,0)         (0.446189,0)        (-0.981425,0)       (0.164911,0)        (0.38,0)            
(1.04751,0)         (0.500738,0)        (-1.02322,0)        (0.134753,0)        (0.41,0)            
(1.04909,0)         (0.433502,0)        (-0.966895,0)       (0.168829,0)        (0.39,0)            
(1.05395,0)         (0.287748,0)        (-0.873872,0)       (0.26141,0)         (0.33,0)            
(1.05236,0)         (0.378332,0)        (-0.92835,0)        (0.201727,0)        (0.35,0)            
(1.04669,0)         (0.514503,0)        (-1.03317,0)        (0.126764,0)        (0.42,0)            
(1.04266,0)         (0.554334,0)        (-1.13005,0)        (0.147448,0)        (0.47,0)            
(1.03787,0)         (0.683111,0)        (-1.27566,0)        (0.106465,0)        (0.53,0)            
(1.03624,0)         (0.745046,0)        (-1.28959,0)        (0.050652,0)        (0.55,0)            
(1.04832,0)         (0.415966,0)        (-1.00916,0)        (0.214373,0)        (0.4,0)             
(1.05075,0)         (0.40913,0)         (-0.972673,0)       (0.198039,0)        (0.37,0)            
(1.04914,0)         (0.462096,0)        (-1.00808,0)        (0.165428,0)        (0.39,0)            
(1.04102,0)         (0.520897,0)        (-1.13274,0)        (0.184149,0)        (0.49,0)            
(1.04995,0)         (0.423912,0)        (-0.991621,0)       (0.194772,0)        (0.38,0)            
(1.0467,0)          (0.468987,0)        (-1.04393,0)        (0.181293,0)        (0.42,0)            
(1.04431,0)         (0.587715,0)        (-1.128,0)          (0.111216,0)        (0.45,0)            
(1.05237,0)         (0.417131,0)        (-0.954489,0)       (0.177968,0)        (0.35,0)            
(1.05074,0)         (0.348109,0)        (-0.95609,0)        (0.251189,0)        (0.37,0)            
(1.0588,0)          (0.201999,0)        (-0.788442,0)       (0.296118,0)        (0.27,0)            
(1.04027,0)         (0.634209,0)        (-1.18862,0)        (0.101598,0)        (0.5,0)             
(1.05153,0)         (0.366662,0)        (-0.92281,0)        (0.210368,0)        (0.36,0)            
(1.04432,0)         (0.563241,0)        (-1.12214,0)        (0.133039,0)        (0.45,0)            
(1.05319,0)         (0.331178,0)        (-0.933366,0)       (0.254273,0)        (0.34,0)            
(1.05317,0)         (0.317979,0)        (-0.920802,0)       (0.259992,0)        (0.34,0)            
(1.04916,0)         (0.488603,0)        (-1.03193,0)        (0.153051,0)        (0.39,0)            
(1.05477,0)         (0.321641,0)        (-0.869857,0)       (0.223377,0)        (0.32,0)            
(1.05232,0)         (0.314455,0)        (-0.8859,0)         (0.241218,0)        (0.35,0)            
(1.04752,0)         (0.441858,0)        (-1.02333,0)        (0.196411,0)        (0.41,0)            
(1.04588,0)         (0.504975,0)        (-1.04434,0)        (0.143912,0)        (0.43,0)            
(1.0467,0)          (0.444567,0)        (-1.03743,0)        (0.202647,0)        (0.42,0)            
(1.05071,0)         (0.36937,0)         (-0.936903,0)       (0.216605,0)        (0.37,0)            
(1.04833,0)         (0.40285,0)         (-0.998988,0)       (0.221542,0)        (0.4,0)             
(1.04993,0)         (0.408764,0)        (-0.963462,0)       (0.192494,0)        (0.38,0)            
(1.04831,0)         (0.391601,0)        (-1.00202,0)        (0.235257,0)        (0.4,0)             
(1.04834,0)         (0.490241,0)        (-1.03767,0)        (0.155034,0)        (0.4,0)             
(1.05314,0)         (0.314821,0)        (-0.895111,0)       (0.246762,0)        (0.34,0)            
(1.04185,0)         (0.530316,0)        (-1.12286,0)        (0.16794,0)         (0.48,0)            
(1.05233,0)         (0.329657,0)        (-0.913418,0)       (0.243026,0)        (0.35,0)            
(1.04672,0)         (0.517716,0)        (-1.05823,0)        (0.139524,0)        (0.42,0)            
(1.05074,0)         (0.384765,0)        (-0.965527,0)       (0.218923,0)        (0.37,0)            
(1.05073,0)         (0.454702,0)        (-0.961274,0)       (0.14304,0)         (0.37,0)            
(1.05476,0)         (0.28622,0)         (-0.866848,0)       (0.258488,0)        (0.32,0)            
(1.05237,0)         (0.427117,0)        (-0.942001,0)       (0.159488,0)        (0.35,0)            
(1.05155,0)         (0.345455,0)        (-0.941356,0)       (0.244483,0)        (0.36,0)            
(1.04026,0)         (0.599913,0)        (-1.19332,0)        (0.140493,0)        (0.5,0)             
(1.05075,0)         (0.373599,0)        (-0.970945,0)       (0.234088,0)        (0.37,0)            
(1.05072,0)         (0.440323,0)        (-0.941641,0)       (0.145444,0)        (0.37,0)            
(1.05076,0)         (0.385782,0)        (-0.974518,0)       (0.223646,0)        (0.37,0)            
(1.04991,0)         (0.409697,0)        (-0.970066,0)       (0.195768,0)        (0.38,0)            
(1.04756,0)         (0.519347,0)        (-1.07689,0)        (0.149833,0)        (0.41,0)            
(1.06041,0)         (0.232222,0)        (-0.760702,0)       (0.246656,0)        (0.25,0)            
(1.0451,0)          (0.485543,0)        (-1.07037,0)        (0.18099,0)         (0.44,0)            
(1.04914,0)         (0.38914,0)         (-0.988391,0)       (0.229062,0)        (0.39,0)            
(1.04671,0)         (0.492226,0)        (-1.04337,0)        (0.156625,0)        (0.42,0)            
(1.04752,0)         (0.490698,0)        (-1.03635,0)        (0.153703,0)        (0.41,0)            
(1.05235,0)         (0.355093,0)        (-0.928914,0)       (0.226395,0)        (0.35,0)            
(1.04834,0)         (0.479129,0)        (-1.04245,0)        (0.16973,0)         (0.4,0)             
(1.04666,0)         (0.356022,0)        (-0.988007,0)       (0.263452,0)        (0.42,0)            
(1.04832,0)         (0.368252,0)        (-1.00386,0)        (0.260865,0)        (0.4,0)             
(1.04989,0)         (0.311057,0)        (-0.934413,0)       (0.275991,0)        (0.38,0)            
(1.05557,0)         (0.259146,0)        (-0.845609,0)       (0.273136,0)        (0.31,0)            
(1.05312,0)         (0.274951,0)        (-0.860622,0)       (0.266267,0)        (0.34,0)            
(1.04832,0)         (0.451497,0)        (-1.01089,0)        (0.178323,0)        (0.4,0)             
(1.04751,0)         (0.453025,0)        (-1.01792,0)        (0.181245,0)        (0.41,0)            
(1.0483,0)          (0.449355,0)        (-0.994192,0)       (0.169816,0)        (0.4,0)             
(1.04508,0)         (0.361358,0)        (-1.0205,0)         (0.278783,0)        (0.44,0)            
(1.05313,0)         (0.33817,0)         (-0.893266,0)       (0.221155,0)        (0.34,0)            
(1.04833,0)         (0.465876,0)        (-1.03053,0)        (0.175919,0)        (0.4,0)             
(1.054,0)           (0.42288,0)         (-0.920884,0)       (0.15033,0)         (0.33,0)            
(1.05071,0)         (0.223978,0)        (-0.905581,0)       (0.348512,0)        (0.37,0)            
(1.04588,0)         (0.5061,0)          (-1.05204,0)        (0.147696,0)        (0.43,0)            
(1.04911,0)         (0.41117,0)         (-0.97773,0)        (0.19916,0)         (0.39,0)            
(1.0532,0)          (0.366654,0)        (-0.935735,0)       (0.218693,0)        (0.34,0)            
(1.04674,0)         (0.471321,0)        (-1.06174,0)        (0.190311,0)        (0.42,0)            
(1.04914,0)         (0.412131,0)        (-0.987362,0)       (0.204352,0)        (0.39,0)            
(1.03863,0)         (0.6385,0)          (-1.2091,0)         (0.110287,0)        (0.52,0)            
(1.05637,0)         (0.315372,0)        (-0.830758,0)       (0.204772,0)        (0.3,0)             
(1.04669,0)         (0.477901,0)        (-1.0231,0)         (0.15856,0)         (0.42,0)            
(1.05317,0)         (0.317979,0)        (-0.920802,0)       (0.259992,0)        (0.34,0)            
(1.04507,0)         (0.459915,0)        (-1.05377,0)        (0.19711,0)         (0.44,0)            
(1.05395,0)         (0.336587,0)        (-0.886882,0)       (0.218702,0)        (0.33,0)            
(1.05153,0)         (0.389955,0)        (-0.921606,0)       (0.18523,0)         (0.36,0)            
(1.04991,0)         (0.361983,0)        (-0.964765,0)       (0.24226,0)         (0.38,0)            
(1.05153,0)         (0.332256,0)        (-0.928792,0)       (0.250202,0)        (0.36,0)            
(1.04026,0)         (0.597607,0)        (-1.17854,0)        (0.133394,0)        (0.5,0)             
(1.04911,0)         (0.410044,0)        (-0.970021,0)       (0.195376,0)        (0.39,0)            
(1.04505,0)         (0.457773,0)        (-1.03707,0)        (0.188603,0)        (0.44,0)            
(1.0467,0)          (0.445693,0)        (-1.04514,0)        (0.206431,0)        (0.42,0)            
(1.05479,0)         (0.372623,0)        (-0.899568,0)       (0.189176,0)        (0.32,0)            
(1.04753,0)         (0.467349,0)        (-1.03819,0)        (0.17931,0)         (0.41,0)            
(1.05232,0)         (0.364117,0)        (-0.906795,0)       (0.202723,0)        (0.35,0)            
(1.04509,0)         (0.498659,0)        (-1.08055,0)        (0.173821,0)        (0.44,0)            
(1.04992,0)         (0.371091,0)        (-0.945034,0)       (0.220037,0)        (0.38,0)            
(1.04831,0)         (0.474845,0)        (-1.00905,0)        (0.152716,0)        (0.4,0)             
(1.04995,0)         (0.472751,0)        (-1.00463,0)        (0.152064,0)        (0.38,0)            
(1.05964,0)         (0.274636,0)        (-0.811206,0)       (0.234796,0)        (0.26,0)            
(1.04829,0)         (0.42499,0)         (-0.987046,0)       (0.190701,0)        (0.4,0)             
(1.05395,0)         (0.301056,0)        (-0.885154,0)       (0.254752,0)        (0.33,0)            
(1.04913,0)         (0.449969,0)        (-1.00387,0)        (0.175401,0)        (0.39,0)            
(1.05153,0)         (0.415501,0)        (-0.935821,0)       (0.16766,0)         (0.36,0)            
(1.05634,0)         (0.167893,0)        (-0.782094,0)       (0.327703,0)        (0.3,0)             
(1.05312,0)         (0.251657,0)        (-0.861826,0)       (0.291405,0)        (0.34,0)            
(1.04589,0)         (0.493808,0)        (-1.04975,0)        (0.159077,0)        (0.43,0)            
(1.04588,0)         (0.420659,0)        (-1.02896,0)        (0.2222,0)          (0.43,0)            
(1.04268,0)         (0.590881,0)        (-1.14077,0)        (0.116121,0)        (0.47,0)            
(1.05634,0)         (0.193439,0)        (-0.796309,0)       (0.310134,0)        (0.3,0)             
(1.03865,0)         (0.688355,0)        (-1.2311,0)         (0.0723025,0)       (0.52,0)            
(1.05153,0)         (0.37997,0)         (-0.934093,0)       (0.20371,0)         (0.36,0)            
(1.05558,0)         (0.321239,0)        (-0.870543,0)       (0.224239,0)        (0.31,0)            
(1.04835,0)         (0.491312,0)        (-1.04602,0)        (0.159288,0)        (0.4,0)             
(1.04913,0)         (0.377836,0)        (-0.992062,0)       (0.243247,0)        (0.39,0)            
(1.04429,0)         (0.537915,0)        (-1.10536,0)        (0.148731,0)        (0.45,0)            
(1.03784,0)         (0.628862,0)        (-1.22154,0)        (0.128375,0)        (0.53,0)            
(1.04428,0)         (0.501313,0)        (-1.09528,0)        (0.180527,0)        (0.45,0)            
(1.05315,0)         (0.314766,0)        (-0.895751,0)       (0.247232,0)        (0.34,0)            
(1.05315,0)         (0.328075,0)        (-0.907034,0)       (0.240574,0)        (0.34,0)            
(1.0483,0)          (0.388333,0)        (-0.977608,0)       (0.222966,0)        (0.4,0)             
(1.05562,0)         (0.359874,0)        (-0.898603,0)       (0.201889,0)        (0.31,0)            
(1.05476,0)         (0.2618,0)          (-0.860342,0)       (0.279842,0)        (0.32,0)            
(1.04912,0)         (0.364527,0)        (-0.98078,0)        (0.249905,0)        (0.39,0)            
(1.05314,0)         (0.324807,0)        (-0.882624,0)       (0.228282,0)        (0.34,0)            
(1.04588,0)         (0.481681,0)        (-1.04554,0)        (0.16905,0)         (0.43,0)            
(1.0387,0)          (0.705838,0)        (-1.27706,0)        (0.0835976,0)       (0.52,0)            
(1.05155,0)         (0.367678,0)        (-0.931801,0)       (0.215091,0)        (0.36,0)            
(1.04349,0)         (0.514913,0)        (-1.10716,0)        (0.173946,0)        (0.46,0)            
(1.0491,0)          (0.399042,0)        (-0.973517,0)       (0.209132,0)        (0.39,0)            
(1.05155,0)         (0.393223,0)        (-0.946016,0)       (0.197521,0)        (0.36,0)            
(1.05314,0)         (0.336989,0)        (-0.886197,0)       (0.21784,0)         (0.34,0)            
(1.0451,0)          (0.486422,0)        (-1.07761,0)        (0.184733,0)        (0.44,0)            
(1.05232,0)         (0.339698,0)        (-0.90029,0)        (0.224077,0)        (0.35,0)            
(1.04994,0)         (0.398476,0)        (-0.976124,0)       (0.211403,0)        (0.38,0)            
(1.04833,0)         (0.476933,0)        (-1.02639,0)        (0.161692,0)        (0.4,0)             
(1.04186,0)         (0.62794,0)         (-1.14952,0)        (0.0829933,0)       (0.48,0)            
(1.04184,0)         (0.578084,0)        (-1.12752,0)        (0.120978,0)        (0.48,0)            
(1.0475,0)          (0.477499,0)        (-1.02378,0)        (0.159422,0)        (0.41,0)            
(1.04828,0)         (0.351786,0)        (-0.966889,0)       (0.254293,0)        (0.4,0)             
(1.04992,0)         (0.385222,0)        (-0.964201,0)       (0.217592,0)        (0.38,0)            
(1.05715,0)         (0.273975,0)        (-0.789245,0)       (0.221355,0)        (0.29,0)            
(1.04911,0)         (0.385679,0)        (-0.962875,0)       (0.21626,0)         (0.39,0)            
(1.04514,0)         (0.576092,0)        (-1.13475,0)        (0.127713,0)        (0.44,0)            
(1.05074,0)         (0.409185,0)        (-0.972033,0)       (0.197569,0)        (0.37,0)            
(1.05075,0)         (0.410256,0)        (-0.980383,0)       (0.201823,0)        (0.37,0)            
(1.04832,0)         (0.476987,0)        (-1.02575,0)        (0.161223,0)        (0.4,0)             
(1.04508,0)         (0.497588,0)        (-1.0722,0)         (0.169568,0)        (0.44,0)            
(1.05153,0)         (0.355605,0)        (-0.926947,0)       (0.224594,0)        (0.36,0)            
(1.03378,0)         (0.665479,0)        (-1.29336,0)        (0.136298,0)        (0.58,0)            
(1.05637,0)         (0.242059,0)        (-0.811882,0)       (0.269304,0)        (0.3,0)             
(1.04913,0)         (0.388892,0)        (-0.987926,0)       (0.229021,0)        (0.39,0)            
(1.058,0)           (0.13241,0)         (-0.79265,0)        (0.371609,0)        (0.28,0)            
(1.04993,0)         (0.458427,0)        (-0.984358,0)       (0.153999,0)        (0.38,0)            
(1.05077,0)         (0.400161,0)        (-0.994151,0)       (0.221242,0)        (0.37,0)            
