51
e_L                 onsite              nnhop               ospair              nnJastrow           
(1.04668,0)         (0.479185,0)        (-1.03109,0)        (0.162488,0)        (0.42,0)            
(1.04749,0)         (0.428816,0)        (-1.01106,0)        (0.202277,0)        (0.41,0)            
(1.0459,0)          (0.462776,0)        (-1.08109,0)        (0.211838,0)        (0.43,0)            
(1.04668,0)         (0.465931,0)        (-1.01916,0)        (0.168675,0)        (0.42,0)            
(1.05153,0)         (0.367006,0)        (-0.924184,0)       (0.211009,0)        (0.36,0)            
(1.05313,0)         (0.338265,0)        (-0.89417,0)        (0.221751,0)        (0.34,0)            
(1.04266,0)         (0.494545,0)        (-1.12213,0)        (0.205021,0)        (0.47,0)            
(1.04186,0)         (0.569224,0)        (-1.14994,0)        (0.144817,0)        (0.48,0)            
(1.04427,0)         (0.558102,0)        (-1.08003,0)        (0.111447,0)        (0.45,0)            
(1.0483,0)          (0.414172,0)        (-0.993852,0)       (0.20652,0)         (0.4,0)             
(1.04668,0)         (0.370805,0)        (-1.0084,0)         (0.261242,0)        (0.42,0)            
(1.05071,0)         (0.321698,0)        (-0.93316,0)        (0.264176,0)        (0.37,0)            
(1.05557,0)         (0.311294,0)        (-0.884583,0)       (0.243791,0)        (0.31,0)            
(1.04831,0)         (0.369479,0)        (-1.01251,0)        (0.265278,0)        (0.4,0)             
(1.05071,0)         (0.393888,0)        (-0.944319,0)       (0.195853,0)        (0.37,0)            
(1.03623,0)         (0.685267,0)        (-1.28169,0)        (0.108244,0)        (0.55,0)            
(1.04751,0)         (0.478563,0)        (-1.03434,0)        (0.165232,0)        (0.41,0)            
(1.04186,0)         (0.615812,0)        (-1.14753,0)        (0.0945323,0)       (0.48,0)            
(1.04266,0)         (0.578862,0)        (-1.1375,0)         (0.126725,0)        (0.47,0)            
(1.04024,0)         (0.621176,0)        (-1.17636,0)        (0.107482,0)        (0.5,0)             
(1.05233,0)         (0.390722,0)        (-0.931552,0)       (0.190946,0)        (0.35,0)            
(1.04429,0)         (0.50238,0)         (-1.10586,0)        (0.186355,0)        (0.45,0)            
(1.04671,0)         (0.471426,0)        (-1.06268,0)        (0.190939,0)        (0.42,0)            
(1.04991,0)         (0.420853,0)        (-0.966842,0)       (0.182147,0)        (0.38,0)            
(1.0499,0)          (0.386557,0)        (-0.971552,0)       (0.221049,0)        (0.38,0)            
(1.04668,0)         (0.44151,0)         (-1.01266,0)        (0.19003,0)         (0.42,0)            
(1.04588,0)         (0.445181,0)        (-1.03639,0)        (0.201467,0)        (0.43,0)            
(1.04912,0)         (0.451142,0)        (-1.01315,0)        (0.180271,0)        (0.39,0)            
(1.04668,0)         (0.515788,0)        (-1.04117,0)        (0.13069,0)         (0.42,0)            
(1.05394,0)         (0.335556,0)        (-0.880073,0)       (0.215511,0)        (0.33,0)            
(1.05312,0)         (0.252876,0)        (-0.870444,0)       (0.295791,0)        (0.34,0)            
(1.05556,0)         (0.284676,0)        (-0.86201,0)        (0.257103,0)        (0.31,0)            
(1.05473,0)         (0.259805,0)        (-0.8439,0)         (0.271459,0)        (0.32,0)            
(1.05394,0)         (0.276785,0)        (-0.878919,0)       (0.276239,0)        (0.33,0)            
(1.0467,0)          (0.455726,0)        (-1.03422,0)        (0.18904,0)         (0.42,0)            
(1.05637,0)         (0.225448,0)        (-0.862186,0)       (0.319164,0)        (0.3,0)             
(1.03864,0)         (0.626623,0)        (-1.20758,0)        (0.121883,0)        (0.52,0)            
(1.04509,0)         (0.54755,0)         (-1.09513,0)        (0.132207,0)        (0.44,0)            
(1.05314,0)         (0.351465,0)        (-0.906737,0)       (0.216035,0)        (0.34,0)            
(1.04024,0)         (0.608993,0)        (-1.17279,0)        (0.117925,0)        (0.5,0)             
(1.04025,0)         (0.574781,0)        (-1.17989,0)        (0.158278,0)        (0.5,0)             
(1.04669,0)         (0.492439,0)        (-1.04301,0)        (0.156302,0)        (0.42,0)            
(1.05072,0)         (0.37161,0)         (-0.954523,0)       (0.225722,0)        (0.37,0)            
(1.04349,0)         (0.541583,0)        (-1.13131,0)        (0.161736,0)        (0.46,0)            
(1.05316,0)         (0.25914,0)         (-0.92249,0)        (0.322741,0)        (0.34,0)            
(1.03461,0)         (0.726162,0)        (-1.31225,0)        (0.0851387,0)       (0.57,0)            
(1.05797,0)         (0.264694,0)        (-0.812303,0)       (0.246006,0)        (0.28,0)            
(1.05634,0)         (0.314449,0)        (-0.822652,0)       (0.200628,0)        (0.3,0)             
(1.04992,0)         (0.39863,0)         (-0.976405,0)       (0.211546,0)        (0.38,0)            
(1.04427,0)         (0.53695,0)         (-1.09795,0)        (0.145103,0)        (0.45,0)            
(1.04508,0)         (0.546534,0)        (-1.08614,0)        (0.127481,0)        (0.44,0)            
(1.04831,0)         (0.416067,0)        (-1.01009,0)        (0.214993,0)        (0.4,0)             
(1.05877,0)         (0.177723,0)        (-0.782193,0)       (0.317593,0)        (0.27,0)            
(1.04508,0)         (0.487763,0)        (-1.08499,0)        (0.188209,0)        (0.44,0)            
(1.05875,0)         (0.159111,0)        (-0.728496,0)       (0.302496,0)        (0.27,0)            
(1.04186,0)         (0.606953,0)        (-1.16773,0)        (0.116806,0)        (0.48,0)            
(1.05151,0)         (0.270313,0)        (-0.904132,0)       (0.299238,0)        (0.36,0)            
(1.05716,0)         (0.0692672,0)       (-0.750875,0)       (0.410873,0)        (0.29,0)            
(1.04589,0)         (0.542753,0)        (-1.06369,0)        (0.116984,0)        (0.43,0)            
(1.04667,0)         (0.38079,0)         (-0.995901,0)       (0.242755,0)        (0.42,0)            
(1.04346,0)         (0.503057,0)        (-1.10197,0)        (0.183142,0)        (0.46,0)            
(1.0483,0)          (0.378447,0)        (-0.991022,0)       (0.242065,0)        (0.4,0)             
(1.05232,0)         (0.229874,0)        (-0.872245,0)       (0.321009,0)        (0.35,0)            
(1.04268,0)         (0.580017,0)        (-1.14824,0)        (0.132432,0)        (0.47,0)            
(1.04589,0)         (0.556062,0)        (-1.07497,0)        (0.110328,0)        (0.43,0)            
(1.04667,0)         (0.381613,0)        (-1.00379,0)        (0.246971,0)        (0.42,0)            
(1.05556,0)         (0.309151,0)        (-0.867874,0)       (0.235277,0)        (0.31,0)            
(1.0491,0)          (0.436871,0)        (-0.992225,0)       (0.181731,0)        (0.39,0)            
(1.05475,0)         (0.262196,0)        (-0.861074,0)       (0.280013,0)        (0.32,0)            
(1.05151,0)         (0.342448,0)        (-0.915932,0)       (0.231384,0)        (0.36,0)            
(1.05554,0)         (0.247166,0)        (-0.841658,0)       (0.283235,0)        (0.31,0)            
(1.04749,0)         (0.428761,0)        (-1.0117,0)         (0.202746,0)        (0.41,0)            
(1.04749,0)         (0.379921,0)        (-0.998687,0)       (0.245457,0)        (0.41,0)            
(1.05959,0)         (0.189394,0)        (-0.787736,0)       (0.308954,0)        (0.26,0)            
(1.04992,0)         (0.437431,0)        (-1.00255,0)        (0.187791,0)        (0.38,0)            
(1.05315,0)         (0.305893,0)        (-0.91815,0)        (0.271046,0)        (0.34,0)            
(1.05795,0)         (0.115013,0)        (-0.747574,0)       (0.3609,0)          (0.28,0)            
(1.03944,0)         (0.61379,0)         (-1.20423,0)        (0.133149,0)        (0.51,0)            
(1.0467,0)          (0.455726,0)        (-1.03422,0)        (0.18904,0)         (0.42,0)            
(1.04991,0)         (0.434162,0)        (-0.978128,0)       (0.175491,0)        (0.38,0)            
(1.04186,0)         (0.569224,0)        (-1.14994,0)        (0.144817,0)        (0.48,0)            
(1.04026,0)         (0.62439,0)         (-1.20142,0)        (0.120253,0)        (0.5,0)             
(1.05716,0)         (0.228493,0)        (-0.801537,0)       (0.276941,0)        (0.29,0)            
(1.03863,0)         (0.515797,0)        (-1.16836,0)        (0.212552,0)        (0.52,0)            
(1.04427,0)         (0.464871,0)        (-1.0855,0)         (0.212487,0)        (0.45,0)            
(1.04186,0)         (0.583659,0)        (-1.16894,0)        (0.141948,0)        (0.48,0)            
(1.0491,0)          (0.424634,0)        (-0.989293,0)       (0.192644,0)        (0.39,0)            
(1.04185,0)         (0.591502,0)        (-1.13974,0)        (0.114948,0)        (0.48,0)            
(1.04267,0)         (0.592061,0)        (-1.15006,0)        (0.121009,0)        (0.47,0)            
(1.04509,0)         (0.536439,0)        (-1.09992,0)        (0.146907,0)        (0.44,0)            
(1.0499,0)          (0.359994,0)        (-0.948339,0)       (0.233891,0)        (0.38,0)            
(1.0491,0)          (0.374722,0)        (-0.96793,0)        (0.231098,0)        (0.39,0)            
(1.04668,0)         (0.420414,0)        (-1.02993,0)        (0.223216,0)        (0.42,0)            
(1.05312,0)         (0.3139,0)          (-0.887025,0)       (0.242637,0)        (0.34,0)            
(1.04107,0)         (0.659355,0)        (-1.20576,0)        (0.0864707,0)       (0.49,0)            
(1.05235,0)         (0.38277,0)         (-0.962036,0)       (0.218886,0)        (0.35,0)            
(1.04669,0)         (0.50355,0)         (-1.03823,0)        (0.141603,0)        (0.42,0)            
(1.05555,0)         (0.249254,0)        (-0.859006,0)       (0.292218,0)        (0.31,0)            
(1.03622,0)         (0.720853,0)        (-1.28277,0)        (0.0717188,0)       (0.55,0)            
(1.0507,0)          (0.368451,0)        (-0.92882,0)        (0.212482,0)        (0.37,0)            
(1.04266,0)         (0.591045,0)        (-1.14107,0)        (0.116282,0)        (0.47,0)            
(1.05073,0)         (0.470253,0)        (-0.990176,0)       (0.145496,0)        (0.37,0)            
(1.05634,0)         (0.204639,0)        (-0.792421,0)       (0.296023,0)        (0.3,0)             
(1.04427,0)         (0.595776,0)        (-1.09846,0)        (0.0839058,0)       (0.45,0)            
(1.04509,0)         (0.52313,0)         (-1.08863,0)        (0.153563,0)        (0.44,0)            
(1.04749,0)         (0.453236,0)        (-1.01756,0)        (0.180921,0)        (0.41,0)            
(1.04426,0)         (0.474965,0)        (-1.07173,0)        (0.193061,0)        (0.45,0)            
(1.04266,0)         (0.577791,0)        (-1.12914,0)        (0.122468,0)        (0.47,0)            
(1.04348,0)         (0.578351,0)        (-1.13947,0)        (0.128528,0)        (0.46,0)            
(1.05071,0)         (0.297278,0)        (-0.926655,0)       (0.285532,0)        (0.37,0)            
(1.04829,0)         (0.438399,0)        (-0.999249,0)       (0.184654,0)        (0.4,0)             
(1.04748,0)         (0.34123,0)         (-0.971261,0)       (0.268273,0)        (0.41,0)            
(1.04427,0)         (0.49815,0)         (-1.0718,0)         (0.168858,0)        (0.45,0)            
(1.0451,0)          (0.525273,0)        (-1.10534,0)        (0.162076,0)        (0.44,0)            
(1.0636,0)          (0.0287479,0)       (-0.664105,0)       (0.397401,0)        (0.21,0)            
(1.05957,0)         (0.1141,0)          (-0.750234,0)       (0.363567,0)        (0.26,0)            
(1.04752,0)         (0.529547,0)        (-1.06406,0)        (0.131034,0)        (0.41,0)            
(1.05799,0)         (0.218134,0)        (-0.81775,0)        (0.298212,0)        (0.28,0)            
(1.05393,0)         (0.300134,0)        (-0.877069,0)       (0.250627,0)        (0.33,0)            
(1.04749,0)         (0.524245,0)        (-1.02165,0)        (0.10928,0)         (0.41,0)            
(1.04992,0)         (0.340052,0)        (-0.976358,0)       (0.272785,0)        (0.38,0)            
(1.04427,0)         (0.535934,0)        (-1.08895,0)        (0.140377,0)        (0.45,0)            
(1.04187,0)         (0.64243,0)         (-1.1701,0)         (0.0812204,0)       (0.48,0)            
(1.05231,0)         (0.265516,0)        (-0.872686,0)       (0.284014,0)        (0.35,0)            
(1.05476,0)         (0.361608,0)        (-0.905256,0)       (0.204473,0)        (0.32,0)            
(1.0499,0)          (0.33659,0)         (-0.950829,0)       (0.259973,0)        (0.38,0)            
(1.0515,0)          (0.307081,0)        (-0.912287,0)       (0.26603,0)         (0.36,0)            
(1.04991,0)         (0.421979,0)        (-0.974556,0)       (0.185934,0)        (0.38,0)            
(1.0612,0)          (0.22853,0)         (-0.739135,0)       (0.236735,0)        (0.24,0)            
(1.0475,0)          (0.490911,0)        (-1.03599,0)        (0.153379,0)        (0.41,0)            
(1.03462,0)         (0.739361,0)        (-1.32481,0)        (0.0794223,0)       (0.57,0)            
(1.0467,0)          (0.480394,0)        (-1.04119,0)        (0.167726,0)        (0.42,0)            
(1.0475,0)          (0.41765,0)         (-1.01648,0)        (0.217446,0)        (0.41,0)            
(1.0483,0)          (0.416122,0)        (-1.00945,0)        (0.214523,0)        (0.4,0)             
(1.05071,0)         (0.406071,0)        (-0.947891,0)       (0.18541,0)         (0.37,0)            
(1.05959,0)         (0.272585,0)        (-0.795395,0)       (0.22687,0)         (0.26,0)            
(1.05071,0)         (0.452714,0)        (-0.944833,0)       (0.134655,0)        (0.37,0)            
(1.03461,0)         (0.761639,0)        (-1.31461,0)        (0.0495533,0)       (0.57,0)            
(1.0467,0)          (0.483525,0)        (-1.06386,0)        (0.179046,0)        (0.42,0)            
(1.04911,0)         (0.388223,0)        (-0.980323,0)       (0.224953,0)        (0.39,0)            
(1.03945,0)         (0.710236,0)        (-1.22382,0)        (0.0448791,0)       (0.51,0)            
(1.04749,0)         (0.476585,0)        (-1.01571,0)        (0.155309,0)        (0.41,0)            
(1.04184,0)         (0.471762,0)        (-1.12136,0)        (0.22836,0)         (0.48,0)            
(1.05152,0)         (0.39236,0)         (-0.937295,0)       (0.19293,0)         (0.36,0)            
(1.0475,0)          (0.44012,0)         (-1.00738,0)        (0.188088,0)        (0.41,0)            
(1.05151,0)         (0.355757,0)        (-0.927218,0)       (0.224728,0)        (0.36,0)            
(1.05313,0)         (0.350393,0)        (-0.898383,0)       (0.211778,0)        (0.34,0)            
(1.04025,0)         (0.671033,0)        (-1.19836,0)        (0.0694978,0)       (0.5,0)             
(1.04669,0)         (0.504622,0)        (-1.04659,0)        (0.145859,0)        (0.42,0)            
(1.04023,0)         (0.534771,0)        (-1.14364,0)        (0.176796,0)        (0.5,0)             
(1.04427,0)         (0.487038,0)        (-1.07658,0)        (0.183558,0)        (0.45,0)            
(1.04911,0)         (0.377112,0)        (-0.985105,0)       (0.239652,0)        (0.39,0)            
(1.05151,0)         (0.293607,0)        (-0.902923,0)       (0.274095,0)        (0.36,0)            
(1.04588,0)         (0.460688,0)        (-1.06374,0)        (0.202854,0)        (0.43,0)            
(1.04025,0)         (0.682144,0)        (-1.19358,0)        (0.0547982,0)       (0.5,0)             
(1.04186,0)         (0.57035,0)         (-1.15766,0)        (0.148604,0)        (0.48,0)            
(1.05315,0)         (0.426813,0)        (-0.943599,0)       (0.160951,0)        (0.34,0)            
(1.04668,0)         (0.468074,0)        (-1.03587,0)        (0.177188,0)        (0.42,0)            
(1.04669,0)         (0.480256,0)        (-1.03944,0)        (0.166745,0)        (0.42,0)            
(1.04186,0)         (0.581407,0)        (-1.15352,0)        (0.134374,0)        (0.48,0)            
(1.05716,0)         (0.229619,0)        (-0.80925,0)        (0.280728,0)        (0.29,0)            
(1.05637,0)         (0.307513,0)        (-0.862131,0)       (0.233294,0)        (0.3,0)             
(1.04508,0)         (0.570899,0)        (-1.09328,0)        (0.106595,0)        (0.44,0)            
(1.04267,0)         (0.603173,0)        (-1.14528,0)        (0.106309,0)        (0.47,0)            
(1.04991,0)         (0.39874,0)         (-0.975124,0)       (0.210606,0)        (0.38,0)            
(1.05635,0)         (0.242204,0)        (-0.812134,0)       (0.269421,0)        (0.3,0)             
(1.05797,0)         (0.179251,0)        (-0.789217,0)       (0.320516,0)        (0.28,0)            
(1.04669,0)         (0.482454,0)        (-1.05551,0)        (0.174789,0)        (0.42,0)            
(1.04669,0)         (0.455781,0)        (-1.03358,0)        (0.188571,0)        (0.42,0)            
(1.04427,0)         (0.488219,0)        (-1.08366,0)        (0.186875,0)        (0.45,0)            
(1.04993,0)         (0.352125,0)        (-0.981211,0)       (0.263281,0)        (0.38,0)            
(1.04347,0)         (0.551787,0)        (-1.11626,0)        (0.141371,0)        (0.46,0)            
(1.04266,0)         (0.589919,0)        (-1.13336,0)        (0.112495,0)        (0.47,0)            
(1.04427,0)         (0.560299,0)        (-1.0961,0)         (0.119491,0)        (0.45,0)            
(1.04911,0)         (0.461182,0)        (-1.00001,0)        (0.161315,0)        (0.39,0)            
(1.05314,0)         (0.340408,0)        (-0.910878,0)       (0.230265,0)        (0.34,0)            
(1.0459,0)          (0.484944,0)        (-1.07217,0)        (0.182908,0)        (0.43,0)            
(1.03943,0)         (0.623885,0)        (-1.19046,0)        (0.113723,0)        (0.51,0)            
(1.04187,0)         (0.621279,0)        (-1.18802,0)        (0.114876,0)        (0.48,0)            
(1.05311,0)         (0.250789,0)        (-0.853095,0)       (0.286808,0)        (0.34,0)            
(1.04104,0)         (0.532309,0)        (-1.13001,0)        (0.170596,0)        (0.49,0)            
(1.0475,0)          (0.490911,0)        (-1.03599,0)        (0.153379,0)        (0.41,0)            
(1.05393,0)         (0.323428,0)        (-0.87586,0)        (0.225484,0)        (0.33,0)            
(1.04428,0)         (0.550204,0)        (-1.10987,0)        (0.138917,0)        (0.45,0)            
(1.05314,0)         (0.325918,0)        (-0.892519,0)       (0.233603,0)        (0.34,0)            
(1.04991,0)         (0.399811,0)        (-0.983478,0)       (0.214863,0)        (0.38,0)            
(1.05876,0)         (0.197802,0)        (-0.755922,0)       (0.27968,0)         (0.27,0)            
(1.0515,0)          (0.257169,0)        (-0.890924,0)       (0.304484,0)        (0.36,0)            
(1.04187,0)         (0.595787,0)        (-1.17316,0)        (0.131975,0)        (0.48,0)            
(1.04912,0)         (0.376755,0)        (-0.98592,0)        (0.240551,0)        (0.39,0)            
(1.04427,0)         (0.53695,0)         (-1.09795,0)        (0.145103,0)        (0.45,0)            
(1.04185,0)         (0.580445,0)        (-1.14388,0)        (0.129178,0)        (0.48,0)            
(1.05797,0)         (0.226965,0)        (-0.794513,0)       (0.274018,0)        (0.28,0)            
(1.05636,0)         (0.32979,0)         (-0.851928,0)       (0.203425,0)        (0.3,0)             
(1.04264,0)         (0.51468,0)         (-1.09521,0)        (0.166639,0)        (0.47,0)            
(1.05232,0)         (0.329808,0)        (-0.913689,0)       (0.243161,0)        (0.35,0)            
(1.04669,0)         (0.432542,0)        (-1.03415,0)        (0.213243,0)        (0.42,0)            
(1.04587,0)         (0.421118,0)        (-1.02907,0)        (0.221924,0)        (0.43,0)            
(1.03943,0)         (0.623885,0)        (-1.19046,0)        (0.113723,0)        (0.51,0)            
(1.05153,0)         (0.355592,0)        (-0.92914,0)        (0.226138,0)        (0.36,0)            
(1.05394,0)         (0.336682,0)        (-0.887786,0)       (0.219298,0)        (0.33,0)            
(1.0475,0)          (0.490856,0)        (-1.03663,0)        (0.153849,0)        (0.41,0)            
(1.04587,0)         (0.470783,0)        (-1.04997,0)        (0.183428,0)        (0.43,0)            
(1.04508,0)         (0.463288,0)        (-1.07912,0)        (0.210034,0)        (0.44,0)            
(1.05151,0)         (0.318027,0)        (-0.909427,0)       (0.25274,0)         (0.36,0)            
(1.05313,0)         (0.27749,0)         (-0.878055,0)       (0.274946,0)        (0.34,0)            
(1.04348,0)         (0.530636,0)        (-1.13417,0)        (0.175027,0)        (0.46,0)            
(1.05071,0)         (0.32288,0)         (-0.940233,0)       (0.267493,0)        (0.37,0)            
(1.04589,0)         (0.459507,0)        (-1.05667,0)        (0.199537,0)        (0.43,0)            
(1.05073,0)         (0.397047,0)        (-0.970022,0)       (0.209093,0)        (0.37,0)            
(1.04588,0)         (0.408523,0)        (-1.02695,0)        (0.233735,0)        (0.43,0)            
(1.04991,0)         (0.395361,0)        (-0.951984,0)       (0.199246,0)        (0.38,0)            
(1.0491,0)          (0.375903,0)        (-0.975003,0)       (0.234415,0)        (0.39,0)            
(1.04588,0)         (0.432999,0)        (-1.03282,0)        (0.21191,0)         (0.43,0)            
(1.04023,0)         (0.559136,0)        (-1.15078,0)        (0.15591,0)         (0.5,0)             
(1.0475,0)          (0.44207,0)         (-1.02298,0)        (0.19609,0)         (0.41,0)            
(1.05393,0)         (0.21469,0)         (-0.853983,0)       (0.325136,0)        (0.33,0)            
(1.04184,0)         (0.530588,0)        (-1.12188,0)        (0.167163,0)        (0.48,0)            
(1.05312,0)         (0.204036,0)        (-0.857435,0)       (0.338502,0)        (0.34,0)            
(1.04428,0)         (0.549078,0)        (-1.10216,0)        (0.13513,0)         (0.45,0)            
(1.04829,0)         (0.402923,0)        (-0.996886,0)       (0.220239,0)        (0.4,0)             
(1.04992,0)         (0.469639,0)        (-0.980492,0)       (0.139905,0)        (0.38,0)            
(1.04105,0)         (0.571933,0)        (-1.16404,0)        (0.151057,0)        (0.49,0)            
(1.04668,0)         (0.455891,0)        (-1.0323,0)         (0.187631,0)        (0.42,0)            
(1.05234,0)         (0.321856,0)        (-0.944174,0)       (0.2711,0)          (0.35,0)            
(1.05393,0)         (0.335611,0)        (-0.879432,0)       (0.215041,0)        (0.33,0)            
(1.04668,0)         (0.491423,0)        (-1.03402,0)        (0.151576,0)        (0.42,0)            
(1.04831,0)         (0.428305,0)        (-1.01303,0)        (0.20408,0)         (0.4,0)             
(1.04429,0)         (0.562332,0)        (-1.11409,0)        (0.128944,0)        (0.45,0)            
(1.0459,0)          (0.533784,0)        (-1.08518,0)        (0.140197,0)        (0.43,0)            
(1.05312,0)         (0.278368,0)        (-0.885302,0)       (0.278692,0)        (0.34,0)            
(1.05233,0)         (0.257619,0)        (-0.90253,0)        (0.311484,0)        (0.35,0)            
(1.04025,0)         (0.622192,0)        (-1.18536,0)        (0.112209,0)        (0.5,0)             
(1.04909,0)         (0.300499,0)        (-0.938782,0)       (0.289968,0)        (0.39,0)            
(1.04024,0)         (0.633413,0)        (-1.17929,0)        (0.0965697,0)       (0.5,0)             
(1.05151,0)         (0.294733,0)        (-0.910636,0)       (0.277882,0)        (0.36,0)            
(1.04912,0)         (0.486619,0)        (-1.01551,0)        (0.144686,0)        (0.39,0)            
(1.04668,0)         (0.466947,0)        (-1.02816,0)        (0.173401,0)        (0.42,0)            
(1.03944,0)         (0.650393,0)        (-1.21431,0)        (0.10135,0)         (0.51,0)            
(1.04669,0)         (0.504677,0)        (-1.04595,0)        (0.14539,0)         (0.42,0)            
(1.04347,0)         (0.514306,0)        (-1.09893,0)        (0.169423,0)        (0.46,0)            
(1.04508,0)         (0.533225,0)        (-1.07485,0)        (0.134137,0)        (0.44,0)            
(1.05154,0)         (0.443179,0)        (-0.968934,0)       (0.160142,0)        (0.36,0)            
(1.04588,0)         (0.495093,0)        (-1.05775,0)        (0.163012,0)        (0.43,0)            
(1.04348,0)         (0.590478,0)        (-1.14368,0)        (0.118555,0)        (0.46,0)            
(1.03945,0)         (0.651465,0)        (-1.22266,0)        (0.105607,0)        (0.51,0)            
(1.05474,0)         (0.320774,0)        (-0.861122,0)       (0.218774,0)        (0.32,0)            
(1.05314,0)         (0.376956,0)        (-0.921596,0)       (0.198936,0)        (0.34,0)            
(1.05879,0)         (0.276311,0)        (-0.818487,0)       (0.237837,0)        (0.27,0)            
(1.05232,0)         (0.316499,0)        (-0.902403,0)       (0.249817,0)        (0.35,0)            
(1.04589,0)         (0.508348,0)        (-1.06968,0)        (0.156826,0)        (0.43,0)            
(1.05393,0)         (0.310174,0)        (-0.863933,0)       (0.23167,0)         (0.33,0)            
(1.04509,0)         (0.510947,0)        (-1.08506,0)        (0.164006,0)        (0.44,0)            
(1.04669,0)         (0.419178,0)        (-1.0235,0)         (0.220369,0)        (0.42,0)            
(1.04347,0)         (0.552859,0)        (-1.12461,0)        (0.145627,0)        (0.46,0)            
(1.04346,0)         (0.440907,0)        (-1.07767,0)        (0.232509,0)        (0.46,0)            
(1.04025,0)         (0.694327,0)        (-1.19716,0)        (0.0443553,0)       (0.5,0)             
(1.05231,0)         (0.266697,0)        (-0.879759,0)       (0.287332,0)        (0.35,0)            
(1.04507,0)         (0.497748,0)        (-1.07249,0)        (0.169722,0)        (0.44,0)            
(1.04268,0)         (0.640847,0)        (-1.16371,0)        (0.0787672,0)       (0.47,0)            
(1.04106,0)         (0.596244,0)        (-1.17183,0)        (0.130641,0)        (0.49,0)            
(1.04588,0)         (0.432999,0)        (-1.03282,0)        (0.21191,0)         (0.43,0)            
(1.05392,0)         (0.296975,0)        (-0.851366,0)       (0.237387,0)        (0.33,0)            
(1.03945,0)         (0.65141,0)         (-1.22331,0)        (0.106077,0)        (0.51,0)            
(1.04587,0)         (0.420871,0)        (-1.0286,0)         (0.221883,0)        (0.43,0)            
(1.04429,0)         (0.551221,0)        (-1.11887,0)        (0.143644,0)        (0.45,0)            
(1.0451,0)          (0.548567,0)        (-1.10413,0)        (0.136934,0)        (0.44,0)            
(1.04347,0)         (0.526241,0)        (-1.10204,0)        (0.158939,0)        (0.46,0)            
(1.04752,0)         (0.542801,0)        (-1.07598,0)        (0.124848,0)        (0.41,0)            
(1.04991,0)         (0.325479,0)        (-0.955611,0)       (0.274673,0)        (0.38,0)            
(1.03782,0)         (0.604719,0)        (-1.21407,0)        (0.148968,0)        (0.53,0)            
(1.04107,0)         (0.670521,0)        (-1.20033,0)        (0.0713013,0)       (0.49,0)            
(1.04589,0)         (0.446143,0)        (-1.04602,0)        (0.206663,0)        (0.43,0)            
(1.05636,0)         (0.290166,0)        (-0.817895,0)       (0.222964,0)        (0.3,0)             
(1.06039,0)         (0.184596,0)        (-0.75629,0)        (0.29373,0)         (0.25,0)            
(1.05473,0)         (0.198782,0)        (-0.827319,0)       (0.324613,0)        (0.32,0)            
(1.0499,0)          (0.419891,0)        (-0.957207,0)       (0.17695,0)         (0.38,0)            
(1.06281,0)         (0.213236,0)        (-0.722155,0)       (0.241802,0)        (0.22,0)            
(1.05152,0)         (0.333534,0)        (-0.936781,0)       (0.254128,0)        (0.36,0)            
(1.0475,0)          (0.455379,0)        (-1.03427,0)        (0.189434,0)        (0.41,0)            
(1.04669,0)         (0.492439,0)        (-1.04301,0)        (0.156302,0)        (0.42,0)            
(1.04024,0)         (0.561224,0)        (-1.16813,0)        (0.164893,0)        (0.5,0)             
(1.06039,0)         (0.233437,0)        (-0.769299,0)       (0.251019,0)        (0.25,0)            
(1.0475,0)          (0.491982,0)        (-1.04434,0)        (0.157636,0)        (0.41,0)            
(1.0338,0)          (0.739873,0)        (-1.32284,0)        (0.0776188,0)       (0.58,0)            
(1.04669,0)         (0.492439,0)        (-1.04301,0)        (0.156302,0)        (0.42,0)            
(1.04591,0)         (0.546984,0)        (-1.09775,0)        (0.134481,0)        (0.43,0)            
(1.04911,0)         (0.412396,0)        (-0.986361,0)       (0.203556,0)        (0.39,0)            
(1.04911,0)         (0.413467,0)        (-0.994716,0)       (0.207813,0)        (0.39,0)            
(1.04749,0)         (0.441054,0)        (-1.01399,0)        (0.191364,0)        (0.41,0)            
(1.04185,0)         (0.494947,0)        (-1.12144,0)        (0.204157,0)        (0.48,0)            
(1.04024,0)         (0.610065,0)        (-1.18114,0)        (0.122182,0)        (0.5,0)             
(1.04106,0)         (0.586204,0)        (-1.18496,0)        (0.149598,0)        (0.49,0)            
(1.04912,0)         (0.424469,0)        (-0.991215,0)       (0.194053,0)        (0.39,0)            
(1.05073,0)         (0.360692,0)        (-0.960411,0)       (0.240932,0)        (0.37,0)            
(1.04749,0)         (0.453182,0)        (-1.0182,0)         (0.181391,0)        (0.41,0)            
(1.05311,0)         (0.264043,0)        (-0.865021,0)       (0.280622,0)        (0.34,0)            
(1.04428,0)         (0.451452,0)        (-1.0755,0)         (0.220083,0)        (0.45,0)            
(1.05071,0)         (0.359483,0)        (-0.95031,0)        (0.235695,0)        (0.37,0)            
(1.05474,0)         (0.260822,0)        (-0.852895,0)       (0.276185,0)        (0.32,0)            
