121
e_L                 onsite              nnhop               ospair              nnpair              
(0.5,0)             (-0.00966038,0)     (-0.0485883,0)      (0.0485525,0)       (-0.0388205,0)      
(0.5,0)             (0.01049,0)         (-0.0568282,0)      (0.0431684,0)       (-0.0263388,0)      
(0.5,0)             (0.0152588,0)       (-0.0629016,0)      (0.0455022,0)       (-0.025962,0)       
(0.5,0)             (0.04353,0)         (-0.0658031,0)      (0.0303714,0)       (-0.00303814,0)     
(0.5,0)             (0.0125519,0)       (-0.0646811,0)      (0.048751,0)        (-0.0294428,0)      
(0.5,0)             (0.0306404,0)       (-0.065068,0)       (0.0377843,0)       (-0.0138572,0)      
(0.5,0)             (0.00778307,0)      (-0.0586076,0)      (0.0464173,0)       (-0.0298196,0)      
(0.5,0)             (-0.0117223,0)      (-0.0407354,0)      (0.0429699,0)       (-0.0357166,0)      
(0.5,0)             (-0.0134424,0)      (-0.0664218,0)      (0.0665206,0)       (-0.0532757,0)      
(0.5,0)             (-0.00901534,0)     (-0.0389559,0)      (0.039721,0)        (-0.0322358,0)      
(0.5,0)             (-0.0179962,0)      (-0.0571376,0)      (0.061243,0)        (-0.0514576,0)      
(0.5,0)             (0.0358393,0)       (-0.0647199,0)      (0.0342304,0)       (-0.00909058,0)     
(0.5,0)             (-0.00510656,0)     (-0.0578726,0)      (0.0538301,0)       (-0.0406386,0)      
(0.5,0)             (0.0175357,0)       (-0.0675438,0)      (0.048141,0)        (-0.0268711,0)      
(0.5,0)             (0.0385462,0)       (-0.0629404,0)      (0.0309815,0)       (-0.00560983,0)     
(0.5,0)             (0.013412,0)        (-0.0518379,0)      (0.0369757,0)       (-0.0206632,0)      
(0.5,0)             (0.00464611,0)      (-0.0668087,0)      (0.0555538,0)       (-0.0376901,0)      
(0.5,0)             (0.00799809,0)      (-0.0553968,0)      (0.0434734,0)       (-0.0276247,0)      
(0.5,0)             (9.22927e-05,0)     (-0.0575245,0)      (0.0502762,0)       (-0.035872,0)       
(0.5,0)             (0.0215328,0)       (-0.0464994,0)      (0.027229,0)        (-0.010221,0)       
(0.5,0)             (0.0177508,0)       (-0.064333,0)       (0.0451971,0)       (-0.0246762,0)      
(0.5,0)             (0.0247965,0)       (-0.0750486,0)      (0.0501697,0)       (-0.0252084,0)      
(0.5,0)             (-0.00218461,0)     (-0.0528823,0)      (0.0476374,0)       (-0.034963,0)       
(0.5,0)             (0.0231646,0)       (-0.060774,0)       (0.0386994,0)       (-0.0177147,0)      
(0.5,0)             (0.00756806,0)      (-0.0618185,0)      (0.0493611,0)       (-0.0320145,0)      
(0.5,0)             (-0.0177812,0)      (-0.0539267,0)      (0.0582991,0)       (-0.0492628,0)      
(0.5,0)             (0.0202427,0)       (-0.0657643,0)      (0.0448921,0)       (-0.0233903,0)      
(0.5,0)             (0.0272884,0)       (-0.0764799,0)      (0.0498647,0)       (-0.0239226,0)      
(0.5,0)             (0.0240247,0)       (-0.0479308,0)      (0.026924,0)        (-0.00893514,0)     
(0.5,0)             (0.0281485,0)       (-0.0636367,0)      (0.0380893,0)       (-0.015143,0)       
(0.5,0)             (0.0163339,0)       (-0.0468476,0)      (0.0307829,0)       (-0.0149876,0)      
(0.5,0)             (0.0115651,0)       (-0.0407741,0)      (0.0284492,0)       (-0.0153644,0)      
(0.5,0)             (0.00550616,0)      (-0.0539655,0)      (0.0437785,0)       (-0.0289105,0)      
(0.5,0)             (0.00322926,0)      (-0.0493234,0)      (0.0411397,0)       (-0.0280015,0)      
(0.5,0)             (-0.00966038,0)     (-0.0485883,0)      (0.0485525,0)       (-0.0388205,0)      
(0.5,0)             (0.013412,0)        (-0.0518379,0)      (0.0369757,0)       (-0.0206632,0)      
(0.5,0)             (0.0159039,0)       (-0.0532692,0)      (0.0366706,0)       (-0.0193774,0)      
(0.5,0)             (0.0179658,0)       (-0.0611222,0)      (0.0422533,0)       (-0.0224813,0)      
(0.5,0)             (-0.00175459,0)     (-0.0464607,0)      (0.0417497,0)       (-0.0305732,0)      
(0.5,0)             (0.0337774,0)       (-0.0568669,0)      (0.0286477,0)       (-0.00598664,0)     
(0.5,0)             (0.011135,0)        (-0.0471957,0)      (0.0343369,0)       (-0.0197542,0)      
(0.5,0)             (0.00799809,0)      (-0.0553968,0)      (0.0434734,0)       (-0.0276247,0)      
(0.5,0)             (0.0179658,0)       (-0.0611222,0)      (0.0422533,0)       (-0.0224813,0)      
(0.5,0)             (-0.0202731,0)      (-0.0524954,0)      (0.0586042,0)       (-0.0505486,0)      
(0.5,0)             (0.00756806,0)      (-0.0618185,0)      (0.0493611,0)       (-0.0320145,0)      
(0.5,0)             (0.013842,0)        (-0.0454163,0)      (0.031088,0)        (-0.0162734,0)      
(0.5,0)             (0.000307307,0)     (-0.0543136,0)      (0.0473324,0)       (-0.0336771,0)      
(0.5,0)             (-0.00110955,0)     (-0.0368283,0)      (0.0329182,0)       (-0.0239885,0)      
(0.5,0)             (-0.00175459,0)     (-0.0464607,0)      (0.0417497,0)       (-0.0305732,0)      
(0.5,0)             (0.013842,0)        (-0.0454163,0)      (0.031088,0)        (-0.0162734,0)      
(0.5,0)             (0.0183958,0)       (-0.0547005,0)      (0.0363656,0)       (-0.0180915,0)      
(0.5,0)             (0.000737335,0)     (-0.047892,0)       (0.0414447,0)       (-0.0292873,0)      
(0.5,0)             (0.00593619,0)      (-0.0475439,0)      (0.0378908,0)       (-0.0245208,0)      
(0.5,0)             (0.0258716,0)       (-0.0589945,0)      (0.0354505,0)       (-0.014234,0)       
(0.5,0)             (0.00529115,0)      (-0.0571763,0)      (0.0467223,0)       (-0.0311054,0)      
(0.5,0)             (0.0285785,0)       (-0.0572151,0)      (0.0322016,0)       (-0.0107532,0)      
(0.5,0)             (0.0335623,0)       (-0.0600777,0)      (0.0315916,0)       (-0.00818153,0)     
(0.5,0)             (0.0263016,0)       (-0.0525729,0)      (0.0295628,0)       (-0.00984418,0)     
(0.5,0)             (0.000952349,0)     (-0.0446812,0)      (0.0385008,0)       (-0.0270925,0)      
(0.5,0)             (0.0148288,0)       (-0.0693233,0)      (0.0513899,0)       (-0.0303518,0)      
(0.5,0)             (0.00864313,0)      (-0.0457644,0)      (0.0346419,0)       (-0.02104,0)        
(0.5,0)             (0.00799809,0)      (-0.0553968,0)      (0.0434734,0)       (-0.0276247,0)      
(0.5,0)             (0.0175357,0)       (-0.0675438,0)      (0.048141,0)        (-0.0268711,0)      
(0.5,0)             (-0.00553659,0)     (-0.0642942,0)      (0.0597178,0)       (-0.0450284,0)      
(0.5,0)             (0.00864313,0)      (-0.0457644,0)      (0.0346419,0)       (-0.02104,0)        
(0.5,0)             (0.010705,0)        (-0.0536174,0)      (0.0402245,0)       (-0.024144,0)       
(0.5,0)             (0.0150438,0)       (-0.0661125,0)      (0.048446,0)        (-0.0281569,0)      
(0.5,0)             (0.0200277,0)       (-0.0689751,0)      (0.0478359,0)       (-0.0255852,0)      
(0.5,0)             (-0.00987539,0)     (-0.0517991,0)      (0.0514964,0)       (-0.0410154,0)      
(0.5,0)             (0.0186108,0)       (-0.0514897,0)      (0.0334218,0)       (-0.0158966,0)      
(0.5,0)             (-0.0200581,0)      (-0.0492846,0)      (0.0556603,0)       (-0.0483537,0)      
(0.5,0)             (-0.00716846,0)     (-0.0500196,0)      (0.0482475,0)       (-0.0375347,0)      
(0.5,0)             (0.000307307,0)     (-0.0543136,0)      (0.0473324,0)       (-0.0336771,0)      
(0.5,0)             (0.0129819,0)       (-0.0582595,0)      (0.0428634,0)       (-0.025053,0)       
(0.5,0)             (0.0310704,0)       (-0.0586464,0)      (0.0318966,0)       (-0.00946738,0)     
(0.5,0)             (-0.0105204,0)      (-0.0614316,0)      (0.0603279,0)       (-0.0476001,0)      
(0.5,0)             (0.0299954,0)       (-0.0747005,0)      (0.0466158,0)       (-0.0204419,0)      
(0.5,0)             (0.00529115,0)      (-0.0571763,0)      (0.0467223,0)       (-0.0311054,0)      
(0.5,0)             (0.0299954,0)       (-0.0747005,0)      (0.0466158,0)       (-0.0204419,0)      
(0.5,0)             (-0.00695344,0)     (-0.0468088,0)      (0.0453036,0)       (-0.0353398,0)      
(0.5,0)             (0.0179658,0)       (-0.0611222,0)      (0.0422533,0)       (-0.0224813,0)      
(0.5,0)             (0.0152588,0)       (-0.0629016,0)      (0.0455022,0)       (-0.025962,0)       
(0.5,0)             (0.046022,0)        (-0.0672344,0)      (0.0300664,0)       (-0.00175229,0)     
(0.5,0)             (0.01006,0)         (-0.0632498,0)      (0.0490561,0)       (-0.0307286,0)      
(0.5,0)             (0.0219628,0)       (-0.0400778,0)      (0.0213413,0)       (-0.0058312,0)      
(0.5,0)             (-0.00716846,0)     (-0.0500196,0)      (0.0482475,0)       (-0.0375347,0)      
(0.5,0)             (0.00842811,0)      (-0.0489752,0)      (0.0375857,0)       (-0.0232349,0)      
(0.5,0)             (0.00365928,0)      (-0.0429017,0)      (0.035252,0)        (-0.0236117,0)      
(0.5,0)             (0.0233796,0)       (-0.0575632,0)      (0.0357555,0)       (-0.0155198,0)      
(0.5,0)             (0.014057,0)        (-0.0422054,0)      (0.0281441,0)       (-0.0140785,0)      
(0.5,0)             (0.00593619,0)      (-0.0475439,0)      (0.0378908,0)       (-0.0245208,0)      
(0.5,0)             (0.0285785,0)       (-0.0572151,0)      (0.0322016,0)       (-0.0107532,0)      
(0.5,0)             (0.0292235,0)       (-0.0475826,0)      (0.0233701,0)       (-0.00416855,0)     
(0.5,0)             (-0.00424651,0)     (-0.0450294,0)      (0.0420548,0)       (-0.031859,0)       
(0.5,0)             (0.0362693,0)       (-0.0582983,0)      (0.0283427,0)       (-0.00470079,0)     
(0.5,0)             (0.0258716,0)       (-0.0589945,0)      (0.0354505,0)       (-0.014234,0)       
(0.5,0)             (-0.000337735,0)    (-0.0639461,0)      (0.0561639,0)       (-0.0402618,0)      
(0.5,0)             (0.000952349,0)     (-0.0446812,0)      (0.0385008,0)       (-0.0270925,0)      
(0.5,0)             (0.0233796,0)       (-0.0575632,0)      (0.0357555,0)       (-0.0155198,0)      
(0.5,0)             (-0.00446152,0)     (-0.0482402,0)      (0.0449986,0)       (-0.0340539,0)      
(0.5,0)             (0.00572118,0)      (-0.0507547,0)      (0.0408346,0)       (-0.0267156,0)      
(0.5,0)             (0.0190408,0)       (-0.0450681,0)      (0.0275341,0)       (-0.0115068,0)      
(0.5,0)             (0.00279923,0)      (-0.055745,0)       (0.0470273,0)       (-0.0323913,0)      
(0.5,0)             (0.0238097,0)       (-0.0511416,0)      (0.0298678,0)       (-0.01113,0)        
(0.5,0)             (0.0225196,0)       (-0.0704065,0)      (0.0475309,0)       (-0.0242994,0)      
(0.5,0)             (-0.0354397,0)      (-0.0471182,0)      (0.0633782,0)       (-0.0604586,0)      
(0.5,0)             (0.00408931,0)      (-0.0364801,0)      (0.0293643,0)       (-0.0192219,0)      
(0.5,0)             (0.000522321,0)     (-0.0511028,0)      (0.0443885,0)       (-0.0314822,0)      
(0.5,0)             (0.00344427,0)      (-0.0461125,0)      (0.0381958,0)       (-0.0258066,0)      
(0.5,0)             (0.000737335,0)     (-0.047892,0)       (0.0414447,0)       (-0.0292873,0)      
(0.5,0)             (0.0263016,0)       (-0.0525729,0)      (0.0295628,0)       (-0.00984418,0)     
(0.5,0)             (0.00486112,0)      (-0.0635979,0)      (0.05261,0)         (-0.0354952,0)      
(0.5,0)             (0.0186108,0)       (-0.0514897,0)      (0.0334218,0)       (-0.0158966,0)      
(0.5,0)             (0.0181808,0)       (-0.0579114,0)      (0.0393094,0)       (-0.0202864,0)      
(0.5,0)             (0.0156889,0)       (-0.05648,0)        (0.0396145,0)       (-0.0215723,0)      
(0.5,0)             (-0.0173512,0)      (-0.0475051,0)      (0.0524115,0)       (-0.044873,0)       
(0.5,0)             (0.00735304,0)      (-0.0650293,0)      (0.052305,0)        (-0.0342094,0)      
(0.5,0)             (0.000737335,0)     (-0.047892,0)       (0.0414447,0)       (-0.0292873,0)      
(0.5,0)             (0.0310704,0)       (-0.0586464,0)      (0.0318966,0)       (-0.00946738,0)     
(0.5,0)             (0.00778307,0)      (-0.0586076,0)      (0.0464173,0)       (-0.0298196,0)      
(0.5,0)             (0.04353,0)         (-0.0658031,0)      (0.0303714,0)       (-0.00303814,0)     
(0.5,0)             (0.0260866,0)       (-0.0557837,0)      (0.0325067,0)       (-0.0120391,0)      
(0.5,0)             (-0.0204881,0)      (-0.0557062,0)      (0.061548,0)        (-0.0527435,0)      
(0.5,0)             (0.0385462,0)       (-0.0629404,0)      (0.0309815,0)       (-0.00560983,0)     
(0.5,0)             (-0.00403149,0)     (-0.0418185,0)      (0.0391109,0)       (-0.0296641,0)      
(0.5,0)             (0.00322926,0)      (-0.0493234,0)      (0.0411397,0)       (-0.0280015,0)      
(0.5,0)             (0.00593619,0)      (-0.0475439,0)      (0.0378908,0)       (-0.0245208,0)      
(0.5,0)             (0.0302104,0)       (-0.0714896,0)      (0.043672,0)        (-0.018247,0)       
(0.5,0)             (0.0281485,0)       (-0.0636367,0)      (0.0380893,0)       (-0.015143,0)       
(0.5,0)             (0.0408231,0)       (-0.0675825,0)      (0.0336203,0)       (-0.00651888,0)     
(0.5,0)             (0.0315005,0)       (-0.0522248,0)      (0.0260089,0)       (-0.00507759,0)     
(0.5,0)             (0.0335623,0)       (-0.0600777,0)      (0.0315916,0)       (-0.00818153,0)     
(0.5,0)             (0.00885814,0)      (-0.0425536,0)      (0.0316981,0)       (-0.0188451,0)      
(0.5,0)             (0.0198127,0)       (-0.0721859,0)      (0.0507798,0)       (-0.0277801,0)      
(0.5,0)             (-0.0152893,0)      (-0.0553581,0)      (0.0579941,0)       (-0.0479769,0)      
(0.5,0)             (-0.0100904,0)      (-0.0550099,0)      (0.0544402,0)       (-0.0432103,0)      
(0.5,0)             (0.0285785,0)       (-0.0572151,0)      (0.0322016,0)       (-0.0107532,0)      
(0.5,0)             (0.00443109,0)      (-0.0700196,0)      (0.0584977,0)       (-0.039885,0)       
(0.5,0)             (-0.0148592,0)      (-0.0489365,0)      (0.0521064,0)       (-0.0435871,0)      
(0.5,0)             (0.0227346,0)       (-0.0671956,0)      (0.0445871,0)       (-0.0221045,0)      
(0.5,0)             (0.0229496,0)       (-0.0639848,0)      (0.0416432,0)       (-0.0199096,0)      
(0.5,0)             (0.0414681,0)       (-0.0579501,0)      (0.0247888,0)       (6.58016e-05,0)     
(0.5,0)             (-0.0119373,0)      (-0.0439462,0)      (0.0459137,0)       (-0.0379115,0)      
(0.5,0)             (0.0254415,0)       (-0.0654162,0)      (0.0413382,0)       (-0.0186238,0)      
(0.5,0)             (-0.00175459,0)     (-0.0464607,0)      (0.0417497,0)       (-0.0305732,0)      
(0.5,0)             (0.000307307,0)     (-0.0543136,0)      (0.0473324,0)       (-0.0336771,0)      
(0.5,0)             (0.00984497,0)      (-0.0664606,0)      (0.0519999,0)       (-0.0329235,0)      
(0.5,0)             (-0.00424651,0)     (-0.0450294,0)      (0.0420548,0)       (-0.031859,0)       
(0.5,0)             (0.0161189,0)       (-0.0500584,0)      (0.0337268,0)       (-0.0171825,0)      
(0.5,0)             (0.0312854,0)       (-0.0554356,0)      (0.0289527,0)       (-0.00727249,0)     
(0.5,0)             (-0.00738347,0)     (-0.0532305,0)      (0.0511913,0)       (-0.0397296,0)      
(0.5,0)             (0.00301424,0)      (-0.0525342,0)      (0.0440835,0)       (-0.0301964,0)      
(0.5,0)             (-0.026117,0)       (-0.062476,0)       (0.0709896,0)       (-0.0618999,0)      
(0.5,0)             (0.0329173,0)       (-0.0697102,0)      (0.0404231,0)       (-0.0147662,0)      
(0.5,0)             (0.0202427,0)       (-0.0657643,0)      (0.0448921,0)       (-0.0233903,0)      
(0.5,0)             (9.22927e-05,0)     (-0.0575245,0)      (0.0502762,0)       (-0.035872,0)       
(0.5,0)             (0.0254415,0)       (-0.0654162,0)      (0.0413382,0)       (-0.0186238,0)      
(0.5,0)             (0.0333473,0)       (-0.0632885,0)      (0.0345354,0)       (-0.0103764,0)      
(0.5,0)             (-0.0250419,0)      (-0.0464219,0)      (0.0562704,0)       (-0.0509254,0)      
(0.5,0)             (0.000522321,0)     (-0.0511028,0)      (0.0443885,0)       (-0.0314822,0)      
(0.5,0)             (-0.00759849,0)     (-0.0564413,0)      (0.0541352,0)       (-0.0419245,0)      
(0.5,0)             (0.00842811,0)      (-0.0489752,0)      (0.0375857,0)       (-0.0232349,0)      
(0.5,0)             (0.0183958,0)       (-0.0547005,0)      (0.0363656,0)       (-0.0180915,0)      
(0.5,0)             (-0.00716846,0)     (-0.0500196,0)      (0.0482475,0)       (-0.0375347,0)      
(0.5,0)             (-0.00261464,0)     (-0.0593039,0)      (0.0535251,0)       (-0.0393528,0)      
(0.5,0)             (0.0131969,0)       (-0.0550487,0)      (0.0399195,0)       (-0.0228581,0)      
(0.5,0)             (0.046022,0)        (-0.0672344,0)      (0.0300664,0)       (-0.00175229,0)     
(0.5,0)             (0.0238097,0)       (-0.0511416,0)      (0.0298678,0)       (-0.01113,0)        
(0.5,0)             (0.0167639,0)       (-0.040426,0)       (0.0248953,0)       (-0.0105978,0)      
(0.5,0)             (-0.0173512,0)      (-0.0475051,0)      (0.0524115,0)       (-0.044873,0)       
(0.5,0)             (0.00159739,0)      (-0.0350488,0)      (0.0296693,0)       (-0.0205078,0)      
(0.5,0)             (-0.0134424,0)      (-0.0664218,0)      (0.0665206,0)       (-0.0532757,0)      
(0.5,0)             (0.0152588,0)       (-0.0629016,0)      (0.0455022,0)       (-0.025962,0)       
(0.5,0)             (0.00735304,0)      (-0.0650293,0)      (0.052305,0)        (-0.0342094,0)      
(0.5,0)             (0.0254415,0)       (-0.0654162,0)      (0.0413382,0)       (-0.0186238,0)      
(0.5,0)             (0.0023692,0)       (-0.0621666,0)      (0.052915,0)        (-0.0367811,0)      
(0.5,0)             (0.0279335,0)       (-0.0668475,0)      (0.0410331,0)       (-0.0173379,0)      
(0.5,0)             (0.00615121,0)      (-0.0443331,0)      (0.0349469,0)       (-0.0223259,0)      
(0.5,0)             (0.0208877,0)       (-0.0561319,0)      (0.0360606,0)       (-0.0168057,0)      
(0.5,0)             (0.00507614,0)      (-0.0603871,0)      (0.0496661,0)       (-0.0333003,0)      
(0.5,0)             (0.00885814,0)      (-0.0425536,0)      (0.0316981,0)       (-0.0188451,0)      
(0.5,0)             (0.0206727,0)       (-0.0593427,0)      (0.0390044,0)       (-0.0190006,0)      
(0.5,0)             (0.0351942,0)       (-0.0743523,0)      (0.0430619,0)       (-0.0156753,0)      
(0.5,0)             (0.0256566,0)       (-0.0622054,0)      (0.0383943,0)       (-0.0164289,0)      
(0.5,0)             (0.0208877,0)       (-0.0561319,0)      (0.0360606,0)       (-0.0168057,0)      
(0.5,0)             (-0.00424651,0)     (-0.0450294,0)      (0.0420548,0)       (-0.031859,0)       
(0.5,0)             (-0.0155043,0)      (-0.0585689,0)      (0.060938,0)        (-0.0501718,0)      
(0.5,0)             (0.00572118,0)      (-0.0507547,0)      (0.0408346,0)       (-0.0267156,0)      
(0.5,0)             (0.0401781,0)       (-0.077215,0)       (0.0424518,0)       (-0.0131036,0)      
(0.5,0)             (0.000522321,0)     (-0.0511028,0)      (0.0443885,0)       (-0.0314822,0)      
(0.5,0)             (0.013842,0)        (-0.0454163,0)      (0.031088,0)        (-0.0162734,0)      
(0.5,0)             (0.0208877,0)       (-0.0561319,0)      (0.0360606,0)       (-0.0168057,0)      
(0.5,0)             (0.0117801,0)       (-0.0375633,0)      (0.0255053,0)       (-0.0131695,0)      
(0.5,0)             (0.010705,0)        (-0.0536174,0)      (0.0402245,0)       (-0.024144,0)       
(0.5,0)             (-0.00987539,0)     (-0.0517991,0)      (0.0514964,0)       (-0.0410154,0)      
(0.5,0)             (-0.00944537,0)     (-0.0453775,0)      (0.0456087,0)       (-0.0366256,0)      
(0.5,0)             (-0.00381648,0)     (-0.0386077,0)      (0.0361671,0)       (-0.0274693,0)      
(0.5,0)             (0.0213177,0)       (-0.0497103,0)      (0.0301729,0)       (-0.0124159,0)      
(0.5,0)             (-0.00716846,0)     (-0.0500196,0)      (0.0482475,0)       (-0.0375347,0)      
(0.5,0)             (0.0358393,0)       (-0.0647199,0)      (0.0342304,0)       (-0.00909058,0)     
