94
e_L                 onsite              nnhop               ospair              nnJastrow           
(1.04836,0)         (0.368005,0)        (-1.00397,0)        (0.260978,0)        (0.4,0)             
(1.05153,0)         (0.388757,0)        (-0.912166,0)       (0.180227,0)        (0.36,0)            
(1.04754,0)         (0.405362,0)        (-1.01256,0)        (0.227438,0)        (0.41,0)            
(1.05317,0)         (0.191383,0)        (-0.855056,0)       (0.349872,0)        (0.34,0)            
(1.04269,0)         (0.590654,0)        (-1.1402,0)         (0.115793,0)        (0.47,0)            
(1.03864,0)         (0.662678,0)        (-1.215,0)          (0.0885981,0)       (0.52,0)            
(1.04912,0)         (0.445436,0)        (-0.970631,0)       (0.158568,0)        (0.39,0)            
(1.04516,0)         (0.54931,0)         (-1.11097,0)        (0.140224,0)        (0.44,0)            
(1.05077,0)         (0.432285,0)        (-0.970336,0)       (0.172129,0)        (0.37,0)            
(1.05722,0)         (0.253679,0)        (-0.815715,0)       (0.259429,0)        (0.29,0)            
(1.04756,0)         (0.44303,0)         (-1.03098,0)        (0.199901,0)        (0.41,0)            
(1.04918,0)         (0.389715,0)        (-0.996395,0)       (0.233403,0)        (0.39,0)            
(1.05239,0)         (0.269424,0)        (-0.905981,0)       (0.301026,0)        (0.35,0)            
(1.05236,0)         (0.389369,0)        (-0.921826,0)       (0.185801,0)        (0.35,0)            
(1.05643,0)         (0.172215,0)        (-0.816156,0)       (0.344892,0)        (0.3,0)             
(1.04433,0)         (0.526475,0)        (-1.11085,0)        (0.164022,0)        (0.45,0)            
(1.04351,0)         (0.539169,0)        (-1.11246,0)        (0.151787,0)        (0.46,0)            
(1.05639,0)         (0.19537,0)         (-0.813214,0)       (0.318789,0)        (0.3,0)             
(1.04429,0)         (0.450372,0)        (-1.06549,0)        (0.214422,0)        (0.45,0)            
(1.04997,0)         (0.459299,0)        (-0.992206,0)       (0.15795,0)         (0.38,0)            
(1.04753,0)         (0.341276,0)        (-0.972695,0)       (0.268807,0)        (0.41,0)            
(1.04672,0)         (0.44324,0)         (-1.02919,0)        (0.198533,0)        (0.42,0)            
(1.05159,0)         (0.380745,0)        (-0.94324,0)        (0.208592,0)        (0.36,0)            
(1.04831,0)         (0.42592,0)         (-0.994252,0)       (0.194168,0)        (0.4,0)             
(1.05721,0)         (0.324735,0)        (-0.819189,0)       (0.187365,0)        (0.29,0)            
(1.0499,0)          (0.371892,0)        (-0.950512,0)       (0.222526,0)        (0.38,0)            
(1.04828,0)         (0.387183,0)        (-0.96749,0)        (0.217459,0)        (0.4,0)             
(1.04348,0)         (0.55039,0)         (-1.10641,0)        (0.136164,0)        (0.46,0)            
(1.04919,0)         (0.438494,0)        (-1.01005,0)        (0.191179,0)        (0.39,0)            
(1.04754,0)         (0.380643,0)        (-1.00623,0)        (0.249213,0)        (0.41,0)            
(1.04676,0)         (0.5197,0)          (-1.07374,0)        (0.147236,0)        (0.42,0)            
(1.04595,0)         (0.5567,0)          (-1.08314,0)        (0.114593,0)        (0.43,0)            
(1.04753,0)         (0.46613,0)         (-1.02868,0)        (0.174267,0)        (0.41,0)            
(1.0532,0)          (0.387733,0)        (-0.916084,0)       (0.183818,0)        (0.34,0)            
(1.04995,0)         (0.422756,0)        (-0.981487,0)       (0.189266,0)        (0.38,0)            
(1.03866,0)         (0.699222,0)        (-1.22572,0)        (0.0572824,0)       (0.52,0)            
(1.05564,0)         (0.29654,0)         (-0.864864,0)       (0.246226,0)        (0.31,0)            
(1.05072,0)         (0.331464,0)        (-0.918648,0)       (0.244303,0)        (0.37,0)            
(1.05235,0)         (0.327285,0)        (-0.8969,0)         (0.234685,0)        (0.35,0)            
(1.05399,0)         (0.37183,0)         (-0.889445,0)       (0.183312,0)        (0.33,0)            
(1.04917,0)         (0.461896,0)        (-1.00757,0)        (0.165117,0)        (0.39,0)            
(1.04273,0)         (0.628212,0)        (-1.1599,0)         (0.0891937,0)       (0.47,0)            
(1.05163,0)         (0.398384,0)        (-0.987241,0)       (0.21845,0)         (0.36,0)            
(1.04671,0)         (0.357863,0)        (-1.00546,0)        (0.272541,0)        (0.42,0)            
(1.03468,0)         (0.764304,0)        (-1.33994,0)        (0.0626986,0)       (0.57,0)            
(1.06129,0)         (0.231503,0)        (-0.762905,0)       (0.248648,0)        (0.24,0)            
(1.04347,0)         (0.48825,0)         (-1.08213,0)        (0.185517,0)        (0.46,0)            
(1.04439,0)         (0.60395,0)         (-1.16437,0)        (0.11744,0)         (0.45,0)            
(1.05565,0)         (0.322027,0)        (-0.879711,0)       (0.229126,0)        (0.31,0)            
(1.04917,0)         (0.46302,0)         (-1.01527,0)        (0.168895,0)        (0.39,0)            
(1.05234,0)         (0.316228,0)        (-0.901029,0)       (0.248901,0)        (0.35,0)            
(1.05236,0)         (0.411537,0)        (-0.912929,0)       (0.156899,0)        (0.35,0)            
(1.04753,0)         (0.417296,0)        (-1.01567,0)        (0.216959,0)        (0.41,0)            
(1.05,0)            (0.413674,0)        (-1.00422,0)        (0.213383,0)        (0.38,0)            
(1.04919,0)         (0.439619,0)        (-1.01775,0)        (0.194957,0)        (0.39,0)            
(1.03948,0)         (0.637749,0)        (-1.21045,0)        (0.11174,0)         (0.51,0)            
(1.04592,0)         (0.520212,0)        (-1.07178,0)        (0.14544,0)         (0.43,0)            
(1.04672,0)         (0.468781,0)        (-1.0434,0)         (0.180965,0)        (0.42,0)            
(1.04915,0)         (0.436464,0)        (-0.992083,0)       (0.181747,0)        (0.39,0)            
(1.05644,0)         (0.243985,0)        (-0.828786,0)       (0.277972,0)        (0.3,0)             
(1.04913,0)         (0.376629,0)        (-0.98256,0)        (0.238187,0)        (0.39,0)            
(1.05234,0)         (0.315104,0)        (-0.893327,0)       (0.245123,0)        (0.35,0)            
(1.05803,0)         (0.286555,0)        (-0.802727,0)       (0.216699,0)        (0.28,0)            
(1.04513,0)         (0.558282,0)        (-1.08952,0)        (0.117045,0)        (0.44,0)            
(1.04995,0)         (0.430494,0)        (-0.953614,0)       (0.163246,0)        (0.38,0)            
(1.04268,0)         (0.541875,0)        (-1.12655,0)        (0.158017,0)        (0.47,0)            
(1.03949,0)         (0.663236,0)        (-1.2253,0)         (0.0946408,0)       (0.51,0)            
(1.04352,0)         (0.505835,0)        (-1.12677,0)        (0.195844,0)        (0.46,0)            
(1.04592,0)         (0.447263,0)        (-1.05209,0)        (0.20905,0)         (0.43,0)            
(1.03139,0)         (0.819465,0)        (-1.37848,0)        (0.0298116,0)       (0.61,0)            
(1.04996,0)         (0.421577,0)        (-0.974426,0)       (0.185957,0)        (0.38,0)            
(1.05239,0)         (0.35598,0)         (-0.936773,0)       (0.230327,0)        (0.35,0)            
(1.05158,0)         (0.3808,0)          (-0.9426,0)         (0.208123,0)        (0.36,0)            
(1.054,0)           (0.337426,0)        (-0.895409,0)       (0.223121,0)        (0.33,0)            
(1.05965,0)         (0.161417,0)        (-0.756153,0)       (0.317589,0)        (0.26,0)            
(1.04596,0)         (0.462351,0)        (-1.08086,0)        (0.211781,0)        (0.43,0)            
(1.05155,0)         (0.377591,0)        (-0.917575,0)       (0.195382,0)        (0.36,0)            
(1.04512,0)         (0.53392,0)         (-1.08237,0)        (0.137922,0)        (0.44,0)            
(1.04023,0)         (0.559872,0)        (-1.15761,0)        (0.159179,0)        (0.5,0)             
(1.05233,0)         (0.291866,0)        (-0.893883,0)       (0.269778,0)        (0.35,0)            
(1.04591,0)         (0.41072,0)         (-1.04137,0)        (0.240366,0)        (0.43,0)            
(1.05318,0)         (0.375606,0)        (-0.911871,0)       (0.193788,0)        (0.34,0)            
(1.04107,0)         (0.570416,0)        (-1.15544,0)        (0.146758,0)        (0.49,0)            
(1.04991,0)         (0.359657,0)        (-0.947579,0)       (0.233433,0)        (0.38,0)            
(1.04759,0)         (0.482589,0)        (-1.06562,0)        (0.180816,0)        (0.41,0)            
(1.04432,0)         (0.52653,0)         (-1.11021,0)        (0.163553,0)        (0.45,0)            
(1.05069,0)         (0.342685,0)        (-0.912599,0)       (0.22868,0)         (0.37,0)            
(1.05888,0)         (0.217181,0)        (-0.817255,0)       (0.298583,0)        (0.27,0)            
(1.05476,0)         (0.317191,0)        (-0.836044,0)       (0.206096,0)        (0.32,0)            
(1.04591,0)         (0.48142,0)         (-1.04566,0)        (0.1692,0)          (0.43,0)            
(1.0564,0)          (0.244149,0)        (-0.826866,0)       (0.276566,0)        (0.3,0)             
(1.04831,0)         (0.351545,0)        (-0.967034,0)       (0.254429,0)        (0.4,0)             
(1.05156,0)         (0.355368,0)        (-0.927112,0)       (0.224753,0)        (0.36,0)            
(1.04432,0)         (0.607519,0)        (-1.10185,0)        (0.0734946,0)       (0.45,0)            
(1.04185,0)         (0.531276,0)        (-1.12936,0)        (0.170907,0)        (0.48,0)            
(1.04913,0)         (0.364393,0)        (-0.979627,0)       (0.249095,0)        (0.39,0)            
(1.04668,0)         (0.452267,0)        (-1.0071,0)         (0.174885,0)        (0.42,0)            
(1.04351,0)         (0.527235,0)        (-1.10935,0)        (0.162267,0)        (0.46,0)            
(1.04751,0)         (0.427392,0)        (-1.00192,0)        (0.197557,0)        (0.41,0)            
(1.04187,0)         (0.555638,0)        (-1.1365,0)         (0.15003,0)         (0.48,0)            
(1.04998,0)         (0.434828,0)        (-0.98634,0)        (0.179765,0)        (0.38,0)            
(1.04509,0)         (0.471891,0)        (-1.05681,0)        (0.186337,0)        (0.44,0)            
(1.04591,0)         (0.447016,0)        (-1.05162,0)        (0.20901,0)         (0.43,0)            
(1.03947,0)         (0.600027,0)        (-1.19267,0)        (0.139747,0)        (0.51,0)            
(1.04351,0)         (0.455931,0)        (-1.10542,0)        (0.23429,0)         (0.46,0)            
(1.05154,0)         (0.36541,0)         (-0.914002,0)       (0.20582,0)         (0.36,0)            
(1.06125,0)         (0.191696,0)        (-0.727801,0)       (0.267691,0)        (0.24,0)            
(1.03702,0)         (0.666857,0)        (-1.23675,0)        (0.0982167,0)       (0.54,0)            
(1.04993,0)         (0.3576,0)          (-0.933282,0)       (0.226387,0)        (0.38,0)            
(1.04669,0)         (0.454461,0)        (-1.02315,0)        (0.18291,0)         (0.42,0)            
(1.05155,0)         (0.390897,0)        (-0.928849,0)       (0.188721,0)        (0.36,0)            
(1.06368,0)         (0.0994341,0)       (-0.66824,0)        (0.325851,0)        (0.21,0)            
(1.05071,0)         (0.355935,0)        (-0.924513,0)       (0.222488,0)        (0.37,0)            
(1.04996,0)         (0.347504,0)        (-0.947032,0)       (0.245789,0)        (0.38,0)            
(1.0443,0)          (0.5721,0)          (-1.09883,0)        (0.108588,0)        (0.45,0)            
(1.04189,0)         (0.593251,0)        (-1.15556,0)        (0.122961,0)        (0.48,0)            
(1.04029,0)         (0.622862,0)        (-1.1928,0)         (0.115949,0)        (0.5,0)             
(1.04995,0)         (0.39609,0)         (-0.959578,0)       (0.203056,0)        (0.38,0)            
(1.05239,0)         (0.390384,0)        (-0.930808,0)       (0.190517,0)        (0.35,0)            
(1.05967,0)         (0.246794,0)        (-0.779883,0)       (0.243581,0)        (0.26,0)            
(1.05081,0)         (0.422134,0)        (-0.984726,0)       (0.191999,0)        (0.37,0)            
(1.05643,0)         (0.293998,0)        (-0.848859,0)       (0.238589,0)        (0.3,0)             
(1.04916,0)         (0.411993,0)        (-0.986217,0)       (0.203562,0)        (0.39,0)            
(1.04912,0)         (0.364447,0)        (-0.978987,0)       (0.248626,0)        (0.39,0)            
(1.04595,0)         (0.470446,0)        (-1.05217,0)        (0.184864,0)        (0.43,0)            
(1.04912,0)         (0.434325,0)        (-0.975399,0)       (0.173253,0)        (0.39,0)            
(1.05965,0)         (0.200263,0)        (-0.781635,0)       (0.29336,0)         (0.26,0)            
(1.05638,0)         (0.167635,0)        (-0.782964,0)       (0.328332,0)        (0.3,0)             
(1.04917,0)         (0.46302,0)         (-1.01527,0)        (0.168895,0)        (0.39,0)            
(1.05237,0)         (0.367146,0)        (-0.931364,0)       (0.215172,0)        (0.35,0)            
(1.04593,0)         (0.42249,0)         (-1.04639,0)        (0.231294,0)        (0.43,0)            
(1.04593,0)         (0.532393,0)        (-1.07535,0)        (0.135002,0)        (0.43,0)            
(1.03622,0)         (0.694995,0)        (-1.26632,0)        (0.0878159,0)       (0.55,0)            
(1.04516,0)         (0.585908,0)        (-1.12105,0)        (0.10844,0)         (0.44,0)            
(1.05638,0)         (0.265302,0)        (-0.808987,0)       (0.242947,0)        (0.3,0)             
(1.05561,0)         (0.319942,0)        (-0.862388,0)       (0.220163,0)        (0.31,0)            
(1.04755,0)         (0.502673,0)        (-1.0394,0)         (0.142951,0)        (0.41,0)            
(1.04109,0)         (0.509292,0)        (-1.14014,0)        (0.200827,0)        (0.49,0)            
(1.04105,0)         (0.593818,0)        (-1.15296,0)        (0.120696,0)        (0.49,0)            
(1.05081,0)         (0.447675,0)        (-0.998933,0)       (0.174431,0)        (0.37,0)            
(1.06535,0)         (0.158355,0)        (-0.6804,0)         (0.272065,0)        (0.19,0)            
(1.04757,0)         (0.469339,0)        (-1.0537,0)         (0.187008,0)        (0.41,0)            
(1.04751,0)         (0.46399,0)         (-1.01199,0)        (0.165773,0)        (0.41,0)            
(1.04914,0)         (0.375449,0)        (-0.975498,0)       (0.234878,0)        (0.39,0)            
(1.04106,0)         (0.521637,0)        (-1.14179,0)        (0.188982,0)        (0.49,0)            
(1.054,0)           (0.287468,0)        (-0.874696,0)       (0.262036,0)        (0.33,0)            
(1.04999,0)         (0.412605,0)        (-0.995878,0)       (0.209136,0)        (0.38,0)            
(1.05482,0)         (0.287011,0)        (-0.876015,0)       (0.263362,0)        (0.32,0)            
(1.04596,0)         (0.522297,0)        (-1.0891,0)         (0.154403,0)        (0.43,0)            
(1.04188,0)         (0.639891,0)        (-1.15253,0)        (0.0722434,0)       (0.48,0)            
(1.04676,0)         (0.518575,0)        (-1.06604,0)        (0.143458,0)        (0.42,0)            
(1.04267,0)         (0.564098,0)        (-1.11701,0)        (0.128646,0)        (0.47,0)            
(1.05151,0)         (0.232378,0)        (-0.884321,0)       (0.32583,0)         (0.36,0)            
(1.04992,0)         (0.430604,0)        (-0.952333,0)       (0.162308,0)        (0.38,0)            
(1.04753,0)         (0.477241,0)        (-1.02391,0)        (0.159581,0)        (0.41,0)            
(1.04432,0)         (0.478821,0)        (-1.1049,0)         (0.210023,0)        (0.45,0)            
(1.05076,0)         (0.383506,0)        (-0.956684,0)       (0.214352,0)        (0.37,0)            
(1.05483,0)         (0.384623,0)        (-0.902678,0)       (0.178447,0)        (0.32,0)            
(1.04833,0)         (0.437992,0)        (-0.999106,0)       (0.184668,0)        (0.4,0)             
(1.05399,0)         (0.265355,0)        (-0.882954,0)       (0.290469,0)        (0.33,0)            
(1.04111,0)         (0.656808,0)        (-1.18815,0)        (0.0774661,0)       (0.49,0)            
(1.04431,0)         (0.512155,0)        (-1.09059,0)        (0.165966,0)        (0.45,0)            
(1.05161,0)         (0.39512,0)         (-0.962856,0)       (0.206178,0)        (0.36,0)            
(1.04672,0)         (0.515366,0)        (-1.04101,0)        (0.130717,0)        (0.42,0)            
(1.04668,0)         (0.464503,0)        (-1.01004,0)        (0.163977,0)        (0.42,0)            
(1.05399,0)         (0.26423,0)         (-0.875252,0)       (0.286691,0)        (0.33,0)            
(1.04675,0)         (0.347712,0)        (-1.01985,0)        (0.292412,0)        (0.42,0)            
(1.04349,0)         (0.491514,0)        (-1.10651,0)        (0.197789,0)        (0.46,0)            
(1.04832,0)         (0.390337,0)        (-0.993155,0)       (0.230669,0)        (0.4,0)             
(1.04915,0)         (0.425353,0)        (-0.996851,0)       (0.196433,0)        (0.39,0)            
(1.04431,0)         (0.536572,0)        (-1.0971,0)         (0.14462,0)         (0.45,0)            
(1.054,0)           (0.288593,0)        (-0.882398,0)       (0.265814,0)        (0.33,0)            
(1.05554,0)         (0.268063,0)        (-0.822431,0)       (0.248708,0)        (0.31,0)            
(1.0419,0)          (0.58214,0)         (-1.16033,0)        (0.137646,0)        (0.48,0)            
(1.04673,0)         (0.467602,0)        (-1.03634,0)        (0.177656,0)        (0.42,0)            
(1.0419,0)          (0.628725,0)        (-1.15794,0)        (0.087398,0)        (0.48,0)            
(1.04353,0)         (0.576782,0)        (-1.13152,0)        (0.124719,0)        (0.46,0)            
(1.05149,0)         (0.279073,0)        (-0.88065,0)        (0.274643,0)        (0.36,0)            
(1.04591,0)         (0.483669,0)        (-1.06106,0)        (0.176756,0)        (0.43,0)            
(1.05804,0)         (0.265457,0)        (-0.819966,0)       (0.249848,0)        (0.28,0)            
(1.05886,0)         (0.286043,0)        (-0.804686,0)       (0.218494,0)        (0.27,0)            
(1.04593,0)         (0.482435,0)        (-1.05464,0)        (0.173916,0)        (0.43,0)            
(1.04433,0)         (0.586421,0)        (-1.11909,0)        (0.106644,0)        (0.45,0)            
(1.04996,0)         (0.411645,0)        (-0.986256,0)       (0.203951,0)        (0.38,0)            
(1.05229,0)         (0.14328,0)         (-0.837525,0)       (0.388892,0)        (0.35,0)            
(1.04187,0)         (0.603348,0)        (-1.14181,0)        (0.103559,0)        (0.48,0)            
(1.04833,0)         (0.462408,0)        (-1.00561,0)        (0.163321,0)        (0.4,0)             
(1.04108,0)         (0.594778,0)        (-1.16259,0)        (0.125881,0)        (0.49,0)            
(1.04025,0)         (0.571998,0)        (-1.16182,0)        (0.14921,0)         (0.5,0)             
(1.04107,0)         (0.571541,0)        (-1.16314,0)        (0.150536,0)        (0.49,0)            
(1.04832,0)         (0.414754,0)        (-0.999661,0)       (0.209323,0)        (0.4,0)             
(1.04508,0)         (0.484126,0)        (-1.05974,0)        (0.175429,0)        (0.44,0)            
(1.04831,0)         (0.471381,0)        (-0.984159,0)       (0.140142,0)        (0.4,0)             
(1.05156,0)         (0.380909,0)        (-0.941319,0)       (0.207185,0)        (0.36,0)            
(1.04595,0)         (0.533408,0)        (-1.08433,0)        (0.139717,0)        (0.43,0)            
(1.05157,0)         (0.356438,0)        (-0.935454,0)       (0.229,0)           (0.36,0)            
(1.04676,0)         (0.507464,0)        (-1.0708,0)         (0.158143,0)        (0.42,0)            
(1.05805,0)         (0.133331,0)        (-0.800548,0)       (0.375511,0)        (0.28,0)            
(1.04834,0)         (0.379171,0)        (-0.998564,0)       (0.245824,0)        (0.4,0)             
(1.04913,0)         (0.395725,0)        (-0.950383,0)       (0.197523,0)        (0.39,0)            
(1.04511,0)         (0.460724,0)        (-1.06222,0)        (0.201491,0)        (0.44,0)            
(1.04671,0)         (0.443295,0)        (-1.02855,0)        (0.198064,0)        (0.42,0)            
(1.04995,0)         (0.420507,0)        (-0.966084,0)       (0.18171,0)         (0.38,0)            
(1.05399,0)         (0.263106,0)        (-0.867551,0)       (0.282913,0)        (0.33,0)            
(1.04351,0)         (0.55135,0)         (-1.11604,0)        (0.141349,0)        (0.46,0)            
(1.05073,0)         (0.308116,0)        (-0.920483,0)       (0.269896,0)        (0.37,0)            
(1.0483,0)          (0.389322,0)        (-0.984174,0)       (0.225953,0)        (0.4,0)             
(1.04027,0)         (0.634083,0)        (-1.18675,0)        (0.100326,0)        (0.5,0)             
(1.04993,0)         (0.418368,0)        (-0.949401,0)       (0.173215,0)        (0.38,0)            
(1.04349,0)         (0.539224,0)        (-1.11182,0)        (0.151318,0)        (0.46,0)            
(1.05485,0)         (0.39675,0)         (-0.906891,0)       (0.168477,0)        (0.32,0)            
(1.04996,0)         (0.386103,0)        (-0.972048,0)       (0.221519,0)        (0.38,0)            
(1.04837,0)         (0.342711,0)        (-0.990231,0)       (0.278587,0)        (0.4,0)             
(1.05156,0)         (0.404202,0)        (-0.940124,0)       (0.182061,0)        (0.36,0)            
(1.05155,0)         (0.223653,0)        (-0.906239,0)       (0.34905,0)         (0.36,0)            
(1.0443,0)          (0.501098,0)        (-1.09472,0)        (0.180183,0)        (0.45,0)            
(1.04595,0)         (0.497934,0)        (-1.08196,0)        (0.17528,0)         (0.43,0)            
(1.0435,0)          (0.503695,0)        (-1.11009,0)        (0.18735,0)         (0.46,0)            
(1.04588,0)         (0.468224,0)        (-1.0331,0)         (0.174922,0)        (0.43,0)            
(1.05076,0)         (0.384631,0)        (-0.964385,0)       (0.21813,0)         (0.37,0)            
(1.0419,0)          (0.629849,0)        (-1.16564,0)        (0.091176,0)        (0.48,0)            
(1.03782,0)         (0.639843,0)        (-1.21488,0)        (0.112396,0)        (0.53,0)            
(1.04678,0)         (0.495475,0)        (-1.06834,0)        (0.169092,0)        (0.42,0)            
(1.04431,0)         (0.560989,0)        (-1.1036,0)         (0.123274,0)        (0.45,0)            
(1.04832,0)         (0.364796,0)        (-0.978948,0)       (0.248237,0)        (0.4,0)             
(1.04513,0)         (0.523879,0)        (-1.09548,0)        (0.156854,0)        (0.44,0)            
(1.03945,0)         (0.552427,0)        (-1.18608,0)        (0.185279,0)        (0.51,0)            
(1.04674,0)         (0.483156,0)        (-1.06302,0)        (0.178552,0)        (0.42,0)            
(1.04919,0)         (0.521732,0)        (-1.01709,0)        (0.108677,0)        (0.39,0)            
(1.04915,0)         (0.386506,0)        (-0.97137,0)        (0.220662,0)        (0.39,0)            
(1.04832,0)         (0.462463,0)        (-1.00497,0)        (0.162852,0)        (0.4,0)             
(1.04909,0)         (0.396712,0)        (-0.956339,0)       (0.200322,0)        (0.39,0)            
(1.0475,0)          (0.391919,0)        (-0.999538,0)       (0.23312,0)         (0.41,0)            
(1.04512,0)         (0.498392,0)        (-1.08064,0)        (0.173954,0)        (0.44,0)            
(1.04269,0)         (0.54182,0)         (-1.12719,0)        (0.158486,0)        (0.47,0)            
(1.0532,0)          (0.341148,0)        (-0.918475,0)       (0.234067,0)        (0.34,0)            
(1.04908,0)         (0.350182,0)        (-0.95809,0)        (0.250101,0)        (0.39,0)            
(1.05156,0)         (0.379785,0)        (-0.933618,0)       (0.203407,0)        (0.36,0)            
(1.05637,0)         (0.180995,0)        (-0.793598,0)       (0.321202,0)        (0.3,0)             
(1.04595,0)         (0.521227,0)        (-1.08076,0)        (0.150156,0)        (0.43,0)            
(1.04509,0)         (0.471891,0)        (-1.05681,0)        (0.186337,0)        (0.44,0)            
(1.04672,0)         (0.50431,0)         (-1.04514,0)        (0.144933,0)        (0.42,0)            
(1.05394,0)         (0.187826,0)        (-0.83007,0)        (0.337519,0)        (0.33,0)            
(1.04434,0)         (0.515364,0)        (-1.11562,0)        (0.178707,0)        (0.45,0)            
(1.04998,0)         (0.388243,0)        (-0.988732,0)       (0.230013,0)        (0.38,0)            
(1.05399,0)         (0.27866,0)         (-0.894228,0)       (0.283808,0)        (0.33,0)            
(1.04433,0)         (0.538711,0)        (-1.11378,0)        (0.153114,0)        (0.45,0)            
(1.04997,0)         (0.434882,0)        (-0.9857,0)         (0.179296,0)        (0.38,0)            
(1.04343,0)         (0.475109,0)        (-1.06893,0)        (0.19077,0)         (0.46,0)            
(1.04916,0)         (0.425298,0)        (-0.997492,0)       (0.196902,0)        (0.39,0)            
(1.04269,0)         (0.566237,0)        (-1.13369,0)        (0.13714,0)         (0.47,0)            
(1.04747,0)         (0.402015,0)        (-0.985788,0)       (0.213719,0)        (0.41,0)            
(1.04349,0)         (0.490692,0)        (-1.09864,0)        (0.193583,0)        (0.46,0)            
(1.04355,0)         (0.591157,0)        (-1.15114,0)        (0.122305,0)        (0.46,0)            
(1.04267,0)         (0.553041,0)        (-1.12114,0)        (0.142862,0)        (0.47,0)            
(1.05075,0)         (0.370201,0)        (-0.94541,0)        (0.221013,0)        (0.37,0)            
(1.05557,0)         (0.257967,0)        (-0.836181,0)       (0.268109,0)        (0.31,0)            
(1.04279,0)         (0.669089,0)        (-1.20334,0)        (0.074397,0)        (0.47,0)            
(1.05077,0)         (0.407869,0)        (-0.96383,0)        (0.193475,0)        (0.37,0)            
(1.05161,0)         (0.443954,0)        (-0.975867,0)       (0.163486,0)        (0.36,0)            
(1.0475,0)          (0.415211,0)        (-0.998342,0)       (0.207996,0)        (0.41,0)            
(1.04349,0)         (0.610225,0)        (-1.11594,0)        (0.0797239,0)       (0.46,0)            
(1.05241,0)         (0.393648,0)        (-0.955193,0)       (0.202789,0)        (0.35,0)            
(1.04431,0)         (0.512155,0)        (-1.09059,0)        (0.165966,0)        (0.45,0)            
(1.04429,0)         (0.546614,0)        (-1.08399,0)        (0.125688,0)        (0.45,0)            
(1.04025,0)         (0.633013,0)        (-1.17841,0)        (0.0960786,0)       (0.5,0)             
(1.05638,0)         (0.155701,0)        (-0.779856,0)       (0.338811,0)        (0.3,0)             
(1.05638,0)         (0.18094,0)         (-0.794238,0)       (0.321671,0)        (0.3,0)             
(1.04267,0)         (0.516389,0)        (-1.1117,0)         (0.175116,0)        (0.47,0)            
(1.04111,0)         (0.633516,0)        (-1.18935,0)        (0.10259,0)         (0.49,0)            
(1.0411,0)          (0.63357,0)         (-1.18871,0)        (0.102121,0)        (0.49,0)            
(1.05313,0)         (0.348035,0)        (-0.8797,0)         (0.201924,0)        (0.34,0)            
(1.04594,0)         (0.43692,0)         (-1.06537,0)        (0.228411,0)        (0.43,0)            
(1.05076,0)         (0.360214,0)        (-0.95788,0)        (0.239476,0)        (0.37,0)            
(1.04999,0)         (0.412605,0)        (-0.995878,0)       (0.209136,0)        (0.38,0)            
(1.05239,0)         (0.330439,0)        (-0.922565,0)       (0.247895,0)        (0.35,0)            
(1.05079,0)         (0.371463,0)        (-0.954857,0)       (0.225769,0)        (0.37,0)            
(1.04508,0)         (0.485251,0)        (-1.06744,0)        (0.179207,0)        (0.44,0)            
(1.0411,0)          (0.608029,0)        (-1.1745,0)         (0.119689,0)        (0.49,0)            
(1.05163,0)         (0.444969,0)        (-0.984849,0)       (0.168202,0)        (0.36,0)            
(1.04672,0)         (0.490949,0)        (-1.0345,0)         (0.152063,0)        (0.42,0)            
(1.05075,0)         (0.334727,0)        (-0.943032,0)       (0.256575,0)        (0.37,0)            
(1.05727,0)         (0.352252,0)        (-0.852,0)          (0.179698,0)        (0.29,0)            
(1.05482,0)         (0.359137,0)        (-0.887831,0)       (0.195546,0)        (0.32,0)            
(1.03538,0)         (0.660034,0)        (-1.26198,0)        (0.121583,0)        (0.56,0)            
(1.04912,0)         (0.277069,0)        (-0.940319,0)       (0.315119,0)        (0.39,0)            
(1.05317,0)         (0.325703,0)        (-0.890518,0)       (0.232233,0)        (0.34,0)            
(1.05641,0)         (0.280747,0)        (-0.836945,0)       (0.244781,0)        (0.3,0)             
(1.04995,0)         (0.397215,0)        (-0.96728,0)        (0.206834,0)        (0.38,0)            
(1.04506,0)         (0.434278,0)        (-1.03775,0)        (0.213405,0)        (0.44,0)            
(1.06212,0)         (0.158919,0)        (-0.752408,0)       (0.317791,0)        (0.23,0)            
(1.04675,0)         (0.45756,0)         (-1.04945,0)        (0.196589,0)        (0.42,0)            
(1.05483,0)         (0.360207,0)        (-0.896173,0)       (0.199793,0)        (0.32,0)            
(1.04509,0)         (0.484072,0)        (-1.06038,0)        (0.175898,0)        (0.44,0)            
(1.05474,0)         (0.222951,0)        (-0.832485,0)       (0.302345,0)        (0.32,0)            
(1.05156,0)         (0.332076,0)        (-0.928308,0)       (0.249877,0)        (0.36,0)            
(1.04595,0)         (0.544519,0)        (-1.07956,0)        (0.125032,0)        (0.43,0)            
(1.04511,0)         (0.450737,0)        (-1.07469,0)        (0.219955,0)        (0.44,0)            
(1.05317,0)         (0.313467,0)        (-0.887585,0)       (0.243141,0)        (0.34,0)            
(1.04347,0)         (0.488552,0)        (-1.08195,0)        (0.185089,0)        (0.46,0)            
