24
e_L                 onsite              nnhop               ospair              nnJastrow           
(1.04414,0)         (0.378642,0)        (-0.974198,0)       (0.246491,0)        (0.38,0)            
(1.0402,0)          (0.513923,0)        (-1.08537,0)        (0.178113,0)        (0.42,0)            
(1.0418,0)          (0.442224,0)        (-1.02017,0)        (0.21021,0)         (0.36,0)            
(1.05034,0)         (0.215912,0)        (-0.790101,0)       (0.295478,0)        (0.25,0)            
(1.0406,0)          (0.535682,0)        (-1.07657,0)        (0.149499,0)        (0.41,0)            
(1.0455,0)          (0.407978,0)        (-0.94782,0)        (0.198323,0)        (0.34,0)            
(1.04507,0)         (0.334935,0)        (-0.92767,0)        (0.261576,0)        (0.35,0)            
(1.04066,0)         (0.551101,0)        (-1.09283,0)        (0.144077,0)        (0.43,0)            
(1.04592,0)         (0.329901,0)        (-0.95956,0)        (0.287912,0)        (0.38,0)            
(1.04318,0)         (0.408101,0)        (-1.01258,0)        (0.240963,0)        (0.39,0)            
(1.03735,0)         (0.55387,0)         (-1.17339,0)        (0.194374,0)        (0.49,0)            
(1.04195,0)         (0.438369,0)        (-1.04814,0)        (0.232719,0)        (0.42,0)            
(1.04115,0)         (0.468265,0)        (-1.08478,0)        (0.225584,0)        (0.44,0)            
(1.04078,0)         (0.463877,0)        (-1.0639,0)         (0.216391,0)        (0.42,0)            
(1.04883,0)         (0.235081,0)        (-0.830921,0)       (0.302344,0)        (0.28,0)            
(1.04801,0)         (0.309628,0)        (-0.909975,0)       (0.276416,0)        (0.35,0)            
(1.04775,0)         (0.290258,0)        (-0.871089,0)       (0.271038,0)        (0.32,0)            
(1.04725,0)         (0.282648,0)        (-0.889622,0)       (0.291253,0)        (0.34,0)            
(1.03895,0)         (0.591962,0)        (-1.1255,0)         (0.122824,0)        (0.45,0)            
(1.05209,0)         (0.235121,0)        (-0.816102,0)       (0.292516,0)        (0.3,0)             
(1.04209,0)         (0.474671,0)        (-1.05908,0)        (0.201895,0)        (0.41,0)            
(1.04299,0)         (0.429793,0)        (-1.00443,0)        (0.212845,0)        (0.38,0)            
(1.04345,0)         (0.418028,0)        (-0.999195,0)       (0.221718,0)        (0.39,0)            
(1.04193,0)         (0.439486,0)        (-0.993929,0)       (0.195749,0)        (0.37,0)            
(1.03461,0)         (0.656542,0)        (-1.23276,0)        (0.12597,0)         (0.5,0)             
(1.04585,0)         (0.340903,0)        (-0.903705,0)       (0.239494,0)        (0.31,0)            
(1.04464,0)         (0.373513,0)        (-0.955499,0)       (0.239519,0)        (0.34,0)            
(1.05092,0)         (0.140562,0)        (-0.754017,0)       (0.350626,0)        (0.25,0)            
(1.03838,0)         (0.617537,0)        (-1.14062,0)        (0.106001,0)        (0.45,0)            
(1.04538,0)         (0.397318,0)        (-0.951349,0)       (0.211827,0)        (0.35,0)            
(1.04665,0)         (0.40577,0)         (-0.93029,0)        (0.189061,0)        (0.34,0)            
(1.0406,0)          (0.535682,0)        (-1.07657,0)        (0.149499,0)        (0.41,0)            
(1.04409,0)         (0.387694,0)        (-0.964287,0)       (0.230458,0)        (0.36,0)            
(1.04184,0)         (0.404408,0)        (-1.05343,0)        (0.271812,0)        (0.43,0)            
(1.0503,0)          (0.169778,0)        (-0.843133,0)       (0.378855,0)        (0.33,0)            
(1.03669,0)         (0.609794,0)        (-1.16044,0)        (0.127209,0)        (0.47,0)            
(1.04377,0)         (0.337876,0)        (-0.955058,0)       (0.27658,0)         (0.34,0)            
(1.03602,0)         (0.603412,0)        (-1.19724,0)        (0.158198,0)        (0.48,0)            
(1.04294,0)         (0.413541,0)        (-0.979906,0)       (0.213682,0)        (0.36,0)            
(1.04881,0)         (0.243354,0)        (-0.875074,0)       (0.322832,0)        (0.31,0)            
(1.03437,0)         (0.659692,0)        (-1.24617,0)        (0.131524,0)        (0.52,0)            
(1.04407,0)         (0.435466,0)        (-0.96887,0)        (0.183414,0)        (0.36,0)            
(1.04843,0)         (0.21249,0)         (-0.831453,0)       (0.326374,0)        (0.29,0)            
(1.03527,0)         (0.602907,0)        (-1.19962,0)        (0.160301,0)        (0.47,0)            
(1.04088,0)         (0.473366,0)        (-1.05225,0)        (0.198752,0)        (0.41,0)            
(1.0406,0)          (0.511211,0)        (-1.07022,0)        (0.170953,0)        (0.41,0)            
(1.04393,0)         (0.387256,0)        (-0.966024,0)       (0.232065,0)        (0.35,0)            
(1.04205,0)         (0.472329,0)        (-1.04284,0)        (0.193625,0)        (0.41,0)            
(1.03414,0)         (0.667135,0)        (-1.22988,0)        (0.112962,0)        (0.49,0)            
(1.0489,0)          (0.153787,0)        (-0.829896,0)       (0.386875,0)        (0.3,0)             
(1.04294,0)         (0.411252,0)        (-1.02599,0)        (0.246517,0)        (0.41,0)            
(1.04689,0)         (0.329206,0)        (-0.897824,0)       (0.24787,0)         (0.32,0)            
(1.04843,0)         (0.311208,0)        (-0.865125,0)       (0.24514,0)         (0.29,0)            
(1.0477,0)          (0.323781,0)        (-0.86753,0)        (0.23355,0)         (0.3,0)             
(1.0444,0)          (0.352192,0)        (-0.962557,0)       (0.266527,0)        (0.36,0)            
(1.03911,0)         (0.482608,0)        (-1.10646,0)        (0.224863,0)        (0.44,0)            
(1.03724,0)         (0.617795,0)        (-1.20409,0)        (0.14765,0)         (0.5,0)             
(1.04332,0)         (0.416811,0)        (-1.055,0)          (0.259845,0)        (0.43,0)            
(1.03878,0)         (0.590353,0)        (-1.11912,0)        (0.120296,0)        (0.44,0)            
(1.0444,0)          (0.401134,0)        (-0.975261,0)       (0.223618,0)        (0.36,0)            
(1.03508,0)         (0.54723,0)         (-1.20198,0)        (0.220212,0)        (0.51,0)            
(1.05081,0)         (0.205319,0)        (-0.792985,0)       (0.308486,0)        (0.26,0)            
(1.04867,0)         (0.210173,0)        (-0.826307,0)       (0.325404,0)        (0.27,0)            
(1.04602,0)         (0.366983,0)        (-0.91644,0)        (0.220568,0)        (0.32,0)            
(1.04642,0)         (0.364271,0)        (-0.901292,0)       (0.213408,0)        (0.31,0)            
(1.04102,0)         (0.509669,0)        (-1.06319,0)        (0.167929,0)        (0.4,0)             
(1.0458,0)          (0.322362,0)        (-0.925265,0)       (0.273166,0)        (0.34,0)            
(1.04609,0)         (0.31016,0)         (-0.921767,0)       (0.283645,0)        (0.34,0)            
(1.04498,0)         (0.350255,0)        (-0.945529,0)       (0.257312,0)        (0.36,0)            
(1.04229,0)         (0.49365,0)         (-1.03578,0)        (0.166617,0)        (0.39,0)            
(1.03845,0)         (0.560714,0)        (-1.14595,0)        (0.169078,0)        (0.47,0)            
(1.04591,0)         (0.402144,0)        (-0.970496,0)       (0.219414,0)        (0.38,0)            
(1.04789,0)         (0.32656,0)         (-0.882033,0)       (0.240214,0)        (0.31,0)            
(1.03524,0)         (0.649508,0)        (-1.19609,0)        (0.109121,0)        (0.47,0)            
(1.04277,0)         (0.458586,0)        (-1.03231,0)        (0.201079,0)        (0.4,0)             
(1.0409,0)          (0.477659,0)        (-1.02255,0)        (0.174637,0)        (0.36,0)            
(1.04787,0)         (0.325389,0)        (-0.873912,0)       (0.236079,0)        (0.31,0)            
(1.03769,0)         (0.560209,0)        (-1.14833,0)        (0.171181,0)        (0.46,0)            
(1.0467,0)          (0.311398,0)        (-0.929243,0)       (0.287284,0)        (0.34,0)            
(1.03769,0)         (0.560209,0)        (-1.14833,0)        (0.171181,0)        (0.46,0)            
(1.03782,0)         (0.472984,0)        (-1.11939,0)        (0.243495,0)        (0.45,0)            
(1.03952,0)         (0.530009,0)        (-1.11213,0)        (0.17893,0)         (0.43,0)            
(1.04047,0)         (0.572793,0)        (-1.08468,0)        (0.115959,0)        (0.42,0)            
(1.04661,0)         (0.367051,0)        (-0.915795,0)       (0.220072,0)        (0.32,0)            
(1.04574,0)         (0.306943,0)        (-0.909002,0)       (0.278587,0)        (0.32,0)            
(1.04337,0)         (0.385577,0)        (-1.01247,0)        (0.264498,0)        (0.4,0)             
(1.04686,0)         (0.262893,0)        (-0.914801,0)       (0.328587,0)        (0.35,0)            
(1.03752,0)         (0.57995,0)         (-1.18612,0)        (0.175448,0)        (0.5,0)             
(1.04367,0)         (0.388403,0)        (-0.963051,0)       (0.228899,0)        (0.37,0)            
(1.05087,0)         (0.220739,0)        (-0.809248,0)       (0.303064,0)        (0.28,0)            
(1.03374,0)         (0.669848,0)        (-1.24503,0)        (0.120122,0)        (0.5,0)             
(1.04879,0)         (0.291125,0)        (-0.879658,0)       (0.275788,0)        (0.31,0)            
(1.04337,0)         (0.414003,0)        (-0.989262,0)       (0.219377,0)        (0.35,0)            
(1.04275,0)         (0.506357,0)        (-1.0369,0)         (0.154035,0)        (0.4,0)             
(1.04839,0)         (0.284395,0)        (-0.842532,0)       (0.258324,0)        (0.29,0)            
(1.0498,0)          (0.231265,0)        (-0.807009,0)       (0.290552,0)        (0.27,0)            
(1.04527,0)         (0.387828,0)        (-0.962998,0)       (0.229466,0)        (0.36,0)            
(1.04118,0)         (0.461164,0)        (-1.04875,0)        (0.209231,0)        (0.41,0)            
(1.0486,0)          (0.239403,0)        (-0.852451,0)       (0.312032,0)        (0.3,0)             
(1.04484,0)         (0.437141,0)        (-0.974608,0)       (0.185447,0)        (0.37,0)            
(1.04237,0)         (0.48577,0)         (-1.05381,0)        (0.186785,0)        (0.41,0)            
(1.0459,0)          (0.356323,0)        (-0.919968,0)       (0.234072,0)        (0.33,0)            
(1.04156,0)         (0.445374,0)        (-1.03358,0)        (0.215763,0)        (0.38,0)            
(1.03769,0)         (0.58468,0)         (-1.15468,0)        (0.149726,0)        (0.46,0)            
(1.03363,0)         (0.68483,0)         (-1.26303,0)        (0.116307,0)        (0.51,0)            
(1.04348,0)         (0.423492,0)        (-0.977613,0)       (0.201738,0)        (0.34,0)            
(1.04686,0)         (0.217072,0)        (-0.864273,0)       (0.343245,0)        (0.3,0)             
(1.04055,0)         (0.520262,0)        (-1.06031,0)        (0.154921,0)        (0.39,0)            
(1.04156,0)         (0.416948,0)        (-1.05679,0)        (0.260885,0)        (0.43,0)            
(1.04169,0)         (0.516883,0)        (-1.03466,0)        (0.141523,0)        (0.39,0)            
(1.04082,0)         (0.57601,0)         (-1.09745,0)        (0.121016,0)        (0.44,0)            
(1.03654,0)         (0.562417,0)        (-1.16586,0)        (0.180443,0)        (0.46,0)            
(1.04487,0)         (0.415012,0)        (-0.984497,0)       (0.215172,0)        (0.37,0)            
(1.05333,0)         (0.13144,0)         (-0.761493,0)       (0.365124,0)        (0.27,0)            
(1.03701,0)         (0.551824,0)        (-1.16874,0)        (0.193451,0)        (0.47,0)            
(1.04073,0)         (0.521871,0)        (-1.06669,0)        (0.157449,0)        (0.4,0)             
(1.04737,0)         (0.318613,0)        (-0.900709,0)       (0.260879,0)        (0.33,0)            
(1.03677,0)         (0.603917,0)        (-1.19486,0)        (0.156096,0)        (0.49,0)            
(1.0455,0)          (0.359036,0)        (-0.935116,0)       (0.241232,0)        (0.34,0)            
(1.04167,0)         (0.476213,0)        (-1.06611,0)        (0.20492,0)         (0.42,0)            
(1.04283,0)         (0.380413,0)        (-0.993465,0)       (0.25736,0)         (0.37,0)            
(1.0448,0)          (0.325008,0)        (-0.941057,0)       (0.280822,0)        (0.35,0)            
(1.04048,0)         (0.476079,0)        (-1.0674,0)         (0.205912,0)        (0.42,0)            
(1.04719,0)         (0.267229,0)        (-0.873359,0)       (0.296675,0)        (0.32,0)            
(1.03923,0)         (0.493269,0)        (-1.10293,0)        (0.211359,0)        (0.43,0)            
(1.0413,0)          (0.496296,0)        (-1.05157,0)        (0.174273,0)        (0.4,0)             
(1.042,0)           (0.505852,0)        (-1.03928,0)        (0.156137,0)        (0.39,0)            
(1.03958,0)         (0.520957,0)        (-1.12204,0)        (0.194963,0)        (0.45,0)            
(1.04043,0)         (0.534073,0)        (-1.07019,0)        (0.14697,0)         (0.4,0)             
(1.03698,0)         (0.537575,0)        (-1.1606,0)         (0.203008,0)        (0.45,0)            
(1.03857,0)         (0.522432,0)        (-1.12972,0)        (0.198483,0)        (0.46,0)            
(1.0458,0)          (0.392654,0)        (-0.982145,0)       (0.237053,0)        (0.39,0)            
(1.04463,0)         (0.418163,0)        (-0.997907,0)       (0.220726,0)        (0.39,0)            
(1.05104,0)         (0.176526,0)        (-0.765103,0)       (0.320252,0)        (0.24,0)            
(1.04616,0)         (0.351222,0)        (-0.952503,0)       (0.260904,0)        (0.36,0)            
(1.05092,0)         (0.260629,0)        (-0.831864,0)       (0.276188,0)        (0.3,0)             
(1.04388,0)         (0.442129,0)        (-1.00664,0)        (0.201374,0)        (0.38,0)            
(1.04534,0)         (0.358598,0)        (-0.936854,0)       (0.242839,0)        (0.33,0)            
(1.0405,0)          (0.381654,0)        (-1.00402,0)        (0.263031,0)        (0.37,0)            
(1.04141,0)         (0.505785,0)        (-1.03992,0)        (0.156633,0)        (0.39,0)            
(1.04365,0)         (0.446451,0)        (-1.02817,0)        (0.211063,0)        (0.4,0)             
(1.04027,0)         (0.481571,0)        (-1.09705,0)        (0.219736,0)        (0.44,0)            
(1.04846,0)         (0.300985,0)        (-0.866915,0)       (0.257038,0)        (0.31,0)            
(1.04348,0)         (0.301136,0)        (-0.945852,0)       (0.30901,0)         (0.34,0)            
(1.0427,0)          (0.466466,0)        (-1.01428,0)        (0.180911,0)        (0.38,0)            
(1.0359,0)          (0.617223,0)        (-1.20712,0)        (0.150248,0)        (0.49,0)            
(1.04731,0)         (0.303193,0)        (-0.884445,0)       (0.2663,0)          (0.31,0)            
(1.0462,0)          (0.344121,0)        (-0.91647,0)        (0.244551,0)        (0.33,0)            
(1.03921,0)         (0.54104,0)         (-1.10751,0)        (0.164315,0)        (0.43,0)            
(1.04592,0)         (0.381965,0)        (-0.934441,0)       (0.216753,0)        (0.33,0)            
(1.04188,0)         (0.495192,0)        (-1.04281,0)        (0.169641,0)        (0.4,0)             
(1.04468,0)         (0.36329,0)         (-0.95729,0)        (0.251417,0)        (0.36,0)            
(1.05029,0)         (0.0505434,0)       (-0.773548,0)       (0.457877,0)        (0.28,0)            
(1.04158,0)         (0.482923,0)        (-1.03995,0)        (0.180617,0)        (0.4,0)             
(1.0401,0)          (0.504434,0)        (-1.09702,0)        (0.195753,0)        (0.43,0)            
(1.03077,0)         (0.727898,0)        (-1.31323,0)        (0.104317,0)        (0.53,0)            
(1.04498,0)         (0.375559,0)        (-0.960144,0)       (0.240442,0)        (0.36,0)            
(1.04308,0)         (0.447555,0)        (-1.03694,0)        (0.215694,0)        (0.4,0)             
(1.04633,0)         (0.282538,0)        (-0.902005,0)       (0.299546,0)        (0.32,0)            
(1.03299,0)         (0.644872,0)        (-1.24106,0)        (0.143679,0)        (0.49,0)            
(1.04416,0)         (0.428756,0)        (-0.995022,0)       (0.207718,0)        (0.38,0)            
(1.04804,0)         (0.263028,0)        (-0.913512,0)       (0.327595,0)        (0.35,0)            
(1.04972,0)         (0.198475,0)        (-0.820426,0)       (0.333781,0)        (0.28,0)            
(1.04778,0)         (0.320193,0)        (-0.855858,0)       (0.229603,0)        (0.27,0)            
(1.04177,0)         (0.485702,0)        (-1.05446,0)        (0.187281,0)        (0.41,0)            
(1.03869,0)         (0.557564,0)        (-1.13254,0)        (0.163525,0)        (0.45,0)            
(1.04527,0)         (0.363357,0)        (-0.956645,0)       (0.250921,0)        (0.36,0)            
(1.04048,0)         (0.402665,0)        (-1.04834,0)        (0.270275,0)        (0.42,0)            
(1.03972,0)         (0.547817,0)        (-1.08071,0)        (0.139516,0)        (0.41,0)            
(1.05225,0)         (0.189738,0)        (-0.763837,0)       (0.305567,0)        (0.26,0)            
(1.04195,0)         (0.487311,0)        (-1.06084,0)        (0.18981,0)         (0.42,0)            
(1.04457,0)         (0.381393,0)        (-0.937468,0)       (0.219351,0)        (0.32,0)            
(1.04836,0)         (0.267025,0)        (-0.872212,0)       (0.296132,0)        (0.32,0)            
(1.04707,0)         (0.330815,0)        (-0.904207,0)       (0.250399,0)        (0.33,0)            
(1.04182,0)         (0.455301,0)        (-1.02019,0)        (0.196517,0)        (0.38,0)            
(1.04802,0)         (0.292571,0)        (-0.836097,0)       (0.245504,0)        (0.25,0)            
(1.03438,0)         (0.685334,0)        (-1.26065,0)        (0.114205,0)        (0.52,0)            
(1.0552,0)          (0.0250177,0)       (-0.640503,0)       (0.396768,0)        (0.16,0)            
(1.05181,0)         (0.248494,0)        (-0.827721,0)       (0.286172,0)        (0.3,0)             
(1.0356,0)          (0.629425,0)        (-1.21062,0)        (0.139769,0)        (0.49,0)            
(1.04289,0)         (0.420303,0)        (-1.01608,0)        (0.230484,0)        (0.39,0)            
(1.03741,0)         (0.573582,0)        (-1.15995,0)        (0.164837,0)        (0.46,0)            
(1.04695,0)         (0.369097,0)        (-0.92044,0)        (0.220994,0)        (0.34,0)            
(1.04138,0)         (0.418461,0)        (-1.01258,0)        (0.230105,0)        (0.37,0)            
(1.04853,0)         (0.296226,0)        (-0.847124,0)       (0.248955,0)        (0.28,0)            
(1.0406,0)          (0.486739,0)        (-1.06387,0)        (0.192408,0)        (0.41,0)            
(1.04866,0)         (0.254822,0)        (-0.868714,0)       (0.306611,0)        (0.32,0)            
(1.03475,0)         (0.619431,0)        (-1.22465,0)        (0.15951,0)         (0.49,0)            
(1.04441,0)         (0.332013,0)        (-0.926501,0)       (0.263867,0)        (0.31,0)            
(1.04439,0)         (0.424435,0)        (-0.973493,0)       (0.198029,0)        (0.36,0)            
(1.0416,0)          (0.484094,0)        (-1.04808,0)        (0.184752,0)        (0.4,0)             
(1.03787,0)         (0.537347,0)        (-1.14836,0)        (0.195164,0)        (0.47,0)            
(1.04578,0)         (0.370134,0)        (-0.929849,0)       (0.226122,0)        (0.34,0)            
(1.03881,0)         (0.543753,0)        (-1.12266,0)        (0.171475,0)        (0.44,0)            
(1.04808,0)         (0.255926,0)        (-0.877479,0)       (0.311242,0)        (0.32,0)            
(1.04064,0)         (0.54993,0)         (-1.08471,0)        (0.139942,0)        (0.43,0)            
(1.04543,0)         (0.388266,0)        (-0.96126,0)        (0.22786,0)         (0.37,0)            
(1.04066,0)         (0.477688,0)        (-1.07378,0)        (0.208441,0)        (0.43,0)            
(1.05099,0)         (0.0837385,0)       (-0.759344,0)       (0.413703,0)        (0.27,0)            
(1.04994,0)         (0.194154,0)        (-0.798896,0)       (0.324092,0)        (0.26,0)            
(1.04113,0)         (0.470216,0)        (-1.03884,0)        (0.193198,0)        (0.39,0)            
(1.04755,0)         (0.226629,0)        (-0.851979,0)       (0.32511,0)         (0.29,0)            
(1.04118,0)         (0.534578,0)        (-1.06781,0)        (0.144868,0)        (0.41,0)            
(1.04062,0)         (0.512382,0)        (-1.07834,0)        (0.175089,0)        (0.41,0)            
(1.04829,0)         (0.274905,0)        (-0.854181,0)       (0.275963,0)        (0.3,0)             
(1.04136,0)         (0.487244,0)        (-1.06148,0)        (0.190306,0)        (0.42,0)            
(1.04108,0)         (0.476146,0)        (-1.06675,0)        (0.205416,0)        (0.42,0)            
(1.04679,0)         (0.273896,0)        (-0.858946,0)       (0.280168,0)        (0.28,0)            
(1.0352,0)          (0.656609,0)        (-1.23212,0)        (0.125474,0)        (0.5,0)             
(1.05303,0)         (0.217056,0)        (-0.784047,0)       (0.290281,0)        (0.27,0)            
(1.04598,0)         (0.254017,0)        (-0.874625,0)       (0.311359,0)        (0.3,0)             
(1.04212,0)         (0.379128,0)        (-1.04991,0)        (0.295984,0)        (0.41,0)            
(1.0433,0)          (0.443233,0)        (-1.01541,0)        (0.206005,0)        (0.38,0)            
(1.03625,0)         (0.550148,0)        (-1.16301,0)        (0.191418,0)        (0.46,0)            
(1.04829,0)         (0.323848,0)        (-0.866885,0)       (0.233054,0)        (0.3,0)             
(1.04376,0)         (0.406997,0)        (-1.00382,0)        (0.236332,0)        (0.39,0)            
(1.04287,0)         (0.393828,0)        (-0.993345,0)       (0.243219,0)        (0.39,0)            
(1.04753,0)         (0.31905,0)         (-0.898971,0)       (0.259272,0)        (0.34,0)            
(1.04491,0)         (0.334497,0)        (-0.929408,0)       (0.263183,0)        (0.34,0)            
(1.04783,0)         (0.237727,0)        (-0.846713,0)       (0.31,0)            (0.29,0)            
(1.04023,0)         (0.397031,0)        (-1.03202,0)        (0.265406,0)        (0.37,0)            
(1.04869,0)         (0.345606,0)        (-0.85809,0)        (0.20444,0)         (0.29,0)            
(1.04254,0)         (0.314414,0)        (-0.999205,0)       (0.330327,0)        (0.42,0)            
(1.04709,0)         (0.307515,0)        (-0.905975,0)       (0.275989,0)        (0.33,0)            
(1.04287,0)         (0.345718,0)        (-0.988904,0)       (0.290712,0)        (0.39,0)            
(1.0464,0)          (0.302251,0)        (-0.888566,0)       (0.270009,0)        (0.29,0)            
(1.04654,0)         (0.325989,0)        (-0.885059,0)       (0.242813,0)        (0.3,0)             
(1.04327,0)         (0.391948,0)        (-0.986461,0)       (0.240643,0)        (0.38,0)            
(1.05052,0)         (0.19305,0)         (-0.790131,0)       (0.319461,0)        (0.26,0)            
(1.04393,0)         (0.433077,0)        (-1.01655,0)        (0.217407,0)        (0.4,0)             
(1.04097,0)         (0.445307,0)        (-1.03422,0)        (0.216259,0)        (0.38,0)            
(1.04498,0)         (0.375559,0)        (-0.960144,0)       (0.240442,0)        (0.36,0)            
(1.04114,0)         (0.495858,0)        (-1.05331,0)        (0.175879,0)        (0.39,0)            
(1.04707,0)         (0.379757,0)        (-0.916911,0)       (0.20749,0)         (0.33,0)            
(1.04399,0)         (0.427147,0)        (-0.98864,0)        (0.205189,0)        (0.37,0)            
(1.03595,0)         (0.56235,0)         (-1.1665,0)         (0.180939,0)        (0.46,0)            
(1.03989,0)         (0.524954,0)        (-1.08074,0)        (0.163499,0)        (0.42,0)            
(1.03153,0)         (0.678628,0)        (-1.28988,0)        (0.140539,0)        (0.54,0)            
(1.04346,0)         (0.443671,0)        (-1.01367,0)        (0.204398,0)        (0.39,0)            
(1.04138,0)         (0.443765,0)        (-1.0272,0)         (0.213234,0)        (0.37,0)            
(1.04719,0)         (0.365947,0)        (-0.90703,0)        (0.215441,0)        (0.32,0)            
(1.04644,0)         (0.340971,0)        (-0.903061,0)       (0.238998,0)        (0.31,0)            
(1.04855,0)         (0.223983,0)        (-0.836188,0)       (0.317454,0)        (0.28,0)            
(1.04592,0)         (0.467286,0)        (-0.945399,0)       (0.134562,0)        (0.35,0)            
(1.03778,0)         (0.479253,0)        (-1.14716,0)        (0.255264,0)        (0.48,0)            
(1.03673,0)         (0.565197,0)        (-1.18036,0)        (0.187107,0)        (0.47,0)            
(1.04599,0)         (0.300671,0)        (-0.933416,0)       (0.301284,0)        (0.35,0)            
(1.04416,0)         (0.382935,0)        (-0.944495,0)       (0.222376,0)        (0.33,0)            
(1.05072,0)         (0.28115,0)         (-0.815593,0)       (0.243934,0)        (0.29,0)            
(1.04464,0)         (0.349041,0)        (-0.949147,0)       (0.260974,0)        (0.34,0)            
(1.04461,0)         (0.371171,0)        (-0.939258,0)       (0.231249,0)        (0.34,0)            
(1.04003,0)         (0.438068,0)        (-1.05166,0)        (0.235364,0)        (0.41,0)            
(1.03572,0)         (0.640085,0)        (-1.20709,0)        (0.126265,0)        (0.48,0)            
(1.0405,0)          (0.47725,0)         (-1.07552,0)        (0.210047,0)        (0.42,0)            
(1.04207,0)         (0.449029,0)        (-1.04461,0)        (0.219215,0)        (0.41,0)            
(1.04579,0)         (0.349955,0)        (-0.893794,0)       (0.223461,0)        (0.29,0)            
(1.04203,0)         (0.434781,0)        (-1.03646,0)        (0.228771,0)        (0.39,0)            
(1.04317,0)         (0.455873,0)        (-1.01717,0)        (0.193919,0)        (0.39,0)            
(1.04597,0)         (0.372914,0)        (-0.944352,0)       (0.232786,0)        (0.35,0)            
(1.04208,0)         (0.42885,0)         (-1.00855,0)        (0.216554,0)        (0.36,0)            
(1.04228,0)         (0.492479,0)        (-1.02766,0)        (0.162481,0)        (0.39,0)            
(1.04557,0)         (0.375626,0)        (-0.959499,0)       (0.239946,0)        (0.36,0)            
(1.03865,0)         (0.469068,0)        (-1.09708,0)        (0.232861,0)        (0.43,0)            
(1.03996,0)         (0.541545,0)        (-1.10513,0)        (0.162213,0)        (0.44,0)            
(1.0422,0)          (0.366097,0)        (-0.985967,0)       (0.267413,0)        (0.35,0)            
(1.04019,0)         (0.537224,0)        (-1.0836,0)         (0.152524,0)        (0.42,0)            
(1.04841,0)         (0.260262,0)        (-0.836037,0)       (0.27933,0)         (0.29,0)            
(1.0468,0)          (0.250595,0)        (-0.860714,0)       (0.305758,0)        (0.28,0)            
(1.05085,0)         (0.26851,0)         (-0.813832,0)       (0.25602,0)         (0.28,0)            
(1.04189,0)         (0.400767,0)        (-0.979434,0)       (0.22676,0)         (0.35,0)            
(1.04186,0)         (0.405579,0)        (-1.06155,0)        (0.275948,0)        (0.43,0)            
(1.04355,0)         (0.363547,0)        (-1.02076,0)        (0.293065,0)        (0.41,0)            
(1.04468,0)         (0.337986,0)        (-0.942675,0)       (0.268288,0)        (0.36,0)            
(1.04721,0)         (0.269232,0)        (-0.889742,0)       (0.305394,0)        (0.32,0)            
(1.04254,0)         (0.417086,0)        (-1.00332,0)        (0.225426,0)        (0.37,0)            
(1.04887,0)         (0.347215,0)        (-0.864472,0)       (0.206969,0)        (0.3,0)             
(1.04587,0)         (0.338953,0)        (-0.949649,0)       (0.27188,0)         (0.36,0)            
(1.04362,0)         (0.373816,0)        (-0.95505,0)        (0.238905,0)        (0.35,0)            
(1.03858,0)         (0.548074,0)        (-1.14419,0)        (0.181164,0)        (0.46,0)            
(1.04726,0)         (0.234877,0)        (-0.885038,0)       (0.338298,0)        (0.34,0)            
(1.04568,0)         (0.409587,0)        (-0.954202,0)       (0.200852,0)        (0.35,0)            
(1.03822,0)         (0.519214,0)        (-1.11695,0)        (0.193426,0)        (0.44,0)            
(1.04598,0)         (0.303792,0)        (-0.895593,0)       (0.273034,0)        (0.3,0)             
(1.04283,0)         (0.404884,0)        (-0.999817,0)       (0.235906,0)        (0.37,0)            
(1.04066,0)         (0.50528,0)         (-1.04231,0)        (0.158736,0)        (0.38,0)            
(1.03991,0)         (0.526125,0)        (-1.08886,0)        (0.167634,0)        (0.42,0)            
(1.04148,0)         (0.424491,0)        (-1.0389,0)         (0.241165,0)        (0.41,0)            
(1.04369,0)         (0.439349,0)        (-0.992138,0)       (0.194709,0)        (0.37,0)            
(1.04456,0)         (0.380222,0)        (-0.929347,0)       (0.215216,0)        (0.32,0)            
(1.04759,0)         (0.314291,0)        (-0.879179,0)       (0.25119,0)         (0.31,0)            
(1.04247,0)         (0.470788,0)        (-1.03581,0)        (0.1906,0)          (0.4,0)             
(1.04201,0)         (0.409138,0)        (-1.02199,0)        (0.246091,0)        (0.39,0)            
(1.04846,0)         (0.300985,0)        (-0.866915,0)       (0.257038,0)        (0.31,0)            
(1.0467,0)          (0.216635,0)        (-0.866011,0)       (0.344852,0)        (0.29,0)            
(1.04665,0)         (0.295979,0)        (-0.91298,0)        (0.292706,0)        (0.32,0)            
(1.05331,0)         (0.15474,0)         (-0.759724,0)       (0.339534,0)        (0.27,0)            
(1.04418,0)         (0.380984,0)        (-0.990438,0)       (0.254762,0)        (0.38,0)            
(1.0398,0)          (0.516636,0)        (-1.10051,0)        (0.185274,0)        (0.43,0)            
(1.037,0)           (0.624067,0)        (-1.17968,0)        (0.124953,0)        (0.47,0)            
(1.03269,0)         (0.727366,0)        (-1.30144,0)        (0.0970869,0)       (0.54,0)            
