76
e_L                 onsite              nnhop               ospair              nnJastrow           
(1.0427,0)          (0.542997,0)        (-1.13507,0)        (0.16238,0)         (0.47,0)            
(1.03944,0)         (0.574705,0)        (-1.17673,0)        (0.156025,0)        (0.51,0)            
(1.05479,0)         (0.287205,0)        (-0.874231,0)       (0.262069,0)        (0.32,0)            
(1.05397,0)         (0.247113,0)        (-0.832304,0)       (0.277023,0)        (0.33,0)            
(1.04673,0)         (0.481008,0)        (-1.04714,0)        (0.170637,0)        (0.42,0)            
(1.05881,0)         (0.104306,0)        (-0.760834,0)       (0.380384,0)        (0.27,0)            
(1.04188,0)         (0.591166,0)        (-1.13906,0)        (0.114573,0)        (0.48,0)            
(1.05153,0)         (0.330025,0)        (-0.911123,0)       (0.241025,0)        (0.36,0)            
(1.0427,0)          (0.578472,0)        (-1.13744,0)        (0.126811,0)        (0.47,0)            
(1.04672,0)         (0.466631,0)        (-1.02752,0)        (0.173048,0)        (0.42,0)            
(1.05235,0)         (0.276534,0)        (-0.86844,0)        (0.269504,0)        (0.35,0)            
(1.05804,0)         (0.205591,0)        (-0.811211,0)       (0.306875,0)        (0.28,0)            
(1.05555,0)         (0.266966,0)        (-0.814847,0)       (0.245032,0)        (0.31,0)            
(1.04271,0)         (0.517399,0)        (-1.1215,0)         (0.180419,0)        (0.47,0)            
(1.04428,0)         (0.497882,0)        (-1.0705,0)         (0.168021,0)        (0.45,0)            
(1.04752,0)         (0.451797,0)        (-1.00922,0)        (0.176787,0)        (0.41,0)            
(1.0459,0)          (0.396332,0)        (-1.02255,0)        (0.243369,0)        (0.43,0)            
(1.03785,0)         (0.654225,0)        (-1.23533,0)        (0.110566,0)        (0.53,0)            
(1.04755,0)         (0.442826,0)        (-1.03068,0)        (0.199975,0)        (0.41,0)            
(1.04673,0)         (0.394447,0)        (-1.01634,0)        (0.241346,0)        (0.42,0)            
(1.06052,0)         (0.199665,0)        (-0.784998,0)       (0.296209,0)        (0.25,0)            
(1.05079,0)         (0.372323,0)        (-0.962885,0)       (0.230091,0)        (0.37,0)            
(1.05635,0)         (0.143403,0)        (-0.774653,0)       (0.34839,0)         (0.3,0)             
(1.05156,0)         (0.308817,0)        (-0.929651,0)       (0.275122,0)        (0.36,0)            
(1.04674,0)         (0.49319,0)         (-1.05071,0)        (0.160197,0)        (0.42,0)            
(1.04026,0)         (0.597541,0)        (-1.17686,0)        (0.132224,0)        (0.5,0)             
(1.04915,0)         (0.389919,0)        (-0.994633,0)       (0.232114,0)        (0.39,0)            
(1.04835,0)         (0.441353,0)        (-1.02301,0)        (0.196585,0)        (0.4,0)             
(1.04755,0)         (0.490537,0)        (-1.03598,0)        (0.153496,0)        (0.41,0)            
(1.04512,0)         (0.509551,0)        (-1.07604,0)        (0.159378,0)        (0.44,0)            
(1.04268,0)         (0.516439,0)        (-1.11187,0)        (0.175232,0)        (0.47,0)            
(1.04997,0)         (0.482635,0)        (-0.99116,0)        (0.132924,0)        (0.38,0)            
(1.04346,0)         (0.476171,0)        (-1.07808,0)        (0.195602,0)        (0.46,0)            
(1.05399,0)         (0.310024,0)        (-0.865113,0)       (0.232341,0)        (0.33,0)            
(1.054,0)           (0.325278,0)        (-0.891974,0)       (0.23367,0)         (0.33,0)            
(1.03702,0)         (0.64475,0)         (-1.24585,0)        (0.127238,0)        (0.54,0)            
(1.04993,0)         (0.431768,0)        (-0.960178,0)       (0.166186,0)        (0.38,0)            
(1.05075,0)         (0.406892,0)        (-0.954994,0)       (0.188864,0)        (0.37,0)            
(1.05325,0)         (0.428649,0)        (-0.95968,0)        (0.169127,0)        (0.34,0)            
(1.0443,0)          (0.499199,0)        (-1.07931,0)        (0.172311,0)        (0.45,0)            
(1.03944,0)         (0.600248,0)        (-1.19094,0)        (0.138456,0)        (0.51,0)            
(1.03945,0)         (0.600193,0)        (-1.19158,0)        (0.138925,0)        (0.51,0)            
(1.04593,0)         (0.495842,0)        (-1.06544,0)        (0.166898,0)        (0.43,0)            
(1.05073,0)         (0.369222,0)        (-0.93657,0)        (0.216405,0)        (0.37,0)            
(1.0507,0)          (0.343843,0)        (-0.920439,0)       (0.232567,0)        (0.37,0)            
(1.03781,0)         (0.615539,0)        (-1.20792,0)        (0.133388,0)        (0.53,0)            
(1.04028,0)         (0.658504,0)        (-1.19408,0)        (0.0795537,0)       (0.5,0)             
(1.04756,0)         (0.502719,0)        (-1.03956,0)        (0.143056,0)        (0.41,0)            
(1.05479,0)         (0.343778,0)        (-0.859358,0)       (0.193341,0)        (0.32,0)            
(1.0403,0)          (0.637351,0)        (-1.21197,0)        (0.113182,0)        (0.5,0)             
(1.05481,0)         (0.262678,0)        (-0.869006,0)       (0.284357,0)        (0.32,0)            
(1.04916,0)         (0.37461,0)         (-0.968412,0)       (0.231255,0)        (0.39,0)            
(1.04915,0)         (0.375488,0)        (-0.975651,0)       (0.234994,0)        (0.39,0)            
(1.05318,0)         (0.314624,0)        (-0.895424,0)       (0.247031,0)        (0.34,0)            
(1.04508,0)         (0.448698,0)        (-1.05753,0)        (0.21111,0)         (0.44,0)            
(1.04591,0)         (0.386043,0)        (-1.0352,0)         (0.262267,0)        (0.43,0)            
(1.04672,0)         (0.467756,0)        (-1.03522,0)        (0.176828,0)        (0.42,0)            
(1.05075,0)         (0.334763,0)        (-0.94318,0)        (0.256693,0)        (0.37,0)            
(1.03945,0)         (0.488391,0)        (-1.1464,0)         (0.226775,0)        (0.51,0)            
(1.0435,0)          (0.575874,0)        (-1.12208,0)        (0.119641,0)        (0.46,0)            
(1.04671,0)         (0.455575,0)        (-1.03165,0)        (0.187268,0)        (0.42,0)            
(1.05235,0)         (0.339554,0)        (-0.899968,0)       (0.223884,0)        (0.35,0)            
(1.04347,0)         (0.501659,0)        (-1.09293,0)        (0.178502,0)        (0.46,0)            
(1.05156,0)         (0.343222,0)        (-0.923681,0)       (0.235303,0)        (0.36,0)            
(1.04753,0)         (0.394099,0)        (-1.01638,0)        (0.241736,0)        (0.41,0)            
(1.04751,0)         (0.428559,0)        (-1.00977,0)        (0.201448,0)        (0.41,0)            
(1.04518,0)         (0.53932,0)         (-1.12427,0)        (0.159275,0)        (0.44,0)            
(1.04432,0)         (0.548804,0)        (-1.10084,0)        (0.134289,0)        (0.45,0)            
(1.05883,0)         (0.175255,0)        (-0.765583,0)       (0.309245,0)        (0.27,0)            
(1.04756,0)         (0.455008,0)        (-1.03425,0)        (0.189535,0)        (0.41,0)            
(1.04591,0)         (0.409336,0)        (-1.034,0)          (0.237137,0)        (0.43,0)            
(1.05075,0)         (0.308397,0)        (-0.921091,0)       (0.270054,0)        (0.37,0)            
(1.04513,0)         (0.475147,0)        (-1.08201,0)        (0.199197,0)        (0.44,0)            
(1.0459,0)          (0.458227,0)        (-1.04638,0)        (0.193969,0)        (0.43,0)            
(1.05879,0)         (0.112152,0)        (-0.731669,0)       (0.353417,0)        (0.27,0)            
(1.05236,0)         (0.315081,0)        (-0.894103,0)       (0.245702,0)        (0.35,0)            
(1.04919,0)         (0.436643,0)        (-0.993982,0)       (0.182834,0)        (0.39,0)            
(1.04589,0)         (0.493756,0)        (-1.04811,0)        (0.15793,0)         (0.43,0)            
(1.03869,0)         (0.678131,0)        (-1.2438,0)         (0.0910136,0)       (0.52,0)            
(1.05721,0)         (0.203799,0)        (-0.794481,0)       (0.297986,0)        (0.29,0)            
(1.05479,0)         (0.250606,0)        (-0.864152,0)       (0.293859,0)        (0.32,0)            
(1.0451,0)          (0.486368,0)        (-1.07595,0)        (0.183569,0)        (0.44,0)            
(1.05556,0)         (0.197031,0)        (-0.819082,0)       (0.32089,0)         (0.31,0)            
(1.05323,0)         (0.389909,0)        (-0.932912,0)       (0.192419,0)        (0.34,0)            
(1.04189,0)         (0.568943,0)        (-1.1486,0)         (0.143952,0)        (0.48,0)            
(1.05317,0)         (0.361265,0)        (-0.892387,0)       (0.196302,0)        (0.34,0)            
(1.04837,0)         (0.45123,0)         (-1.01182,0)        (0.179054,0)        (0.4,0)             
(1.03624,0)         (0.622875,0)        (-1.25535,0)        (0.156227,0)        (0.55,0)            
(1.0459,0)          (0.493702,0)        (-1.04875,0)        (0.158399,0)        (0.43,0)            
(1.03946,0)         (0.636793,0)        (-1.20166,0)        (0.107135,0)        (0.51,0)            
(1.04029,0)         (0.621849,0)        (-1.18464,0)        (0.111813,0)        (0.5,0)             
(1.03955,0)         (0.654216,0)        (-1.24824,0)        (0.118879,0)        (0.51,0)            
(1.04835,0)         (0.41581,0)         (-1.0088,0)         (0.214154,0)        (0.4,0)             
(1.05888,0)         (0.32374,0)         (-0.823229,0)       (0.191053,0)        (0.27,0)            
(1.04912,0)         (0.39889,0)         (-0.973172,0)       (0.208926,0)        (0.39,0)            
(1.06129,0)         (0.171634,0)        (-0.754139,0)       (0.30567,0)         (0.24,0)            
(1.05077,0)         (0.384614,0)        (-0.965177,0)       (0.218712,0)        (0.37,0)            
(1.05801,0)         (0.237855,0)        (-0.788551,0)       (0.258557,0)        (0.28,0)            
(1.0427,0)          (0.626183,0)        (-1.14275,0)        (0.0803314,0)       (0.47,0)            
(1.0556,0)          (0.207924,0)        (-0.816872,0)       (0.308077,0)        (0.31,0)            
(1.04917,0)         (0.461939,0)        (-1.00773,0)        (0.165224,0)        (0.39,0)            
(1.03704,0)         (0.7157,0)          (-1.2506,0)         (0.0560981,0)       (0.54,0)            
(1.05158,0)         (0.368655,0)        (-0.939172,0)       (0.218672,0)        (0.36,0)            
(1.054,0)           (0.33746,0)         (-0.895547,0)       (0.223229,0)        (0.33,0)            
(1.04429,0)         (0.48677,0)         (-1.07527,0)        (0.18271,0)         (0.45,0)            
(1.0419,0)          (0.543345,0)        (-1.13503,0)        (0.161991,0)        (0.48,0)            
(1.05401,0)         (0.33853,0)         (-0.903892,0)       (0.227478,0)        (0.33,0)            
(1.04268,0)         (0.540857,0)        (-1.11838,0)        (0.153882,0)        (0.47,0)            
(1.05397,0)         (0.29872,0)         (-0.868778,0)       (0.246521,0)        (0.33,0)            
(1.04269,0)         (0.494216,0)        (-1.12142,0)        (0.204611,0)        (0.47,0)            
(1.0532,0)          (0.376712,0)        (-0.920354,0)       (0.19814,0)         (0.34,0)            
(1.04669,0)         (0.417905,0)        (-1.01322,0)        (0.214809,0)        (0.42,0)            
(1.04188,0)         (0.603347,0)        (-1.14263,0)        (0.104133,0)        (0.48,0)            
(1.05237,0)         (0.279497,0)        (-0.893009,0)       (0.28221,0)         (0.35,0)            
(1.03224,0)         (0.794554,0)        (-1.3748,0)         (0.0535391,0)       (0.6,0)             
(1.0491,0)          (0.325746,0)        (-0.952373,0)       (0.272037,0)        (0.39,0)            
(1.05077,0)         (0.430076,0)        (-0.955076,0)       (0.164673,0)        (0.37,0)            
(1.04913,0)         (0.337818,0)        (-0.957227,0)       (0.262535,0)        (0.39,0)            
(1.04915,0)         (0.423199,0)        (-0.980958,0)       (0.188515,0)        (0.39,0)            
(1.03864,0)         (0.590664,0)        (-1.20274,0)        (0.156066,0)        (0.52,0)            
(1.04838,0)         (0.501137,0)        (-1.03317,0)        (0.140604,0)        (0.4,0)             
(1.06372,0)         (0.173663,0)        (-0.697479,0)       (0.267098,0)        (0.21,0)            
(1.04511,0)         (0.486313,0)        (-1.07659,0)        (0.184039,0)        (0.44,0)            
(1.05077,0)         (0.359071,0)        (-0.950967,0)       (0.236282,0)        (0.37,0)            
(1.05237,0)         (0.291733,0)        (-0.895941,0)       (0.271301,0)        (0.35,0)            
(1.03786,0)         (0.667531,0)        (-1.24661,0)        (0.103906,0)        (0.53,0)            
(1.04675,0)         (0.517553,0)        (-1.05786,0)        (0.139316,0)        (0.42,0)            
(1.04835,0)         (0.441353,0)        (-1.02301,0)        (0.196585,0)        (0.4,0)             
(1.05155,0)         (0.306622,0)        (-0.913602,0)       (0.267093,0)        (0.36,0)            
(1.05473,0)         (0.267423,0)        (-0.813526,0)       (0.243704,0)        (0.32,0)            
(1.0524,0)          (0.318237,0)        (-0.919777,0)       (0.258919,0)        (0.35,0)            
(1.04265,0)         (0.538716,0)        (-1.10169,0)        (0.145384,0)        (0.47,0)            
(1.05563,0)         (0.26115,0)         (-0.861982,0)       (0.281436,0)        (0.31,0)            
(1.054,0)           (0.30086,0)         (-0.885468,0)       (0.255019,0)        (0.33,0)            
(1.04431,0)         (0.511079,0)        (-1.08306,0)        (0.162299,0)        (0.45,0)            
(1.04676,0)         (0.53086,0)         (-1.06914,0)        (0.132656,0)        (0.42,0)            
(1.05801,0)         (0.204576,0)        (-0.802226,0)       (0.302156,0)        (0.28,0)            
(1.04916,0)         (0.424269,0)        (-0.989303,0)       (0.192764,0)        (0.39,0)            
(1.05555,0)         (0.182655,0)        (-0.79946,0)        (0.323301,0)        (0.31,0)            
(1.0451,0)          (0.531829,0)        (-1.06585,0)        (0.12953,0)         (0.44,0)            
(1.04593,0)         (0.461438,0)        (-1.07141,0)        (0.206717,0)        (0.43,0)            
(1.05803,0)         (0.2744,0)          (-0.799271,0)       (0.227236,0)        (0.28,0)            
(1.0451,0)          (0.521842,0)        (-1.07833,0)        (0.148,0)           (0.44,0)            
(1.04676,0)         (0.53086,0)         (-1.06914,0)        (0.132656,0)        (0.42,0)            
(1.05153,0)         (0.3289,0)          (-0.903418,0)       (0.237245,0)        (0.36,0)            
(1.0516,0)          (0.284537,0)        (-0.924891,0)       (0.297451,0)        (0.36,0)            
(1.04916,0)         (0.460869,0)        (-0.999382,0)       (0.160974,0)        (0.39,0)            
(1.05078,0)         (0.395671,0)        (-0.961046,0)       (0.204492,0)        (0.37,0)            
(1.05156,0)         (0.36764,0)         (-0.930187,0)       (0.213953,0)        (0.36,0)            
(1.05319,0)         (0.351224,0)        (-0.905503,0)       (0.215241,0)        (0.34,0)            
(1.05403,0)         (0.289639,0)        (-0.89152,0)        (0.270647,0)        (0.33,0)            
(1.05559,0)         (0.172504,0)        (-0.813857,0)       (0.343178,0)        (0.31,0)            
(1.04996,0)         (0.347594,0)        (-0.946538,0)       (0.245435,0)        (0.38,0)            
(1.05077,0)         (0.370183,0)        (-0.946195,0)       (0.221592,0)        (0.37,0)            
(1.04509,0)         (0.520772,0)        (-1.06998,0)        (0.14375,0)         (0.44,0)            
(1.05482,0)         (0.348114,0)        (-0.892097,0)       (0.209868,0)        (0.32,0)            
(1.04436,0)         (0.505373,0)        (-1.12891,0)        (0.197765,0)        (0.45,0)            
(1.04835,0)         (0.439103,0)        (-1.0076,0)         (0.189025,0)        (0.4,0)             
(1.05156,0)         (0.273343,0)        (-0.927276,0)       (0.310692,0)        (0.36,0)            
(1.04113,0)         (0.659062,0)        (-1.20439,0)        (0.0856003,0)       (0.49,0)            
(1.04511,0)         (0.459645,0)        (-1.05468,0)        (0.197828,0)        (0.44,0)            
(1.06043,0)         (0.158949,0)        (-0.739619,0)       (0.309594,0)        (0.25,0)            
(1.03782,0)         (0.581135,0)        (-1.21389,0)        (0.173207,0)        (0.53,0)            
(1.05322,0)         (0.352486,0)        (-0.914954,0)       (0.22,0)            (0.34,0)            
(1.05155,0)         (0.332165,0)        (-0.927812,0)       (0.249523,0)        (0.36,0)            
(1.05156,0)         (0.330163,0)        (-0.912869,0)       (0.242004,0)        (0.36,0)            
(1.04107,0)         (0.582707,0)        (-1.15856,0)        (0.135963,0)        (0.49,0)            
(1.04834,0)         (0.439158,0)        (-1.00696,0)        (0.188556,0)        (0.4,0)             
(1.04917,0)         (0.414228,0)        (-1.00242,0)        (0.211703,0)        (0.39,0)            
(1.05724,0)         (0.230357,0)        (-0.817676,0)       (0.285135,0)        (0.29,0)            
(1.04029,0)         (0.70616,0)         (-1.20003,0)        (0.0335436,0)       (0.5,0)             
(1.0556,0)          (0.306721,0)        (-0.8506,0)         (0.226459,0)        (0.31,0)            
(1.05318,0)         (0.36346,0)         (-0.908436,0)       (0.204331,0)        (0.34,0)            
(1.0459,0)          (0.434934,0)        (-1.04757,0)        (0.219099,0)        (0.43,0)            
(1.04275,0)         (0.594989,0)        (-1.17376,0)        (0.132898,0)        (0.47,0)            
(1.04592,0)         (0.542483,0)        (-1.0624,0)         (0.116169,0)        (0.43,0)            
(1.04914,0)         (0.290052,0)        (-0.95256,0)        (0.309483,0)        (0.39,0)            
(1.04996,0)         (0.299581,0)        (-0.941405,0)       (0.292342,0)        (0.38,0)            
(1.05077,0)         (0.443437,0)        (-0.965713,0)       (0.157544,0)        (0.37,0)            
(1.05153,0)         (0.317788,0)        (-0.90819,0)        (0.251934,0)        (0.36,0)            
(1.04673,0)         (0.504301,0)        (-1.04594,0)        (0.145507,0)        (0.42,0)            
(1.04349,0)         (0.551511,0)        (-1.11493,0)        (0.140521,0)        (0.46,0)            
(1.05561,0)         (0.296735,0)        (-0.863076,0)       (0.244928,0)        (0.31,0)            
(1.05238,0)         (0.389351,0)        (-0.922606,0)       (0.186372,0)        (0.35,0)            
(1.05153,0)         (0.267004,0)        (-0.879594,0)       (0.286645,0)        (0.36,0)            
(1.05719,0)         (0.274913,0)        (-0.797309,0)       (0.225439,0)        (0.29,0)            
(1.04516,0)         (0.511637,0)        (-1.09337,0)        (0.168346,0)        (0.44,0)            
(1.04916,0)         (0.460869,0)        (-0.999382,0)       (0.160974,0)        (0.39,0)            
(1.05403,0)         (0.387311,0)        (-0.917544,0)       (0.185248,0)        (0.33,0)            
(1.04596,0)         (0.522346,0)        (-1.08928,0)        (0.154515,0)        (0.43,0)            
(1.0597,0)          (0.235597,0)        (-0.786051,0)       (0.25931,0)         (0.26,0)            
(1.04915,0)         (0.365501,0)        (-0.988127,0)       (0.253464,0)        (0.39,0)            
(1.04911,0)         (0.348161,0)        (-0.943936,0)       (0.243168,0)        (0.39,0)            
(1.0516,0)          (0.430743,0)        (-0.964102,0)       (0.169781,0)        (0.36,0)            
(1.05235,0)         (0.327318,0)        (-0.897035,0)       (0.234793,0)        (0.35,0)            
(1.04757,0)         (0.493803,0)        (-1.06038,0)        (0.165774,0)        (0.41,0)            
(1.04595,0)         (0.545694,0)        (-1.08744,0)        (0.128917,0)        (0.43,0)            
(1.04922,0)         (0.465095,0)        (-1.0334,0)         (0.17844,0)         (0.39,0)            
(1.05156,0)         (0.378697,0)        (-0.926056,0)       (0.199733,0)        (0.36,0)            
(1.04353,0)         (0.590196,0)        (-1.14234,0)        (0.117699,0)        (0.46,0)            
(1.05319,0)         (0.338987,0)        (-0.90257,0)        (0.22615,0)         (0.34,0)            
(1.04349,0)         (0.524843,0)        (-1.09302,0)        (0.154311,0)        (0.46,0)            
(1.05316,0)         (0.275829,0)        (-0.869296,0)       (0.270791,0)        (0.34,0)            
(1.04673,0)         (0.45659,0)         (-1.04063,0)        (0.191986,0)        (0.42,0)            
(1.04432,0)         (0.513274,0)        (-1.09911,0)        (0.170328,0)        (0.45,0)            
(1.04833,0)         (0.402558,0)        (-0.996885,0)       (0.220346,0)        (0.4,0)             
(1.05396,0)         (0.308761,0)        (-0.855662,0)       (0.227582,0)        (0.33,0)            
(1.04596,0)         (0.497928,0)        (-1.08277,0)        (0.175865,0)        (0.43,0)            
(1.03868,0)         (0.689242,0)        (-1.23903,0)        (0.0763242,0)       (0.52,0)            
(1.05153,0)         (0.317788,0)        (-0.90819,0)        (0.251934,0)        (0.36,0)            
(1.0475,0)          (0.451907,0)        (-1.00793,0)        (0.175849,0)        (0.41,0)            
(1.05481,0)         (0.288221,0)        (-0.883216,0)       (0.266788,0)        (0.32,0)            
(1.05317,0)         (0.302442,0)        (-0.891851,0)       (0.257471,0)        (0.34,0)            
(1.03946,0)         (0.600138,0)        (-1.19222,0)        (0.139394,0)        (0.51,0)            
(1.05004,0)         (0.475749,0)        (-1.02995,0)        (0.165079,0)        (0.38,0)            
(1.05078,0)         (0.444507,0)        (-0.974058,0)       (0.161793,0)        (0.37,0)            
(1.04831,0)         (0.353832,0)        (-0.982592,0)       (0.262106,0)        (0.4,0)             
(1.05314,0)         (0.299232,0)        (-0.866817,0)       (0.244723,0)        (0.34,0)            
(1.04992,0)         (0.407404,0)        (-0.953032,0)       (0.187067,0)        (0.38,0)            
(1.0516,0)          (0.381907,0)        (-0.95109,0)        (0.212481,0)        (0.36,0)            
(1.05803,0)         (0.214755,0)        (-0.790856,0)       (0.284197,0)        (0.28,0)            
(1.04272,0)         (0.616142,0)        (-1.15587,0)        (0.09927,0)         (0.47,0)            
(1.04512,0)         (0.521788,0)        (-1.07897,0)        (0.148469,0)        (0.44,0)            
(1.04672,0)         (0.430279,0)        (-1.0179,0)         (0.204879,0)        (0.42,0)            
(1.03946,0)         (0.636793,0)        (-1.20166,0)        (0.107135,0)        (0.51,0)            
(1.05881,0)         (0.112345,0)        (-0.732774,0)       (0.353927,0)        (0.27,0)            
(1.04837,0)         (0.45123,0)         (-1.01182,0)        (0.179054,0)        (0.4,0)             
(1.04995,0)         (0.40949,0)         (-0.970362,0)       (0.196034,0)        (0.38,0)            
(1.04591,0)         (0.48259,0)         (-1.05352,0)        (0.173089,0)        (0.43,0)            
(1.05077,0)         (0.335778,0)        (-0.952165,0)       (0.261411,0)        (0.37,0)            
(1.04757,0)         (0.492678,0)        (-1.05267,0)        (0.161994,0)        (0.41,0)            
(1.05241,0)         (0.415855,0)        (-0.946441,0)       (0.17399,0)         (0.35,0)            
(1.04995,0)         (0.371765,0)        (-0.952578,0)       (0.224044,0)        (0.38,0)            
(1.04192,0)         (0.533304,0)        (-1.14815,0)        (0.180929,0)        (0.48,0)            
(1.05483,0)         (0.337002,0)        (-0.896868,0)       (0.224558,0)        (0.32,0)            
(1.0492,0)          (0.535084,0)        (-1.02853,0)        (0.102113,0)        (0.39,0)            
(1.05886,0)         (0.177341,0)        (-0.782913,0)       (0.318212,0)        (0.27,0)            
(1.05073,0)         (0.320386,0)        (-0.923558,0)       (0.259104,0)        (0.37,0)            
(1.04676,0)         (0.455658,0)        (-1.03403,0)        (0.188716,0)        (0.42,0)            
(1.0532,0)          (0.254622,0)        (-0.887824,0)       (0.304888,0)        (0.34,0)            
(1.04835,0)         (0.401681,0)        (-0.989646,0)       (0.216606,0)        (0.4,0)             
(1.04032,0)         (0.673896,0)        (-1.22269,0)        (0.081861,0)        (0.5,0)             
(1.04433,0)         (0.526581,0)        (-1.11039,0)        (0.163668,0)        (0.45,0)            
(1.04996,0)         (0.432728,0)        (-0.969804,0)       (0.171374,0)        (0.38,0)            
(1.05156,0)         (0.392058,0)        (-0.936693,0)       (0.192604,0)        (0.36,0)            
(1.05,0)            (0.412646,0)        (-0.996036,0)       (0.209251,0)        (0.38,0)            
(1.05153,0)         (0.316663,0)        (-0.900486,0)       (0.248154,0)        (0.36,0)            
(1.04752,0)         (0.452922,0)        (-1.01692,0)        (0.180567,0)        (0.41,0)            
(1.04993,0)         (0.346277,0)        (-0.937728,0)       (0.241145,0)        (0.38,0)            
(1.04593,0)         (0.494717,0)        (-1.05774,0)        (0.163118,0)        (0.43,0)            
(1.04919,0)         (0.463009,0)        (-1.01607,0)        (0.169473,0)        (0.39,0)            
(1.04272,0)         (0.60396,0)         (-1.1523,0)         (0.10971,0)         (0.47,0)            
(1.04833,0)         (0.402558,0)        (-0.996885,0)       (0.220346,0)        (0.4,0)             
(1.05164,0)         (0.48161,0)         (-0.995084,0)       (0.136519,0)        (0.36,0)            
(1.04911,0)         (0.422238,0)        (-0.971333,0)       (0.183327,0)        (0.39,0)            
(1.04835,0)         (0.402504,0)        (-0.997525,0)       (0.220815,0)        (0.4,0)             
(1.03865,0)         (0.626084,0)        (-1.20575,0)        (0.120965,0)        (0.52,0)            
(1.0427,0)          (0.529636,0)        (-1.12443,0)        (0.16951,0)         (0.47,0)            
(1.05235,0)         (0.362847,0)        (-0.89877,0)        (0.198754,0)        (0.35,0)            
(1.05969,0)         (0.213484,0)        (-0.794314,0)       (0.287751,0)        (0.26,0)            
(1.04753,0)         (0.452867,0)        (-1.01756,0)        (0.181036,0)        (0.41,0)            
(1.04028,0)         (0.563081,0)        (-1.18347,0)        (0.172512,0)        (0.5,0)             
(1.04189,0)         (0.544525,0)        (-1.14209,0)        (0.165301,0)        (0.48,0)            
(1.04028,0)         (0.621904,0)        (-1.184,0)          (0.111344,0)        (0.5,0)             
(1.05318,0)         (0.314624,0)        (-0.895424,0)       (0.247031,0)        (0.34,0)            
(1.0492,0)          (0.46408,0)         (-1.02442,0)        (0.173722,0)        (0.39,0)            
(1.0589,0)          (0.335867,0)        (-0.827443,0)       (0.181082,0)        (0.27,0)            
(1.0459,0)          (0.469284,0)        (-1.04224,0)        (0.179749,0)        (0.43,0)            
(1.05313,0)         (0.251575,0)        (-0.860869,0)       (0.290733,0)        (0.34,0)            
(1.05156,0)         (0.307692,0)        (-0.921947,0)       (0.271342,0)        (0.36,0)            
(1.04833,0)         (0.45027,0)         (-1.00219,0)        (0.173866,0)        (0.4,0)             
(1.04753,0)         (0.405156,0)        (-1.01225,0)        (0.227516,0)        (0.41,0)            
(1.0484,0)          (0.502152,0)        (-1.04216,0)        (0.145322,0)        (0.4,0)             
(1.054,0)           (0.301985,0)        (-0.893172,0)       (0.258799,0)        (0.33,0)            
(1.05076,0)         (0.320277,0)        (-0.924839,0)       (0.260042,0)        (0.37,0)            
(1.0419,0)          (0.641017,0)        (-1.16105,0)        (0.0765921,0)       (0.48,0)            
(1.05239,0)         (0.341887,0)        (-0.917763,0)       (0.232892,0)        (0.35,0)            
(1.03948,0)         (0.637808,0)        (-1.21065,0)        (0.111853,0)        (0.51,0)            
(1.05073,0)         (0.355916,0)        (-0.925292,0)       (0.223065,0)        (0.37,0)            
(1.05646,0)         (0.331643,0)        (-0.868053,0)       (0.211625,0)        (0.3,0)             
(1.04921,0)         (0.464025,0)        (-1.02506,0)        (0.174191,0)        (0.39,0)            
(1.05481,0)         (0.321501,0)        (-0.869542,0)       (0.223189,0)        (0.32,0)            
(1.05404,0)         (0.376145,0)        (-0.922956,0)       (0.200407,0)        (0.33,0)            
(1.05159,0)         (0.368601,0)        (-0.939812,0)       (0.219141,0)        (0.36,0)            
(1.03463,0)         (0.714686,0)        (-1.31624,0)        (0.0993885,0)       (0.57,0)            
(1.03865,0)         (0.590609,0)        (-1.20338,0)        (0.156535,0)        (0.52,0)            
(1.05648,0)         (0.286072,0)        (-0.879435,0)       (0.266603,0)        (0.3,0)             
(1.05315,0)         (0.312538,0)        (-0.878094,0)       (0.238063,0)        (0.34,0)            
(1.03141,0)         (0.831666,0)        (-1.38292,0)        (0.0199518,0)       (0.61,0)            
(1.04513,0)         (0.523983,0)        (-1.09502,0)        (0.156498,0)        (0.44,0)            
(1.04999,0)         (0.423757,0)        (-0.991265,0)       (0.194562,0)        (0.38,0)            
(1.0556,0)          (0.281178,0)        (-0.83639,0)        (0.244028,0)        (0.31,0)            
(1.05565,0)         (0.308752,0)        (-0.86857,0)        (0.235895,0)        (0.31,0)            
(1.04832,0)         (0.389307,0)        (-0.984967,0)       (0.226537,0)        (0.4,0)             
(1.04674,0)         (0.446603,0)        (-1.05311,0)        (0.210456,0)        (0.42,0)            
(1.04673,0)         (0.418865,0)        (-1.02285,0)        (0.219996,0)        (0.42,0)            
(1.04917,0)         (0.437521,0)        (-1.00122,0)        (0.186573,0)        (0.39,0)            
(1.04834,0)         (0.391447,0)        (-1.00166,0)        (0.235035,0)        (0.4,0)             
(1.04513,0)         (0.570569,0)        (-1.09262,0)        (0.106239,0)        (0.44,0)            
(1.04589,0)         (0.421627,0)        (-1.0363,0)         (0.225759,0)        (0.43,0)            
