13
e_L                 onsite              nnhop               ospair              nnJastrow           nnnJastrow          
(-7.96,0)           (-0.108739,0)       (0.00934623,0)      (-0.0109073,0)      (-0.995,0)          (0.995,0)           
(-8,0)              (-0.111498,0)       (0.010738,0)        (-0.0108689,0)      (-1,0)              (1,0)               
(-8,0)              (-0.111498,0)       (0.010738,0)        (-0.0108689,0)      (-1,0)              (1,0)               
(-8,0)              (-0.111498,0)       (0.010738,0)        (-0.0108689,0)      (-1,0)              (1,0)               
(-8,0)              (-0.111498,0)       (0.010738,0)        (-0.0108689,0)      (-1,0)              (1,0)               
(-8,0)              (-0.111498,0)       (0.010738,0)        (-0.0108689,0)      (-1,0)              (1,0)               
(-8,0)              (-0.111498,0)       (0.010738,0)        (-0.0108689,0)      (-1,0)              (1,0)               
(-8,0)              (-0.111498,0)       (0.010738,0)        (-0.0108689,0)      (-1,0)              (1,0)               
(-8,0)              (-0.111498,0)       (0.010738,0)        (-0.0108689,0)      (-1,0)              (1,0)               
(-8,0)              (-0.111498,0)       (0.010738,0)        (-0.0108689,0)      (-1,0)              (1,0)               
(-8,0)              (-0.111498,0)       (0.010738,0)        (-0.0108689,0)      (-1,0)              (1,0)               
(-8,0)              (-0.111498,0)       (0.010738,0)        (-0.0108689,0)      (-1,0)              (1,0)               
(-8,0)              (-0.111498,0)       (0.010738,0)        (-0.0108689,0)      (-1,0)              (1,0)               
(-8,0)              (-0.111498,0)       (0.010738,0)        (-0.0108689,0)      (-1,0)              (1,0)               
(-8,0)              (-0.111498,0)       (0.010738,0)        (-0.0108689,0)      (-1,0)              (1,0)               
(-8,0)              (-0.111498,0)       (0.010738,0)        (-0.0108689,0)      (-1,0)              (1,0)               
(-8,0)              (-0.111498,0)       (0.010738,0)        (-0.0108689,0)      (-1,0)              (1,0)               
(-8,0)              (-0.111498,0)       (0.010738,0)        (-0.0108689,0)      (-1,0)              (1,0)               
(-8,0)              (-0.111498,0)       (0.010738,0)        (-0.0108689,0)      (-1,0)              (1,0)               
(-8,0)              (-0.111498,0)       (0.010738,0)        (-0.0108689,0)      (-1,0)              (1,0)               
(-8,0)              (-0.111498,0)       (0.010738,0)        (-0.0108689,0)      (-1,0)              (1,0)               
(-8,0)              (-0.111498,0)       (0.010738,0)        (-0.0108689,0)      (-1,0)              (1,0)               
(-8,0)              (-0.111498,0)       (0.010738,0)        (-0.0108689,0)      (-1,0)              (1,0)               
(-8,0)              (-0.111498,0)       (0.010738,0)        (-0.0108689,0)      (-1,0)              (1,0)               
(-8,0)              (-0.111498,0)       (0.010738,0)        (-0.0108689,0)      (-1,0)              (1,0)               
(-8,0)              (-0.111498,0)       (0.010738,0)        (-0.0108689,0)      (-1,0)              (1,0)               
(-8,0)              (-0.111498,0)       (0.010738,0)        (-0.0108689,0)      (-1,0)              (1,0)               
(-8,0)              (-0.111498,0)       (0.010738,0)        (-0.0108689,0)      (-1,0)              (1,0)               
(-8,0)              (-0.111498,0)       (0.010738,0)        (-0.0108689,0)      (-1,0)              (1,0)               
(-8,0)              (-0.111498,0)       (0.010738,0)        (-0.0108689,0)      (-1,0)              (1,0)               
(-8,0)              (-0.111498,0)       (0.010738,0)        (-0.0108689,0)      (-1,0)              (1,0)               
(-8,0)              (-0.111498,0)       (0.010738,0)        (-0.0108689,0)      (-1,0)              (1,0)               
(-8,0)              (-0.111498,0)       (0.010738,0)        (-0.0108689,0)      (-1,0)              (1,0)               
(-8,0)              (-0.111498,0)       (0.010738,0)        (-0.0108689,0)      (-1,0)              (1,0)               
(-8,0)              (-0.111498,0)       (0.010738,0)        (-0.0108689,0)      (-1,0)              (1,0)               
(-8,0)              (-0.111498,0)       (0.010738,0)        (-0.0108689,0)      (-1,0)              (1,0)               
(-8,0)              (-0.111498,0)       (0.010738,0)        (-0.0108689,0)      (-1,0)              (1,0)               
(-8,0)              (-0.111498,0)       (0.010738,0)        (-0.0108689,0)      (-1,0)              (1,0)               
(-8,0)              (-0.111498,0)       (0.010738,0)        (-0.0108689,0)      (-1,0)              (1,0)               
(-8,0)              (-0.111498,0)       (0.010738,0)        (-0.0108689,0)      (-1,0)              (1,0)               
(-8,0)              (-0.111498,0)       (0.010738,0)        (-0.0108689,0)      (-1,0)              (1,0)               
(-8,0)              (-0.111498,0)       (0.010738,0)        (-0.0108689,0)      (-1,0)              (1,0)               
(-8,0)              (-0.111498,0)       (0.010738,0)        (-0.0108689,0)      (-1,0)              (1,0)               
(-8,0)              (-0.111498,0)       (0.010738,0)        (-0.0108689,0)      (-1,0)              (1,0)               
(-8,0)              (-0.111498,0)       (0.010738,0)        (-0.0108689,0)      (-1,0)              (1,0)               
(-8,0)              (-0.111498,0)       (0.010738,0)        (-0.0108689,0)      (-1,0)              (1,0)               
(-8,0)              (-0.111498,0)       (0.010738,0)        (-0.0108689,0)      (-1,0)              (1,0)               
(-8,0)              (-0.111498,0)       (0.010738,0)        (-0.0108689,0)      (-1,0)              (1,0)               
(-8,0)              (-0.111498,0)       (0.010738,0)        (-0.0108689,0)      (-1,0)              (1,0)               
(-8,0)              (-0.111498,0)       (0.010738,0)        (-0.0108689,0)      (-1,0)              (1,0)               
(-8,0)              (-0.111498,0)       (0.010738,0)        (-0.0108689,0)      (-1,0)              (1,0)               
(-8,0)              (-0.111498,0)       (0.010738,0)        (-0.0108689,0)      (-1,0)              (1,0)               
(-8,0)              (-0.111498,0)       (0.010738,0)        (-0.0108689,0)      (-1,0)              (1,0)               
(-8,0)              (-0.111498,0)       (0.010738,0)        (-0.0108689,0)      (-1,0)              (1,0)               
(-8,0)              (-0.111498,0)       (0.010738,0)        (-0.0108689,0)      (-1,0)              (1,0)               
(-8,0)              (-0.111498,0)       (0.010738,0)        (-0.0108689,0)      (-1,0)              (1,0)               
(-8,0)              (-0.111498,0)       (0.010738,0)        (-0.0108689,0)      (-1,0)              (1,0)               
(-8,0)              (-0.111498,0)       (0.010738,0)        (-0.0108689,0)      (-1,0)              (1,0)               
(-8,0)              (-0.111498,0)       (0.010738,0)        (-0.0108689,0)      (-1,0)              (1,0)               
(-8,0)              (-0.111498,0)       (0.010738,0)        (-0.0108689,0)      (-1,0)              (1,0)               
(-7.96,0)           (-0.108739,0)       (0.00934623,0)      (-0.0109073,0)      (-0.995,0)          (0.995,0)           
(-8,0)              (-0.111498,0)       (0.010738,0)        (-0.0108689,0)      (-1,0)              (1,0)               
(-8,0)              (-0.111498,0)       (0.010738,0)        (-0.0108689,0)      (-1,0)              (1,0)               
(-8,0)              (-0.111498,0)       (0.010738,0)        (-0.0108689,0)      (-1,0)              (1,0)               
(-8,0)              (-0.111498,0)       (0.010738,0)        (-0.0108689,0)      (-1,0)              (1,0)               
(-8,0)              (-0.111498,0)       (0.010738,0)        (-0.0108689,0)      (-1,0)              (1,0)               
(-8,0)              (-0.111498,0)       (0.010738,0)        (-0.0108689,0)      (-1,0)              (1,0)               
(-8,0)              (-0.111498,0)       (0.010738,0)        (-0.0108689,0)      (-1,0)              (1,0)               
(-8,0)              (-0.111498,0)       (0.010738,0)        (-0.0108689,0)      (-1,0)              (1,0)               
(-8,0)              (-0.111498,0)       (0.010738,0)        (-0.0108689,0)      (-1,0)              (1,0)               
(-8,0)              (-0.111498,0)       (0.010738,0)        (-0.0108689,0)      (-1,0)              (1,0)               
(-8,0)              (-0.111498,0)       (0.010738,0)        (-0.0108689,0)      (-1,0)              (1,0)               
(-8,0)              (-0.111498,0)       (0.010738,0)        (-0.0108689,0)      (-1,0)              (1,0)               
(-8,0)              (-0.111498,0)       (0.010738,0)        (-0.0108689,0)      (-1,0)              (1,0)               
(-8,0)              (-0.111498,0)       (0.010738,0)        (-0.0108689,0)      (-1,0)              (1,0)               
(-8,0)              (-0.111498,0)       (0.010738,0)        (-0.0108689,0)      (-1,0)              (1,0)               
(-8,0)              (-0.111498,0)       (0.010738,0)        (-0.0108689,0)      (-1,0)              (1,0)               
(-8,0)              (-0.111498,0)       (0.010738,0)        (-0.0108689,0)      (-1,0)              (1,0)               
(-8,0)              (-0.111498,0)       (0.010738,0)        (-0.0108689,0)      (-1,0)              (1,0)               
(-8,0)              (-0.111498,0)       (0.010738,0)        (-0.0108689,0)      (-1,0)              (1,0)               
(-8,0)              (-0.111498,0)       (0.010738,0)        (-0.0108689,0)      (-1,0)              (1,0)               
(-8,0)              (-0.111498,0)       (0.010738,0)        (-0.0108689,0)      (-1,0)              (1,0)               
(-8,0)              (-0.111498,0)       (0.010738,0)        (-0.0108689,0)      (-1,0)              (1,0)               
(-8,0)              (-0.111498,0)       (0.010738,0)        (-0.0108689,0)      (-1,0)              (1,0)               
(-8,0)              (-0.111498,0)       (0.010738,0)        (-0.0108689,0)      (-1,0)              (1,0)               
(-8,0)              (-0.111498,0)       (0.010738,0)        (-0.0108689,0)      (-1,0)              (1,0)               
(-8,0)              (-0.111498,0)       (0.010738,0)        (-0.0108689,0)      (-1,0)              (1,0)               
(-8,0)              (-0.111498,0)       (0.010738,0)        (-0.0108689,0)      (-1,0)              (1,0)               
(-8,0)              (-0.111498,0)       (0.010738,0)        (-0.0108689,0)      (-1,0)              (1,0)               
(-8,0)              (-0.111498,0)       (0.010738,0)        (-0.0108689,0)      (-1,0)              (1,0)               
(-8,0)              (-0.111498,0)       (0.010738,0)        (-0.0108689,0)      (-1,0)              (1,0)               
(-8,0)              (-0.111498,0)       (0.010738,0)        (-0.0108689,0)      (-1,0)              (1,0)               
(-8,0)              (-0.111498,0)       (0.010738,0)        (-0.0108689,0)      (-1,0)              (1,0)               
(-8,0)              (-0.111498,0)       (0.010738,0)        (-0.0108689,0)      (-1,0)              (1,0)               
(-8,0)              (-0.111498,0)       (0.010738,0)        (-0.0108689,0)      (-1,0)              (1,0)               
(-8,0)              (-0.111498,0)       (0.010738,0)        (-0.0108689,0)      (-1,0)              (1,0)               
(-8,0)              (-0.111498,0)       (0.010738,0)        (-0.0108689,0)      (-1,0)              (1,0)               
(-8,0)              (-0.111498,0)       (0.010738,0)        (-0.0108689,0)      (-1,0)              (1,0)               
(-8,0)              (-0.111498,0)       (0.010738,0)        (-0.0108689,0)      (-1,0)              (1,0)               
(-8,0)              (-0.111498,0)       (0.010738,0)        (-0.0108689,0)      (-1,0)              (1,0)               
(-8,0)              (-0.111498,0)       (0.010738,0)        (-0.0108689,0)      (-1,0)              (1,0)               
(-8,0)              (-0.111498,0)       (0.010738,0)        (-0.0108689,0)      (-1,0)              (1,0)               
(-8,0)              (-0.111498,0)       (0.010738,0)        (-0.0108689,0)      (-1,0)              (1,0)               
(-8,0)              (-0.111498,0)       (0.010738,0)        (-0.0108689,0)      (-1,0)              (1,0)               
(-8,0)              (-0.111498,0)       (0.010738,0)        (-0.0108689,0)      (-1,0)              (1,0)               
(-8,0)              (-0.111498,0)       (0.010738,0)        (-0.0108689,0)      (-1,0)              (1,0)               
(-8,0)              (-0.111498,0)       (0.010738,0)        (-0.0108689,0)      (-1,0)              (1,0)               
(-8,0)              (-0.111498,0)       (0.010738,0)        (-0.0108689,0)      (-1,0)              (1,0)               
(-8,0)              (-0.111498,0)       (0.010738,0)        (-0.0108689,0)      (-1,0)              (1,0)               
(-8,0)              (-0.111498,0)       (0.010738,0)        (-0.0108689,0)      (-1,0)              (1,0)               
(-8,0)              (-0.111498,0)       (0.010738,0)        (-0.0108689,0)      (-1,0)              (1,0)               
(-8,0)              (-0.111498,0)       (0.010738,0)        (-0.0108689,0)      (-1,0)              (1,0)               
(-7.96,0)           (-0.114187,0)       (0.00961788,0)      (-0.0115075,0)      (-0.995,0)          (0.995,0)           
(-8,0)              (-0.111498,0)       (0.010738,0)        (-0.0108689,0)      (-1,0)              (1,0)               
(-8,0)              (-0.111498,0)       (0.010738,0)        (-0.0108689,0)      (-1,0)              (1,0)               
(-8,0)              (-0.111498,0)       (0.010738,0)        (-0.0108689,0)      (-1,0)              (1,0)               
(-8,0)              (-0.111498,0)       (0.010738,0)        (-0.0108689,0)      (-1,0)              (1,0)               
(-8,0)              (-0.111498,0)       (0.010738,0)        (-0.0108689,0)      (-1,0)              (1,0)               
(-8,0)              (-0.111498,0)       (0.010738,0)        (-0.0108689,0)      (-1,0)              (1,0)               
(-8,0)              (-0.111498,0)       (0.010738,0)        (-0.0108689,0)      (-1,0)              (1,0)               
(-8,0)              (-0.111498,0)       (0.010738,0)        (-0.0108689,0)      (-1,0)              (1,0)               
(-8,0)              (-0.111498,0)       (0.010738,0)        (-0.0108689,0)      (-1,0)              (1,0)               
(-8,0)              (-0.111498,0)       (0.010738,0)        (-0.0108689,0)      (-1,0)              (1,0)               
(-8,0)              (-0.111498,0)       (0.010738,0)        (-0.0108689,0)      (-1,0)              (1,0)               
(-8,0)              (-0.111498,0)       (0.010738,0)        (-0.0108689,0)      (-1,0)              (1,0)               
(-8,0)              (-0.111498,0)       (0.010738,0)        (-0.0108689,0)      (-1,0)              (1,0)               
(-8,0)              (-0.111498,0)       (0.010738,0)        (-0.0108689,0)      (-1,0)              (1,0)               
(-8,0)              (-0.111498,0)       (0.010738,0)        (-0.0108689,0)      (-1,0)              (1,0)               
(-8,0)              (-0.111498,0)       (0.010738,0)        (-0.0108689,0)      (-1,0)              (1,0)               
(-8,0)              (-0.111498,0)       (0.010738,0)        (-0.0108689,0)      (-1,0)              (1,0)               
(-8,0)              (-0.111498,0)       (0.010738,0)        (-0.0108689,0)      (-1,0)              (1,0)               
(-8,0)              (-0.111498,0)       (0.010738,0)        (-0.0108689,0)      (-1,0)              (1,0)               
(-8,0)              (-0.111498,0)       (0.010738,0)        (-0.0108689,0)      (-1,0)              (1,0)               
(-8,0)              (-0.111498,0)       (0.010738,0)        (-0.0108689,0)      (-1,0)              (1,0)               
(-8,0)              (-0.111498,0)       (0.010738,0)        (-0.0108689,0)      (-1,0)              (1,0)               
(-8,0)              (-0.111498,0)       (0.010738,0)        (-0.0108689,0)      (-1,0)              (1,0)               
(-8,0)              (-0.111498,0)       (0.010738,0)        (-0.0108689,0)      (-1,0)              (1,0)               
(-8,0)              (-0.111498,0)       (0.010738,0)        (-0.0108689,0)      (-1,0)              (1,0)               
(-8,0)              (-0.111498,0)       (0.010738,0)        (-0.0108689,0)      (-1,0)              (1,0)               
(-8,0)              (-0.111498,0)       (0.010738,0)        (-0.0108689,0)      (-1,0)              (1,0)               
(-8,0)              (-0.111498,0)       (0.010738,0)        (-0.0108689,0)      (-1,0)              (1,0)               
(-8,0)              (-0.111498,0)       (0.010738,0)        (-0.0108689,0)      (-1,0)              (1,0)               
(-8,0)              (-0.111498,0)       (0.010738,0)        (-0.0108689,0)      (-1,0)              (1,0)               
(-8,0)              (-0.111498,0)       (0.010738,0)        (-0.0108689,0)      (-1,0)              (1,0)               
(-8,0)              (-0.111498,0)       (0.010738,0)        (-0.0108689,0)      (-1,0)              (1,0)               
(-8,0)              (-0.111498,0)       (0.010738,0)        (-0.0108689,0)      (-1,0)              (1,0)               
(-8,0)              (-0.111498,0)       (0.010738,0)        (-0.0108689,0)      (-1,0)              (1,0)               
(-8,0)              (-0.111498,0)       (0.010738,0)        (-0.0108689,0)      (-1,0)              (1,0)               
(-8,0)              (-0.111498,0)       (0.010738,0)        (-0.0108689,0)      (-1,0)              (1,0)               
(-8,0)              (-0.111498,0)       (0.010738,0)        (-0.0108689,0)      (-1,0)              (1,0)               
(-8,0)              (-0.111498,0)       (0.010738,0)        (-0.0108689,0)      (-1,0)              (1,0)               
(-8,0)              (-0.111498,0)       (0.010738,0)        (-0.0108689,0)      (-1,0)              (1,0)               
(-8,0)              (-0.111498,0)       (0.010738,0)        (-0.0108689,0)      (-1,0)              (1,0)               
(-8,0)              (-0.111498,0)       (0.010738,0)        (-0.0108689,0)      (-1,0)              (1,0)               
(-8,0)              (-0.111498,0)       (0.010738,0)        (-0.0108689,0)      (-1,0)              (1,0)               
(-8,0)              (-0.111498,0)       (0.010738,0)        (-0.0108689,0)      (-1,0)              (1,0)               
(-8,0)              (-0.111498,0)       (0.010738,0)        (-0.0108689,0)      (-1,0)              (1,0)               
(-8,0)              (-0.111498,0)       (0.010738,0)        (-0.0108689,0)      (-1,0)              (1,0)               
(-8,0)              (-0.111498,0)       (0.010738,0)        (-0.0108689,0)      (-1,0)              (1,0)               
(-8,0)              (-0.111498,0)       (0.010738,0)        (-0.0108689,0)      (-1,0)              (1,0)               
(-8,0)              (-0.111498,0)       (0.010738,0)        (-0.0108689,0)      (-1,0)              (1,0)               
(-8,0)              (-0.111498,0)       (0.010738,0)        (-0.0108689,0)      (-1,0)              (1,0)               
(-8,0)              (-0.111498,0)       (0.010738,0)        (-0.0108689,0)      (-1,0)              (1,0)               
(-8,0)              (-0.111498,0)       (0.010738,0)        (-0.0108689,0)      (-1,0)              (1,0)               
(-8,0)              (-0.111498,0)       (0.010738,0)        (-0.0108689,0)      (-1,0)              (1,0)               
(-8,0)              (-0.111498,0)       (0.010738,0)        (-0.0108689,0)      (-1,0)              (1,0)               
(-8,0)              (-0.111498,0)       (0.010738,0)        (-0.0108689,0)      (-1,0)              (1,0)               
(-8,0)              (-0.111498,0)       (0.010738,0)        (-0.0108689,0)      (-1,0)              (1,0)               
(-8,0)              (-0.111498,0)       (0.010738,0)        (-0.0108689,0)      (-1,0)              (1,0)               
(-8,0)              (-0.111498,0)       (0.010738,0)        (-0.0108689,0)      (-1,0)              (1,0)               
(-8,0)              (-0.111498,0)       (0.010738,0)        (-0.0108689,0)      (-1,0)              (1,0)               
(-8,0)              (-0.111498,0)       (0.010738,0)        (-0.0108689,0)      (-1,0)              (1,0)               
(-8,0)              (-0.111498,0)       (0.010738,0)        (-0.0108689,0)      (-1,0)              (1,0)               
(-8,0)              (-0.111498,0)       (0.010738,0)        (-0.0108689,0)      (-1,0)              (1,0)               
(-8,0)              (-0.111498,0)       (0.010738,0)        (-0.0108689,0)      (-1,0)              (1,0)               
(-8,0)              (-0.111498,0)       (0.010738,0)        (-0.0108689,0)      (-1,0)              (1,0)               
(-8,0)              (-0.111498,0)       (0.010738,0)        (-0.0108689,0)      (-1,0)              (1,0)               
(-8,0)              (-0.111498,0)       (0.010738,0)        (-0.0108689,0)      (-1,0)              (1,0)               
(-8,0)              (-0.111498,0)       (0.010738,0)        (-0.0108689,0)      (-1,0)              (1,0)               
(-8,0)              (-0.111498,0)       (0.010738,0)        (-0.0108689,0)      (-1,0)              (1,0)               
(-8,0)              (-0.111498,0)       (0.010738,0)        (-0.0108689,0)      (-1,0)              (1,0)               
(-8,0)              (-0.111498,0)       (0.010738,0)        (-0.0108689,0)      (-1,0)              (1,0)               
(-8,0)              (-0.111498,0)       (0.010738,0)        (-0.0108689,0)      (-1,0)              (1,0)               
(-8,0)              (-0.111498,0)       (0.010738,0)        (-0.0108689,0)      (-1,0)              (1,0)               
(-8,0)              (-0.111498,0)       (0.010738,0)        (-0.0108689,0)      (-1,0)              (1,0)               
(-8,0)              (-0.111498,0)       (0.010738,0)        (-0.0108689,0)      (-1,0)              (1,0)               
(-8,0)              (-0.111498,0)       (0.010738,0)        (-0.0108689,0)      (-1,0)              (1,0)               
(-8,0)              (-0.111498,0)       (0.010738,0)        (-0.0108689,0)      (-1,0)              (1,0)               
(-8,0)              (-0.111498,0)       (0.010738,0)        (-0.0108689,0)      (-1,0)              (1,0)               
(-8,0)              (-0.111498,0)       (0.010738,0)        (-0.0108689,0)      (-1,0)              (1,0)               
(-8,0)              (-0.111498,0)       (0.010738,0)        (-0.0108689,0)      (-1,0)              (1,0)               
(-8,0)              (-0.111498,0)       (0.010738,0)        (-0.0108689,0)      (-1,0)              (1,0)               
(-8,0)              (-0.111498,0)       (0.010738,0)        (-0.0108689,0)      (-1,0)              (1,0)               
(-8,0)              (-0.111498,0)       (0.010738,0)        (-0.0108689,0)      (-1,0)              (1,0)               
(-8,0)              (-0.111498,0)       (0.010738,0)        (-0.0108689,0)      (-1,0)              (1,0)               
(-8,0)              (-0.111498,0)       (0.010738,0)        (-0.0108689,0)      (-1,0)              (1,0)               
(-8,0)              (-0.111498,0)       (0.010738,0)        (-0.0108689,0)      (-1,0)              (1,0)               
(-8,0)              (-0.111498,0)       (0.010738,0)        (-0.0108689,0)      (-1,0)              (1,0)               
(-8,0)              (-0.111498,0)       (0.010738,0)        (-0.0108689,0)      (-1,0)              (1,0)               
(-8,0)              (-0.111498,0)       (0.010738,0)        (-0.0108689,0)      (-1,0)              (1,0)               
(-8,0)              (-0.111498,0)       (0.010738,0)        (-0.0108689,0)      (-1,0)              (1,0)               
(-8,0)              (-0.111498,0)       (0.010738,0)        (-0.0108689,0)      (-1,0)              (1,0)               
(-8,0)              (-0.111498,0)       (0.010738,0)        (-0.0108689,0)      (-1,0)              (1,0)               
(-8,0)              (-0.111498,0)       (0.010738,0)        (-0.0108689,0)      (-1,0)              (1,0)               
(-8,0)              (-0.111498,0)       (0.010738,0)        (-0.0108689,0)      (-1,0)              (1,0)               
(-8,0)              (-0.111498,0)       (0.010738,0)        (-0.0108689,0)      (-1,0)              (1,0)               
(-8,0)              (-0.111498,0)       (0.010738,0)        (-0.0108689,0)      (-1,0)              (1,0)               
(-8,0)              (-0.111498,0)       (0.010738,0)        (-0.0108689,0)      (-1,0)              (1,0)               
(-8,0)              (-0.111498,0)       (0.010738,0)        (-0.0108689,0)      (-1,0)              (1,0)               
(-8,0)              (-0.111498,0)       (0.010738,0)        (-0.0108689,0)      (-1,0)              (1,0)               
(-8,0)              (-0.111498,0)       (0.010738,0)        (-0.0108689,0)      (-1,0)              (1,0)               
(-8,0)              (-0.111498,0)       (0.010738,0)        (-0.0108689,0)      (-1,0)              (1,0)               
(-8,0)              (-0.111498,0)       (0.010738,0)        (-0.0108689,0)      (-1,0)              (1,0)               
(-8,0)              (-0.111498,0)       (0.010738,0)        (-0.0108689,0)      (-1,0)              (1,0)               
(-8,0)              (-0.111498,0)       (0.010738,0)        (-0.0108689,0)      (-1,0)              (1,0)               
(-8,0)              (-0.111498,0)       (0.010738,0)        (-0.0108689,0)      (-1,0)              (1,0)               
(-8,0)              (-0.111498,0)       (0.010738,0)        (-0.0108689,0)      (-1,0)              (1,0)               
(-8,0)              (-0.111498,0)       (0.010738,0)        (-0.0108689,0)      (-1,0)              (1,0)               
(-8,0)              (-0.111498,0)       (0.010738,0)        (-0.0108689,0)      (-1,0)              (1,0)               
(-8,0)              (-0.111498,0)       (0.010738,0)        (-0.0108689,0)      (-1,0)              (1,0)               
(-8,0)              (-0.111498,0)       (0.010738,0)        (-0.0108689,0)      (-1,0)              (1,0)               
(-8,0)              (-0.111498,0)       (0.010738,0)        (-0.0108689,0)      (-1,0)              (1,0)               
(-8,0)              (-0.111498,0)       (0.010738,0)        (-0.0108689,0)      (-1,0)              (1,0)               
(-8,0)              (-0.111498,0)       (0.010738,0)        (-0.0108689,0)      (-1,0)              (1,0)               
(-8,0)              (-0.111498,0)       (0.010738,0)        (-0.0108689,0)      (-1,0)              (1,0)               
(-8,0)              (-0.111498,0)       (0.010738,0)        (-0.0108689,0)      (-1,0)              (1,0)               
(-8,0)              (-0.111498,0)       (0.010738,0)        (-0.0108689,0)      (-1,0)              (1,0)               
(-8,0)              (-0.111498,0)       (0.010738,0)        (-0.0108689,0)      (-1,0)              (1,0)               
(-8,0)              (-0.111498,0)       (0.010738,0)        (-0.0108689,0)      (-1,0)              (1,0)               
(-8,0)              (-0.111498,0)       (0.010738,0)        (-0.0108689,0)      (-1,0)              (1,0)               
(-8,0)              (-0.111498,0)       (0.010738,0)        (-0.0108689,0)      (-1,0)              (1,0)               
(-8,0)              (-0.111498,0)       (0.010738,0)        (-0.0108689,0)      (-1,0)              (1,0)               
(-8,0)              (-0.111498,0)       (0.010738,0)        (-0.0108689,0)      (-1,0)              (1,0)               
(-8,0)              (-0.111498,0)       (0.010738,0)        (-0.0108689,0)      (-1,0)              (1,0)               
(-8,0)              (-0.111498,0)       (0.010738,0)        (-0.0108689,0)      (-1,0)              (1,0)               
(-8,0)              (-0.111498,0)       (0.010738,0)        (-0.0108689,0)      (-1,0)              (1,0)               
(-8,0)              (-0.111498,0)       (0.010738,0)        (-0.0108689,0)      (-1,0)              (1,0)               
(-8,0)              (-0.111498,0)       (0.010738,0)        (-0.0108689,0)      (-1,0)              (1,0)               
(-8,0)              (-0.111498,0)       (0.010738,0)        (-0.0108689,0)      (-1,0)              (1,0)               
(-8,0)              (-0.111498,0)       (0.010738,0)        (-0.0108689,0)      (-1,0)              (1,0)               
(-8,0)              (-0.111498,0)       (0.010738,0)        (-0.0108689,0)      (-1,0)              (1,0)               
(-8,0)              (-0.111498,0)       (0.010738,0)        (-0.0108689,0)      (-1,0)              (1,0)               
(-8,0)              (-0.111498,0)       (0.010738,0)        (-0.0108689,0)      (-1,0)              (1,0)               
(-8,0)              (-0.111498,0)       (0.010738,0)        (-0.0108689,0)      (-1,0)              (1,0)               
(-8,0)              (-0.111498,0)       (0.010738,0)        (-0.0108689,0)      (-1,0)              (1,0)               
(-8,0)              (-0.111498,0)       (0.010738,0)        (-0.0108689,0)      (-1,0)              (1,0)               
(-8,0)              (-0.111498,0)       (0.010738,0)        (-0.0108689,0)      (-1,0)              (1,0)               
(-8,0)              (-0.111498,0)       (0.010738,0)        (-0.0108689,0)      (-1,0)              (1,0)               
(-8,0)              (-0.111498,0)       (0.010738,0)        (-0.0108689,0)      (-1,0)              (1,0)               
(-8,0)              (-0.111498,0)       (0.010738,0)        (-0.0108689,0)      (-1,0)              (1,0)               
(-8,0)              (-0.111498,0)       (0.010738,0)        (-0.0108689,0)      (-1,0)              (1,0)               
(-8,0)              (-0.111498,0)       (0.010738,0)        (-0.0108689,0)      (-1,0)              (1,0)               
(-8,0)              (-0.111498,0)       (0.010738,0)        (-0.0108689,0)      (-1,0)              (1,0)               
(-8,0)              (-0.111498,0)       (0.010738,0)        (-0.0108689,0)      (-1,0)              (1,0)               
(-8,0)              (-0.111498,0)       (0.010738,0)        (-0.0108689,0)      (-1,0)              (1,0)               
(-8,0)              (-0.111498,0)       (0.010738,0)        (-0.0108689,0)      (-1,0)              (1,0)               
(-8,0)              (-0.111498,0)       (0.010738,0)        (-0.0108689,0)      (-1,0)              (1,0)               
(-8,0)              (-0.111498,0)       (0.010738,0)        (-0.0108689,0)      (-1,0)              (1,0)               
(-8,0)              (-0.111498,0)       (0.010738,0)        (-0.0108689,0)      (-1,0)              (1,0)               
(-8,0)              (-0.111498,0)       (0.010738,0)        (-0.0108689,0)      (-1,0)              (1,0)               
(-8,0)              (-0.111498,0)       (0.010738,0)        (-0.0108689,0)      (-1,0)              (1,0)               
(-8,0)              (-0.111498,0)       (0.010738,0)        (-0.0108689,0)      (-1,0)              (1,0)               
(-8,0)              (-0.111498,0)       (0.010738,0)        (-0.0108689,0)      (-1,0)              (1,0)               
(-8,0)              (-0.111498,0)       (0.010738,0)        (-0.0108689,0)      (-1,0)              (1,0)               
(-8,0)              (-0.111498,0)       (0.010738,0)        (-0.0108689,0)      (-1,0)              (1,0)               
(-8,0)              (-0.111498,0)       (0.010738,0)        (-0.0108689,0)      (-1,0)              (1,0)               
(-8,0)              (-0.111498,0)       (0.010738,0)        (-0.0108689,0)      (-1,0)              (1,0)               
(-8,0)              (-0.111498,0)       (0.010738,0)        (-0.0108689,0)      (-1,0)              (1,0)               
(-8,0)              (-0.111498,0)       (0.010738,0)        (-0.0108689,0)      (-1,0)              (1,0)               
(-8,0)              (-0.111498,0)       (0.010738,0)        (-0.0108689,0)      (-1,0)              (1,0)               
(-8,0)              (-0.111498,0)       (0.010738,0)        (-0.0108689,0)      (-1,0)              (1,0)               
(-8,0)              (-0.111498,0)       (0.010738,0)        (-0.0108689,0)      (-1,0)              (1,0)               
(-8,0)              (-0.111498,0)       (0.010738,0)        (-0.0108689,0)      (-1,0)              (1,0)               
(-8,0)              (-0.111498,0)       (0.010738,0)        (-0.0108689,0)      (-1,0)              (1,0)               
(-8,0)              (-0.111498,0)       (0.010738,0)        (-0.0108689,0)      (-1,0)              (1,0)               
(-8,0)              (-0.111498,0)       (0.010738,0)        (-0.0108689,0)      (-1,0)              (1,0)               
(-8,0)              (-0.111498,0)       (0.010738,0)        (-0.0108689,0)      (-1,0)              (1,0)               
(-8,0)              (-0.111498,0)       (0.010738,0)        (-0.0108689,0)      (-1,0)              (1,0)               
(-8,0)              (-0.111498,0)       (0.010738,0)        (-0.0108689,0)      (-1,0)              (1,0)               
(-8,0)              (-0.111498,0)       (0.010738,0)        (-0.0108689,0)      (-1,0)              (1,0)               
(-8,0)              (-0.111498,0)       (0.010738,0)        (-0.0108689,0)      (-1,0)              (1,0)               
(-8,0)              (-0.111498,0)       (0.010738,0)        (-0.0108689,0)      (-1,0)              (1,0)               
(-8,0)              (-0.111498,0)       (0.010738,0)        (-0.0108689,0)      (-1,0)              (1,0)               
(-8,0)              (-0.111498,0)       (0.010738,0)        (-0.0108689,0)      (-1,0)              (1,0)               
(-8,0)              (-0.111498,0)       (0.010738,0)        (-0.0108689,0)      (-1,0)              (1,0)               
(-8,0)              (-0.111498,0)       (0.010738,0)        (-0.0108689,0)      (-1,0)              (1,0)               
(-8,0)              (-0.111498,0)       (0.010738,0)        (-0.0108689,0)      (-1,0)              (1,0)               
(-8,0)              (-0.111498,0)       (0.010738,0)        (-0.0108689,0)      (-1,0)              (1,0)               
(-8,0)              (-0.111498,0)       (0.010738,0)        (-0.0108689,0)      (-1,0)              (1,0)               
(-8,0)              (-0.111498,0)       (0.010738,0)        (-0.0108689,0)      (-1,0)              (1,0)               
(-8,0)              (-0.111498,0)       (0.010738,0)        (-0.0108689,0)      (-1,0)              (1,0)               
(-8,0)              (-0.111498,0)       (0.010738,0)        (-0.0108689,0)      (-1,0)              (1,0)               
(-8,0)              (-0.111498,0)       (0.010738,0)        (-0.0108689,0)      (-1,0)              (1,0)               
(-7.84,0)           (-0.10046,0)        (0.00517093,0)      (-0.0110223,0)      (-0.98,0)           (0.98,0)            
(-8,0)              (-0.111498,0)       (0.010738,0)        (-0.0108689,0)      (-1,0)              (1,0)               
(-8,0)              (-0.111498,0)       (0.010738,0)        (-0.0108689,0)      (-1,0)              (1,0)               
(-8,0)              (-0.111498,0)       (0.010738,0)        (-0.0108689,0)      (-1,0)              (1,0)               
(-8,0)              (-0.111498,0)       (0.010738,0)        (-0.0108689,0)      (-1,0)              (1,0)               
(-8,0)              (-0.111498,0)       (0.010738,0)        (-0.0108689,0)      (-1,0)              (1,0)               
(-8,0)              (-0.111498,0)       (0.010738,0)        (-0.0108689,0)      (-1,0)              (1,0)               
