26
e_L                 onsite              nnhop               ospair              ophop               nnJastrow           nnnJastrow          
(1.0056,0)          (0.116574,0)        (-0.232849,0)       (0.594171,0)        (-0.451853,0)       (0.09,0)            (0.12,0)            
(1.01237,0)         (0.323842,0)        (-0.418522,0)       (0.496105,0)        (-0.359539,0)       (0.24,0)            (0.24,0)            
(1.02777,0)         (0.268469,0)        (-0.393101,0)       (0.526455,0)        (-0.361368,0)       (0.24,0)            (0.19,0)            
(0.980379,0)        (0.166,0)           (-0.293532,0)       (0.579252,0)        (-0.419977,0)       (0.12,0)            (0.23,0)            
(0.953438,0)        (0.225214,0)        (-0.366933,0)       (0.574465,0)        (-0.394048,0)       (0.15,0)            (0.35,0)            
(0.985518,0)        (0.248538,0)        (-0.440659,0)       (0.57209,0)         (-0.33337,0)        (0.25,0)            (0.34,0)            
(0.979986,0)        (0.277082,0)        (-0.412949,0)       (0.543808,0)        (-0.365353,0)       (0.21,0)            (0.32,0)            
(0.997691,0)        (0.232763,0)        (-0.392733,0)       (0.588149,0)        (-0.38665,0)        (0.2,0)             (0.26,0)            
(1.01233,0)         (0.287654,0)        (-0.420865,0)       (0.524376,0)        (-0.348,0)          (0.25,0)            (0.25,0)            
(0.976088,0)        (0.292427,0)        (-0.392733,0)       (0.516165,0)        (-0.376084,0)       (0.19,0)            (0.31,0)            
(0.992858,0)        (0.305571,0)        (-0.456141,0)       (0.518439,0)        (-0.321109,0)       (0.27,0)            (0.33,0)            
(0.972321,0)        (0.255419,0)        (-0.329261,0)       (0.510507,0)        (-0.403297,0)       (0.14,0)            (0.27,0)            
(0.985736,0)        (0.222585,0)        (-0.382367,0)       (0.568047,0)        (-0.367747,0)       (0.2,0)             (0.29,0)            
(0.974585,0)        (0.115344,0)        (-0.31093,0)        (0.629055,0)        (-0.398272,0)       (0.14,0)            (0.27,0)            
(1.00547,0)         (0.076974,0)        (-0.255403,0)       (0.633213,0)        (-0.425008,0)       (0.12,0)            (0.15,0)            
(0.984189,0)        (0.19322,0)         (-0.344311,0)       (0.587152,0)        (-0.399122,0)       (0.16,0)            (0.26,0)            
(0.976283,0)        (0.263432,0)        (-0.493843,0)       (0.611645,0)        (-0.328738,0)       (0.27,0)            (0.4,0)             
(1.00155,0)         (0.227207,0)        (-0.425642,0)       (0.61355,0)         (-0.369561,0)       (0.23,0)            (0.28,0)            
(0.959057,0)        (0.22307,0)         (-0.379607,0)       (0.576718,0)        (-0.379961,0)       (0.17,0)            (0.35,0)            
(1.03552,0)         (0.270555,0)        (-0.451403,0)       (0.564242,0)        (-0.336138,0)       (0.29,0)            (0.22,0)            
(0.966703,0)        (0.211586,0)        (-0.306236,0)       (0.538768,0)        (-0.412202,0)       (0.12,0)            (0.27,0)            
(0.993575,0)        (0.228084,0)        (-0.420457,0)       (0.595063,0)        (-0.357823,0)       (0.23,0)            (0.3,0)             
(1.01862,0)         (0.194822,0)        (-0.405372,0)       (0.616267,0)        (-0.361678,0)       (0.24,0)            (0.23,0)            
(0.976176,0)        (0.249862,0)        (-0.36217,0)        (0.535908,0)        (-0.386208,0)       (0.17,0)            (0.29,0)            
(0.998583,0)        (0.139112,0)        (-0.31145,0)        (0.658488,0)        (-0.451383,0)       (0.12,0)            (0.19,0)            
(0.993837,0)        (0.192343,0)        (-0.349472,0)       (0.593263,0)        (-0.398557,0)       (0.17,0)            (0.24,0)            
(1.00407,0)         (0.189321,0)        (-0.36738,0)        (0.638755,0)        (-0.420815,0)       (0.17,0)            (0.22,0)            
(0.987413,0)        (0.222586,0)        (-0.382342,0)       (0.555671,0)        (-0.355444,0)       (0.21,0)            (0.29,0)            
(1.0029,0)          (0.216601,0)        (-0.347061,0)       (0.544737,0)        (-0.37776,0)        (0.19,0)            (0.22,0)            
(0.960909,0)        (0.229894,0)        (-0.33916,0)        (0.5428,0)          (-0.398269,0)       (0.14,0)            (0.31,0)            
(1.00299,0)         (0.197025,0)        (-0.321674,0)       (0.549222,0)        (-0.390475,0)       (0.17,0)            (0.2,0)             
(1.01485,0)         (0.226779,0)        (-0.357427,0)       (0.564839,0)        (-0.396663,0)       (0.19,0)            (0.19,0)            
(0.989503,0)        (0.328558,0)        (-0.461366,0)       (0.527933,0)        (-0.348307,0)       (0.25,0)            (0.33,0)            
(1.00562,0)         (0.241674,0)        (-0.410612,0)       (0.604394,0)        (-0.392031,0)       (0.21,0)            (0.25,0)            
(1.00697,0)         (0.231069,0)        (-0.33203,0)        (0.53558,0)         (-0.40023,0)        (0.17,0)            (0.19,0)            
(0.999718,0)        (0.200436,0)        (-0.301512,0)       (0.563203,0)        (-0.430387,0)       (0.13,0)            (0.18,0)            
(0.945425,0)        (0.281856,0)        (-0.384792,0)       (0.523221,0)        (-0.381134,0)       (0.16,0)            (0.38,0)            
(0.978222,0)        (0.250681,0)        (-0.428009,0)       (0.582212,0)        (-0.35976,0)        (0.22,0)            (0.34,0)            
(0.995602,0)        (0.195756,0)        (-0.329236,0)       (0.570116,0)        (-0.401559,0)       (0.16,0)            (0.22,0)            
(1.0164,0)          (0.256144,0)        (-0.395483,0)       (0.545734,0)        (-0.365288,0)       (0.23,0)            (0.22,0)            
(1.00109,0)         (0.268953,0)        (-0.390341,0)       (0.535127,0)        (-0.373582,0)       (0.21,0)            (0.25,0)            
(1.0115,0)          (0.157813,0)        (-0.341949,0)       (0.635362,0)        (-0.413497,0)       (0.17,0)            (0.19,0)            
(0.971187,0)        (0.148119,0)        (-0.328848,0)       (0.636307,0)        (-0.419112,0)       (0.13,0)            (0.28,0)            
(0.964894,0)        (0.194973,0)        (-0.333989,0)       (0.574929,0)        (-0.400252,0)       (0.14,0)            (0.3,0)             
(0.98369,0)         (0.244755,0)        (-0.321703,0)       (0.506486,0)        (-0.396786,0)       (0.15,0)            (0.24,0)            
(1.01287,0)         (0.295296,0)        (-0.446306,0)       (0.561514,0)        (-0.364465,0)       (0.25,0)            (0.26,0)            
(0.995165,0)        (0.339614,0)        (-0.466522,0)       (0.517173,0)        (-0.343168,0)       (0.26,0)            (0.32,0)            
(1.01224,0)         (0.284242,0)        (-0.441076,0)       (0.535147,0)        (-0.332694,0)       (0.27,0)            (0.27,0)            
(1.02132,0)         (0.117784,0)        (-0.296336,0)       (0.650445,0)        (-0.438361,0)       (0.14,0)            (0.13,0)            
(1.01082,0)         (0.271489,0)        (-0.375291,0)       (0.530467,0)        (-0.388323,0)       (0.2,0)             (0.21,0)            
(0.989896,0)        (0.0795467,0)       (-0.310896,0)       (0.654919,0)        (-0.387387,0)       (0.16,0)            (0.24,0)            
(0.986672,0)        (0.119146,0)        (-0.288391,0)       (0.640629,0)        (-0.438837,0)       (0.11,0)            (0.21,0)            
(1.02513,0)         (0.167992,0)        (-0.352291,0)       (0.643088,0)        (-0.420097,0)       (0.18,0)            (0.16,0)            
(0.980117,0)        (0.178753,0)        (-0.359342,0)       (0.596308,0)        (-0.376652,0)       (0.18,0)            (0.29,0)            
(1.02287,0)         (0.216114,0)        (-0.349919,0)       (0.585569,0)        (-0.414759,0)       (0.18,0)            (0.16,0)            
(0.999325,0)        (0.196576,0)        (-0.395051,0)       (0.604045,0)        (-0.362808,0)       (0.22,0)            (0.27,0)            
(0.976568,0)        (0.138781,0)        (-0.242754,0)       (0.571351,0)        (-0.440833,0)       (0.08,0)            (0.2,0)             
(0.982381,0)        (0.222584,0)        (-0.382416,0)       (0.592799,0)        (-0.392353,0)       (0.18,0)            (0.29,0)            
(0.981795,0)        (0.247718,0)        (-0.374844,0)       (0.538161,0)        (-0.372121,0)       (0.19,0)            (0.29,0)            
(1.00688,0)         (0.227657,0)        (-0.352241,0)       (0.546352,0)        (-0.384925,0)       (0.19,0)            (0.21,0)            
(1.02065,0)         (0.185483,0)        (-0.319327,0)       (0.576064,0)        (-0.408006,0)       (0.17,0)            (0.15,0)            
(1.00458,0)         (0.262579,0)        (-0.357388,0)       (0.501847,0)        (-0.370639,0)       (0.2,0)             (0.22,0)            
(1.02065,0)         (0.208471,0)        (-0.324502,0)       (0.560807,0)        (-0.410596,0)       (0.17,0)            (0.15,0)            
(1.0091,0)          (0.235299,0)        (-0.377658,0)       (0.571114,0)        (-0.389087,0)       (0.2,0)             (0.22,0)            
(1.02282,0)         (0.156937,0)        (-0.347086,0)       (0.629097,0)        (-0.400629,0)       (0.19,0)            (0.17,0)            
(0.976394,0)        (0.200921,0)        (-0.298703,0)       (0.547122,0)        (-0.417995,0)       (0.12,0)            (0.24,0)            
(0.99471,0)         (0.335384,0)        (-0.42087,0)        (0.469264,0)        (-0.342008,0)       (0.24,0)            (0.29,0)            
(0.980292,0)        (0.185577,0)        (-0.318919,0)       (0.574766,0)        (-0.407263,0)       (0.14,0)            (0.25,0)            
(0.987501,0)        (0.271975,0)        (-0.372482,0)       (0.514386,0)        (-0.375931,0)       (0.19,0)            (0.27,0)            
(1.02694,0)         (0.161616,0)        (-0.319361,0)       (0.622184,0)        (-0.429456,0)       (0.16,0)            (0.13,0)            
(0.962587,0)        (0.229895,0)        (-0.339135,0)       (0.530424,0)        (-0.385966,0)       (0.15,0)            (0.31,0)            
(0.979419,0)        (0.0655242,0)       (-0.252697,0)       (0.683508,0)        (-0.466403,0)       (0.07,0)            (0.2,0)             
(0.968118,0)        (0.201351,0)        (-0.366845,0)       (0.558706,0)        (-0.353983,0)       (0.19,0)            (0.33,0)            
(0.978178,0)        (0.260469,0)        (-0.440703,0)       (0.579969,0)        (-0.353402,0)       (0.23,0)            (0.35,0)            
(1.00407,0)         (0.189321,0)        (-0.36738,0)        (0.638755,0)        (-0.420815,0)       (0.17,0)            (0.22,0)            
(0.97844,0)         (0.224728,0)        (-0.369718,0)       (0.57817,0)         (-0.394137,0)       (0.17,0)            (0.29,0)            
(0.971143,0)        (0.11193,0)         (-0.33119,0)        (0.664578,0)        (-0.407573,0)       (0.14,0)            (0.29,0)            
(0.993226,0)        (0.375354,0)        (-0.537531,0)       (0.531348,0)        (-0.314737,0)       (0.31,0)            (0.38,0)            
(0.963479,0)        (0.0442906,0)       (-0.237151,0)       (0.661791,0)        (-0.440336,0)       (0.07,0)            (0.24,0)            
(0.971231,0)        (0.184307,0)        (-0.326506,0)       (0.608035,0)        (-0.430651,0)       (0.12,0)            (0.27,0)            
(0.977853,0)        (0.295839,0)        (-0.372497,0)       (0.493018,0)        (-0.379086,0)       (0.18,0)            (0.29,0)            
(0.995427,0)        (0.234909,0)        (-0.38001,0)        (0.561144,0)        (-0.37613,0)        (0.2,0)             (0.26,0)            
(1.0299,0)          (0.272699,0)        (-0.438729,0)       (0.561989,0)        (-0.350225,0)       (0.27,0)            (0.22,0)            
(1.01159,0)         (0.161225,0)        (-0.321738,0)       (0.62459,0)         (-0.428803,0)       (0.15,0)            (0.17,0)            
(0.953918,0)        (0.0485793,0)       (-0.211779,0)       (0.644909,0)        (-0.456206,0)       (0.04,0)            (0.24,0)            
(0.982294,0)        (0.24216,0)         (-0.407803,0)       (0.588313,0)        (-0.379639,0)       (0.2,0)             (0.31,0)            
(1.00507,0)         (0.211044,0)        (-0.379995,0)       (0.582513,0)        (-0.372975,0)       (0.21,0)            (0.24,0)            
(0.981489,0)        (0.316235,0)        (-0.463698,0)       (0.522461,0)        (-0.32762,0)        (0.26,0)            (0.36,0)            
(0.995427,0)        (0.21192,0)         (-0.374834,0)       (0.576402,0)        (-0.373539,0)       (0.2,0)             (0.26,0)            
(1.01485,0)         (0.134826,0)        (-0.336725,0)       (0.625867,0)        (-0.3863,0)         (0.19,0)            (0.19,0)            
(1.02202,0)         (0.299977,0)        (-0.418508,0)       (0.517473,0)        (-0.356383,0)       (0.25,0)            (0.22,0)            
(1.03615,0)         (0.281609,0)        (-0.456632,0)       (0.590609,0)        (-0.367909,0)       (0.27,0)            (0.21,0)            
(1.00865,0)         (0.231069,0)        (-0.332006,0)       (0.523205,0)        (-0.387927,0)       (0.18,0)            (0.19,0)            
(0.961539,0)        (0.194972,0)        (-0.334038,0)       (0.599681,0)        (-0.424858,0)       (0.12,0)            (0.3,0)             
(0.970339,0)        (0.231982,0)        (-0.397437,0)       (0.568211,0)        (-0.360736,0)       (0.2,0)             (0.34,0)            
(0.991529,0)        (0.250254,0)        (-0.359794,0)       (0.533501,0)        (-0.386862,0)       (0.18,0)            (0.25,0)            
(0.996145,0)        (0.157422,0)        (-0.344326,0)       (0.637768,0)        (-0.412843,0)       (0.16,0)            (0.23,0)            
(1.03008,0)         (0.279523,0)        (-0.398306,0)       (0.540446,0)        (-0.380836,0)       (0.23,0)            (0.18,0)            
(1.00427,0)         (0.285119,0)        (-0.435891,0)       (0.51666,0)         (-0.320956,0)       (0.27,0)            (0.29,0)            
(0.934274,0)        (0.174614,0)        (-0.313356,0)       (0.584228,0)        (-0.411659,0)       (0.1,0)             (0.36,0)            
(0.955378,0)        (0.189474,0)        (-0.295924,0)       (0.56029,0)         (-0.422479,0)       (0.1,0)             (0.29,0)            
(0.981925,0)        (0.218354,0)        (-0.336764,0)       (0.54489,0)         (-0.391193,0)       (0.16,0)            (0.26,0)            
(0.991355,0)        (0.24343,0)         (-0.400216,0)       (0.555044,0)        (-0.356251,0)       (0.22,0)            (0.29,0)            
(0.980117,0)        (0.178753,0)        (-0.359342,0)       (0.596308,0)        (-0.376652,0)       (0.18,0)            (0.29,0)            
(0.985629,0)        (0.186027,0)        (-0.245518,0)       (0.507567,0)        (-0.422627,0)       (0.1,0)             (0.18,0)            
(0.993793,0)        (0.202132,0)        (-0.362165,0)       (0.59102,0)         (-0.3922,0)         (0.18,0)            (0.25,0)            
(0.997909,0)        (0.137846,0)        (-0.318914,0)       (0.629878,0)        (-0.413255,0)       (0.15,0)            (0.21,0)            
(0.997628,0)        (0.117452,0)        (-0.227664,0)       (0.575684,0)        (-0.440114,0)       (0.09,0)            (0.14,0)            
(0.966223,0)        (0.250291,0)        (-0.430337,0)       (0.559867,0)        (-0.334499,0)       (0.23,0)            (0.38,0)            
(0.958316,0)        (0.0966411,0)       (-0.28048,0)        (0.676933,0)        (-0.460764,0)       (0.07,0)            (0.27,0)            
(0.978571,0)        (0.195364,0)        (-0.331637,0)       (0.584899,0)        (-0.413209,0)       (0.14,0)            (0.26,0)            
(1.00507,0)         (0.25702,0)         (-0.390346,0)       (0.551999,0)        (-0.378156,0)       (0.21,0)            (0.24,0)            
(0.979312,0)        (0.321793,0)        (-0.430764,0)       (0.484684,0)        (-0.332406,0)       (0.24,0)            (0.34,0)            
(1.03397,0)         (0.287167,0)        (-0.423698,0)       (0.552832,0)        (-0.372695,0)       (0.25,0)            (0.19,0)            
(1.0269,0)          (0.148416,0)        (-0.326879,0)       (0.635198,0)        (-0.420508,0)       (0.17,0)            (0.14,0)            
(1.00303,0)         (0.187237,0)        (-0.308981,0)       (0.551465,0)        (-0.396832,0)       (0.16,0)            (0.19,0)            
(0.984233,0)        (0.183432,0)        (-0.331618,0)       (0.589395,0)        (-0.405479,0)       (0.15,0)            (0.25,0)            
(0.95738,0)         (0.200081,0)        (-0.374456,0)       (0.604351,0)        (-0.389674,0)       (0.16,0)            (0.35,0)            
(0.995471,0)        (0.225121,0)        (-0.367316,0)       (0.563387,0)        (-0.382488,0)       (0.19,0)            (0.25,0)            
(0.96964,0)         (0.0727769,0)       (-0.280441,0)       (0.685925,0)        (-0.445305,0)       (0.09,0)            (0.25,0)            
(0.994971,0)        (0.207691,0)        (-0.329182,0)       (0.528492,0)        (-0.372379,0)       (0.18,0)            (0.23,0)            
(0.981077,0)        (0.325205,0)        (-0.410528,0)       (0.461537,0)        (-0.335408,0)       (0.23,0)            (0.32,0)            
(1.00986,0)         (0.125036,0)        (-0.324105,0)       (0.665238,0)        (-0.429567,0)       (0.15,0)            (0.18,0)            
(1.01513,0)         (0.247174,0)        (-0.448677,0)       (0.619033,0)        (-0.369803,0)       (0.25,0)            (0.26,0)            
(0.988218,0)        (0.194487,0)        (-0.336798,0)       (0.59101,0)         (-0.412644,0)       (0.15,0)            (0.24,0)            
(0.980292,0)        (0.185577,0)        (-0.318919,0)       (0.574766,0)        (-0.407263,0)       (0.14,0)            (0.25,0)            
(0.973781,0)        (0.258384,0)        (-0.382352,0)       (0.517431,0)        (-0.354026,0)       (0.2,0)             (0.32,0)            
(0.96964,0)         (0.141742,0)        (-0.295968,0)       (0.640154,0)        (-0.453078,0)       (0.09,0)            (0.25,0)            
(0.960279,0)        (0.264817,0)        (-0.344282,0)       (0.485919,0)        (-0.37168,0)        (0.16,0)            (0.32,0)            
(0.991442,0)        (0.246842,0)        (-0.380005,0)       (0.544272,0)        (-0.371556,0)       (0.2,0)             (0.27,0)            
(0.98737,0)         (0.278351,0)        (-0.405387,0)       (0.522914,0)        (-0.354268,0)       (0.22,0)            (0.3,0)             
(0.987413,0)        (0.245574,0)        (-0.387518,0)       (0.540414,0)        (-0.358035,0)       (0.21,0)            (0.29,0)            
(1.03058,0)         (0.205,0)           (-0.415738,0)       (0.63637,0)         (-0.380581,0)       (0.24,0)            (0.2,0)             
(0.979138,0)        (0.383933,0)        (-0.486713,0)       (0.460455,0)        (-0.309568,0)       (0.28,0)            (0.38,0)            
(0.966766,0)        (0.303909,0)        (-0.466129,0)       (0.566491,0)        (-0.356147,0)       (0.23,0)            (0.39,0)            
(0.986041,0)        (0.177057,0)        (-0.298688,0)       (0.568491,0)        (-0.414839,0)       (0.13,0)            (0.22,0)            
(0.991486,0)        (0.260042,0)        (-0.372487,0)       (0.531258,0)        (-0.380505,0)       (0.19,0)            (0.26,0)            
(0.993076,0)        (0.279619,0)        (-0.397849,0)       (0.514396,0)        (-0.355487,0)       (0.22,0)            (0.28,0)            
(0.995253,0)        (0.274061,0)        (-0.430784,0)       (0.552173,0)        (-0.350701,0)       (0.24,0)            (0.3,0)             
(0.987195,0)        (0.36348,0)         (-0.466512,0)       (0.483428,0)        (-0.334021,0)       (0.26,0)            (0.34,0)            
(1.00131,0)         (0.197024,0)        (-0.321699,0)       (0.561598,0)        (-0.402778,0)       (0.16,0)            (0.2,0)             
(1.00181,0)         (0.191466,0)        (-0.354657,0)       (0.61175,0)         (-0.410296,0)       (0.17,0)            (0.22,0)            
(0.99471,0)         (0.312396,0)        (-0.415694,0)       (0.484521,0)        (-0.339417,0)       (0.24,0)            (0.29,0)            
(0.997866,0)        (0.170622,0)        (-0.336783,0)       (0.612378,0)        (-0.409488,0)       (0.16,0)            (0.22,0)            
(0.959949,0)        (0.0834417,0)       (-0.287974,0)       (0.677571,0)        (-0.439513,0)       (0.09,0)            (0.28,0)            
(0.968661,0)        (0.231981,0)        (-0.397461,0)       (0.580587,0)        (-0.373039,0)       (0.19,0)            (0.34,0)            
(1.00666,0)         (0.230621,0)        (-0.405358,0)       (0.565651,0)        (-0.347957,0)       (0.24,0)            (0.26,0)            
(0.979269,0)        (0.331581,0)        (-0.443457,0)       (0.482441,0)        (-0.326049,0)       (0.25,0)            (0.35,0)            
(1.0091,0)          (0.212311,0)        (-0.372482,0)       (0.586371,0)        (-0.386496,0)       (0.2,0)             (0.22,0)            
(1.00131,0)         (0.151048,0)        (-0.311347,0)       (0.592112,0)        (-0.397596,0)       (0.16,0)            (0.2,0)             
(1.00109,0)         (0.199988,0)        (-0.374815,0)       (0.580898,0)        (-0.36581,0)        (0.21,0)            (0.25,0)            
(0.973563,0)        (0.376289,0)        (-0.461346,0)       (0.460445,0)        (-0.330012,0)       (0.25,0)            (0.37,0)            
(0.983971,0)        (0.265149,0)        (-0.412954,0)       (0.56068,0)         (-0.369926,0)       (0.21,0)            (0.31,0)            
(0.988718,0)        (0.096976,0)        (-0.349055,0)       (0.70219,0)         (-0.409798,0)       (0.16,0)            (0.26,0)            
(0.947189,0)        (0.193315,0)        (-0.343854,0)       (0.561102,0)        (-0.373773,0)       (0.15,0)            (0.36,0)            
(0.964589,0)        (0.26349,0)         (-0.422843,0)       (0.559229,0)        (-0.355751,0)       (0.21,0)            (0.37,0)            
(0.968249,0)        (0.26394,0)         (-0.349467,0)       (0.504406,0)        (-0.383418,0)       (0.16,0)            (0.3,0)             
(1.0091,0)          (0.258288,0)        (-0.382833,0)       (0.555857,0)        (-0.391678,0)       (0.2,0)             (0.22,0)            
(0.985411,0)        (0.257956,0)        (-0.314161,0)       (0.481096,0)        (-0.393431,0)       (0.15,0)            (0.23,0)            
(0.994884,0)        (0.250255,0)        (-0.359745,0)       (0.508749,0)        (-0.362255,0)       (0.2,0)             (0.25,0)            
(0.995883,0)        (0.21615,0)         (-0.420487,0)       (0.624311,0)        (-0.3747,0)         (0.22,0)            (0.29,0)            
(0.978571,0)        (0.149387,0)        (-0.321286,0)       (0.615413,0)        (-0.408027,0)       (0.14,0)            (0.26,0)            
(0.989765,0)        (0.246841,0)        (-0.380029,0)       (0.556648,0)        (-0.38386,0)        (0.19,0)            (0.27,0)            
(0.957205,0)        (0.239233,0)        (-0.42523,0)        (0.59538,0)         (-0.364245,0)       (0.2,0)             (0.39,0)            
(0.976568,0)        (0.0698158,0)       (-0.227227,0)       (0.617122,0)        (-0.43306,0)        (0.08,0)            (0.2,0)             
(0.984233,0)        (0.114467,0)        (-0.316091,0)       (0.635166,0)        (-0.397707,0)       (0.15,0)            (0.25,0)            
(1.00653,0)         (0.305962,0)        (-0.453789,0)       (0.528408,0)        (-0.334066,0)       (0.27,0)            (0.29,0)            
(1.00176,0)         (0.132289,0)        (-0.351824,0)       (0.655279,0)        (-0.396166,0)       (0.18,0)            (0.23,0)            
(0.983297,0)        (0.332848,0)        (-0.435944,0)       (0.486299,0)        (-0.339571,0)       (0.24,0)            (0.33,0)            
(1.03188,0)         (0.25016,0)         (-0.360201,0)       (0.534799,0)        (-0.387604,0)       (0.21,0)            (0.15,0)            
(0.993294,0)        (0.276655,0)        (-0.344733,0)       (0.495097,0)        (-0.392455,0)       (0.17,0)            (0.23,0)            
(1.00109,0)         (0.245965,0)        (-0.385166,0)       (0.550384,0)        (-0.370992,0)       (0.21,0)            (0.25,0)            
(0.968967,0)        (0.140476,0)        (-0.303432,0)       (0.611544,0)        (-0.414949,0)       (0.12,0)            (0.27,0)            
(0.962325,0)        (0.265636,0)        (-0.410121,0)       (0.532224,0)        (-0.345231,0)       (0.21,0)            (0.37,0)            
(0.970731,0)        (0.143889,0)        (-0.283196,0)       (0.588397,0)        (-0.417952,0)       (0.11,0)            (0.25,0)            
(1.0029,0)          (0.23959,0)         (-0.352237,0)       (0.529479,0)        (-0.380351,0)       (0.19,0)            (0.22,0)            
(0.982599,0)        (0.127666,0)        (-0.308598,0)       (0.634528,0)        (-0.418958,0)       (0.13,0)            (0.24,0)            
(0.976219,0)        (0.263062,0)        (-0.354652,0)       (0.522894,0)        (-0.395156,0)       (0.16,0)            (0.28,0)            
(0.977698,0)        (0.0523233,0)       (-0.26024,0)        (0.708898,0)        (-0.469758,0)       (0.07,0)            (0.21,0)            
(0.98578,0)         (0.16682,0)         (-0.359322,0)       (0.600804,0)        (-0.368923,0)       (0.19,0)            (0.28,0)            
(1.0122,0)          (0.362995,0)        (-0.469296,0)       (0.487133,0)        (-0.334109,0)       (0.28,0)            (0.28,0)            
(1.00747,0)         (0.202522,0)        (-0.359813,0)       (0.60099,0)         (-0.405157,0)       (0.18,0)            (0.21,0)            
(0.966266,0)        (0.286479,0)        (-0.427994,0)       (0.531596,0)        (-0.346038,0)       (0.22,0)            (0.37,0)            
(1.01246,0)         (0.281277,0)        (-0.38796,0)        (0.515848,0)        (-0.369662,0)       (0.22,0)            (0.22,0)            
(0.977698,0)        (0.00634668,0)      (-0.249889,0)       (0.739412,0)        (-0.464577,0)       (0.07,0)            (0.21,0)            
(1.001,0)           (0.265541,0)        (-0.410553,0)       (0.545898,0)        (-0.358277,0)       (0.23,0)            (0.27,0)            
(1.00057,0)         (0.0705957,0)       (-0.222572,0)       (0.661813,0)        (-0.483581,0)       (0.06,0)            (0.12,0)            
(1.0404,0)          (0.18796,0)         (-0.375301,0)       (0.636195,0)        (-0.408036,0)       (0.21,0)            (0.14,0)            
(1.00566,0)         (0.139933,0)        (-0.377216,0)       (0.667665,0)        (-0.388025,0)       (0.2,0)             (0.24,0)            
(0.988805,0)        (0.0773997,0)       (-0.323668,0)       (0.706676,0)        (-0.422513,0)       (0.14,0)            (0.24,0)            
(0.99693,0)         (0.274062,0)        (-0.430759,0)       (0.539797,0)        (-0.338398,0)       (0.25,0)            (0.3,0)             
(1.00915,0)         (0.179535,0)        (-0.354613,0)       (0.603871,0)        (-0.390263,0)       (0.19,0)            (0.21,0)            
(1.02694,0)         (0.11564,0)         (-0.30901,0)        (0.652698,0)        (-0.424275,0)       (0.16,0)            (0.13,0)            
(0.988131,0)        (0.145099,0)        (-0.346658,0)       (0.632295,0)        (-0.392157,0)       (0.17,0)            (0.26,0)            
(0.975914,0)        (0.308591,0)        (-0.438331,0)       (0.52245,0)         (-0.348064,0)       (0.23,0)            (0.35,0)            
(0.97047,0)         (0.271582,0)        (-0.374883,0)       (0.529169,0)        (-0.38758,0)        (0.17,0)            (0.31,0)            
(1.01255,0)         (0.261701,0)        (-0.362573,0)       (0.520334,0)        (-0.382377,0)       (0.2,0)             (0.2,0)             
(0.961539,0)        (0.148995,0)        (-0.323687,0)       (0.630195,0)        (-0.419677,0)       (0.12,0)            (0.3,0)             
(0.986759,0)        (0.0995694,0)       (-0.263004,0)       (0.645115,0)        (-0.451552,0)       (0.09,0)            (0.19,0)            
(0.995427,0)        (0.234909,0)        (-0.38001,0)        (0.561144,0)        (-0.37613,0)        (0.2,0)             (0.26,0)            
(1.01096,0)         (0.173159,0)        (-0.321684,0)       (0.582967,0)        (-0.399622,0)       (0.17,0)            (0.18,0)            
(1.00013,0)         (0.145489,0)        (-0.344331,0)       (0.65464,0)         (-0.417417,0)       (0.16,0)            (0.22,0)            
(0.970688,0)        (0.199653,0)        (-0.30624,0)        (0.55564,0)         (-0.416776,0)       (0.12,0)            (0.26,0)            
(0.992921,0)        (0.128056,0)        (-0.306295,0)       (0.669249,0)        (-0.456522,0)       (0.11,0)            (0.2,0)             
(1.01971,0)         (0.334899,0)        (-0.423654,0)       (0.472968,0)        (-0.342097,0)       (0.26,0)            (0.23,0)            
(0.959537,0)        (0.138388,0)        (-0.245155,0)       (0.586134,0)        (-0.452482,0)       (0.06,0)            (0.24,0)            
(0.956706,0)        (0.313756,0)        (-0.407798,0)       (0.499456,0)        (-0.3645,0)         (0.19,0)            (0.37,0)            
(1.01318,0)         (0.180802,0)        (-0.3471,0)         (0.607729,0)        (-0.403785,0)       (0.18,0)            (0.19,0)            
(1.00481,0)         (0.292761,0)        (-0.461331,0)       (0.553798,0)        (-0.337422,0)       (0.27,0)            (0.3,0)             
(1.01414,0)         (0.281278,0)        (-0.387935,0)       (0.503472,0)        (-0.357359,0)       (0.23,0)            (0.22,0)            
(1.0068,0)          (0.178268,0)        (-0.362102,0)       (0.587637,0)        (-0.364438,0)       (0.21,0)            (0.23,0)            
(0.997235,0)        (0.205545,0)        (-0.341905,0)       (0.555497,0)        (-0.382899,0)       (0.18,0)            (0.23,0)            
(1.01631,0)         (0.321697,0)        (-0.431221,0)       (0.510734,0)        (-0.357755,0)       (0.25,0)            (0.24,0)            
(0.976045,0)        (0.210262,0)        (-0.384724,0)       (0.57495,0)         (-0.359364,0)       (0.2,0)             (0.32,0)            
(1.00109,0)         (0.291942,0)        (-0.395517,0)       (0.519869,0)        (-0.376173,0)       (0.21,0)            (0.25,0)            
(0.995514,0)        (0.261309,0)        (-0.364974,0)       (0.535116,0)        (-0.394026,0)       (0.18,0)            (0.24,0)            
(1.02533,0)         (0.355743,0)        (-0.441503,0)       (0.459964,0)        (-0.330601,0)       (0.28,0)            (0.23,0)            
(0.98896,0)         (0.297928,0)        (-0.430749,0)       (0.506053,0)        (-0.32925,0)        (0.25,0)            (0.32,0)            
(0.990308,0)        (0.185518,0)        (-0.389944,0)       (0.639557,0)        (-0.392553,0)       (0.19,0)            (0.28,0)            
(0.986453,0)        (0.191075,0)        (-0.357034,0)       (0.614157,0)        (-0.409642,0)       (0.16,0)            (0.26,0)            
(0.997235,0)        (0.113592,0)        (-0.321203,0)       (0.616526,0)        (-0.372536,0)       (0.18,0)            (0.23,0)            
(1.00507,0)         (0.25702,0)         (-0.390346,0)       (0.551999,0)        (-0.378156,0)       (0.21,0)            (0.24,0)            
(1.00562,0)         (0.241674,0)        (-0.410612,0)       (0.604394,0)        (-0.392031,0)       (0.21,0)            (0.25,0)            
(0.987457,0)        (0.281763,0)        (-0.385176,0)       (0.512143,0)        (-0.369574,0)       (0.2,0)             (0.28,0)            
(1.01655,0)         (-0.00991206,0)     (-0.204722,0)       (0.746801,0)        (-0.505642,0)       (0.05,0)            (0.07,0)            
(0.984364,0)        (0.108091,0)        (-0.283186,0)       (0.626638,0)        (-0.41937,0)        (0.12,0)            (0.22,0)            
(0.982556,0)        (0.137455,0)        (-0.321291,0)       (0.632285,0)        (-0.412601,0)       (0.14,0)            (0.25,0)            
(1.01742,0)         (0.0871521,0)       (-0.265769,0)       (0.653316,0)        (-0.443911,0)       (0.12,0)            (0.12,0)            
(0.979986,0)        (0.208117,0)        (-0.397422,0)       (0.589579,0)        (-0.35758,0)        (0.21,0)            (0.32,0)            
(0.978071,0)        (0.200922,0)        (-0.298678,0)       (0.534747,0)        (-0.405691,0)       (0.13,0)            (0.24,0)            
(0.984364,0)        (0.131079,0)        (-0.288362,0)       (0.611381,0)        (-0.42196,0)        (0.12,0)            (0.22,0)            
(1.01374,0)         (0.323395,0)        (-0.491825,0)       (0.5138,0)          (-0.294962,0)       (0.32,0)            (0.31,0)            
(1.00203,0)         (0.119537,0)        (-0.286015,0)       (0.638222,0)        (-0.439491,0)       (0.12,0)            (0.17,0)            
(1.01163,0)         (0.10546,0)         (-0.298693,0)       (0.657348,0)        (-0.429978,0)       (0.14,0)            (0.16,0)            
(0.997648,0)        (0.219563,0)        (-0.400251,0)       (0.601164,0)        (-0.377702,0)       (0.21,0)            (0.27,0)            
(1.0068,0)          (0.201256,0)        (-0.367277,0)       (0.57238,0)         (-0.367029,0)       (0.21,0)            (0.23,0)            
(0.989154,0)        (0.0680596,0)       (-0.237647,0)       (0.678848,0)        (-0.481144,0)       (0.06,0)            (0.16,0)            
(0.986453,0)        (0.191075,0)        (-0.357034,0)       (0.614157,0)        (-0.409642,0)       (0.16,0)            (0.26,0)            
(0.992116,0)        (0.156154,0)        (-0.351839,0)       (0.63391,0)         (-0.399322,0)       (0.17,0)            (0.25,0)            
(1.02278,0)         (0.166725,0)        (-0.359779,0)       (0.626854,0)        (-0.394272,0)       (0.2,0)             (0.18,0)            
(1.01237,0)         (0.323842,0)        (-0.418522,0)       (0.496105,0)        (-0.359539,0)       (0.24,0)            (0.24,0)            
(0.95529,0)         (0.20905,0)         (-0.321311,0)       (0.555804,0)        (-0.409765,0)       (0.12,0)            (0.31,0)            
(0.981795,0)        (0.293695,0)        (-0.385195,0)       (0.507647,0)        (-0.377303,0)       (0.19,0)            (0.29,0)            
(0.999325,0)        (0.242552,0)        (-0.405402,0)       (0.573531,0)        (-0.367989,0)       (0.22,0)            (0.27,0)            
(1.01237,0)         (0.277865,0)        (-0.408171,0)       (0.526619,0)        (-0.354357,0)       (0.24,0)            (0.24,0)            
(1.00662,0)         (0.286386,0)        (-0.428402,0)       (0.532894,0)        (-0.346781,0)       (0.25,0)            (0.27,0)            
(0.969902,0)        (-0.00894018,0)     (-0.199105,0)       (0.71464,0)         (-0.480858,0)       (0.03,0)            (0.19,0)            
(1.00827,0)         (0.0824705,0)       (-0.293567,0)       (0.697356,0)        (-0.451994,0)       (0.12,0)            (0.16,0)            
(0.946404,0)        (0.0996632,0)       (-0.262597,0)       (0.643817,0)        (-0.450809,0)       (0.06,0)            (0.29,0)            
(0.963261,0)        (0.139208,0)        (-0.310969,0)       (0.620062,0)        (-0.413731,0)       (0.12,0)            (0.29,0)            
(1.00534,0)         (0.175303,0)        (-0.30901,0)        (0.580713,0)        (-0.413709,0)       (0.15,0)            (0.18,0)            
(0.985193,0)        (0.306896,0)        (-0.377628,0)       (0.469881,0)        (-0.361645,0)       (0.2,0)             (0.28,0)            
(0.99963,0)         (0.174035,0)        (-0.316548,0)       (0.589231,0)        (-0.41249,0)        (0.15,0)            (0.2,0)             
(1.00081,0)         (0.179594,0)        (-0.283564,0)       (0.526703,0)        (-0.39267,0)        (0.15,0)            (0.18,0)            
(0.998651,0)        (0.356228,0)        (-0.438743,0)       (0.468636,0)        (-0.342815,0)       (0.25,0)            (0.29,0)            
(0.993575,0)        (0.251072,0)        (-0.425633,0)       (0.579806,0)        (-0.360413,0)       (0.23,0)            (0.3,0)             
(0.978265,0)        (0.286869,0)        (-0.425667,0)       (0.553941,0)        (-0.371299,0)       (0.21,0)            (0.33,0)            
(0.96853,0)         (0.261346,0)        (-0.435542,0)       (0.573858,0)        (-0.353967,0)       (0.22,0)            (0.37,0)            
(0.993294,0)        (0.276655,0)        (-0.344733,0)       (0.495097,0)        (-0.392455,0)       (0.17,0)            (0.23,0)            
(0.999194,0)        (0.294905,0)        (-0.448658,0)       (0.551545,0)        (-0.351508,0)       (0.25,0)            (0.3,0)             
(0.95945,0)         (0.111988,0)        (-0.260191,0)       (0.612162,0)        (-0.434586,0)       (0.08,0)            (0.26,0)            
(1.01313,0)         (0.213578,0)        (-0.364969,0)       (0.590229,0)        (-0.400018,0)       (0.19,0)            (0.2,0)             
(0.947277,0)        (0.219716,0)        (-0.328819,0)       (0.535074,0)        (-0.391669,0)       (0.13,0)            (0.34,0)            
(0.955465,0)        (0.146909,0)        (-0.265361,0)       (0.580033,0)        (-0.432603,0)       (0.08,0)            (0.27,0)            
(1.01019,0)         (0.306411,0)        (-0.380413,0)       (0.473586,0)        (-0.361733,0)       (0.22,0)            (0.22,0)            
(1.035,0)           (0.0721979,0)       (-0.283633,0)       (0.690928,0)        (-0.446137,0)       (0.14,0)            (0.09,0)            
(0.993663,0)        (0.254484,0)        (-0.405421,0)       (0.569034,0)        (-0.375719,0)       (0.21,0)            (0.28,0)            
(0.969097,0)        (0.111112,0)        (-0.265351,0)       (0.618273,0)        (-0.434021,0)       (0.09,0)            (0.24,0)            
(0.957598,0)        (0.15114,0)         (-0.310989,0)       (0.615566,0)        (-0.42146,0)        (0.11,0)            (0.3,0)             
(0.965112,0)        (0.169021,0)        (-0.275698,0)       (0.570887,0)        (-0.434629,0)       (0.09,0)            (0.25,0)            
(0.995296,0)        (0.264273,0)        (-0.41809,0)        (0.554416,0)        (-0.357058,0)       (0.23,0)            (0.29,0)            
(1.03092,0)         (0.0807187,0)       (-0.303839,0)       (0.684827,0)        (-0.426258,0)       (0.16,0)            (0.12,0)            
(0.983516,0)        (0.306896,0)        (-0.377653,0)       (0.482257,0)        (-0.373948,0)       (0.19,0)            (0.28,0)            
(1.0399,0)          (0.239494,0)        (-0.352693,0)       (0.555529,0)        (-0.4057,0)         (0.2,0)             (0.12,0)            
(1.00521,0)         (0.204668,0)        (-0.34709,0)        (0.573985,0)        (-0.394637,0)       (0.18,0)            (0.21,0)            
(0.989808,0)        (0.260041,0)        (-0.372512,0)       (0.543634,0)        (-0.392808,0)       (0.18,0)            (0.26,0)            
(1.01614,0)         (0.314873,0)        (-0.471643,0)       (0.532276,0)        (-0.327144,0)       (0.29,0)            (0.28,0)            
(0.960866,0)        (0.170718,0)        (-0.336327,0)       (0.586329,0)        (-0.384139,0)       (0.15,0)            (0.32,0)            
(0.944726,0)        (0.122651,0)        (-0.267797,0)       (0.640935,0)        (-0.465703,0)       (0.05,0)            (0.29,0)            
(0.980248,0)        (0.195365,0)        (-0.331613,0)       (0.572523,0)        (-0.400906,0)       (0.15,0)            (0.26,0)            
(0.995514,0)        (0.192344,0)        (-0.349447,0)       (0.580887,0)        (-0.386254,0)       (0.18,0)            (0.24,0)            
(0.984146,0)        (0.18002,0)         (-0.351829,0)       (0.600166,0)        (-0.390174,0)       (0.17,0)            (0.27,0)            
(1.0157,0)          (0.142916,0)        (-0.288838,0)       (0.632934,0)        (-0.455039,0)       (0.12,0)            (0.13,0)            
(0.983385,0)        (0.290283,0)        (-0.405382,0)       (0.506042,0)        (-0.349694,0)       (0.22,0)            (0.31,0)            
(0.96694,0)         (0.21878,0)         (-0.405004,0)       (0.605977,0)        (-0.376394,0)       (0.19,0)            (0.35,0)            
(1.025,0)           (0.197356,0)        (-0.390371,0)       (0.636359,0)        (-0.401025,0)       (0.21,0)            (0.19,0)            
(0.988349,0)        (0.188111,0)        (-0.303893,0)       (0.582482,0)        (-0.434307,0)       (0.12,0)            (0.21,0)            
(0.989983,0)        (0.1979,0)          (-0.316562,0)       (0.567863,0)        (-0.415646,0)       (0.14,0)            (0.22,0)            
(1.00037,0)         (0.369429,0)        (-0.431201,0)       (0.443246,0)        (-0.33946,0)        (0.25,0)            (0.28,0)            
(0.965437,0)        (0.156639,0)        (-0.349079,0)       (0.642581,0)        (-0.411536,0)       (0.14,0)            (0.31,0)            
(0.972234,0)        (0.229019,0)        (-0.344296,0)       (0.536536,0)        (-0.385401,0)       (0.16,0)            (0.29,0)            
(0.96374,0)         (-0.0374265,0)      (-0.155815,0)       (0.690506,0)        (-0.475888,0)       (0.01,0)            (0.18,0)            
(1.0091,0)          (0.166335,0)        (-0.362131,0)       (0.616885,0)        (-0.381315,0)       (0.2,0)             (0.22,0)            
(0.996169,0)        (0.384326,0)        (-0.484312,0)       (0.445673,0)        (-0.297918,0)       (0.3,0)             (0.34,0)            
(0.992446,0)        (0.360518,0)        (-0.413322,0)       (0.427001,0)        (-0.334079,0)       (0.24,0)            (0.29,0)            
(0.956793,0)        (0.271192,0)        (-0.377235,0)       (0.519199,0)        (-0.374623,0)       (0.17,0)            (0.35,0)            
(0.959363,0)        (0.177541,0)        (-0.295929,0)       (0.577162,0)        (-0.427053,0)       (0.1,0)             (0.28,0)            
(1.00353,0)         (0.15869,0)         (-0.336764,0)       (0.616875,0)        (-0.401759,0)       (0.17,0)            (0.21,0)            
(0.996974,0)        (0.264274,0)        (-0.418066,0)       (0.54204,0)         (-0.344755,0)       (0.24,0)            (0.29,0)            
(0.926653,0)        (0.143163,0)        (-0.216974,0)       (0.553171,0)        (-0.455961,0)       (0.02,0)            (0.3,0)             
