43
e_L                 onsite              nnhop               ospair              ophop               nnJastrow           nnnJastrow          
(0.979997,0)        (0.164751,0)        (-0.307603,0)       (0.634199,0)        (-0.408051,0)       (0.11,0)            (0.23,0)            
(0.935056,0)        (0.228832,0)        (-0.358097,0)       (0.589838,0)        (-0.369908,0)       (0.13,0)            (0.35,0)            
(1.00555,0)         (0.177886,0)        (-0.364067,0)       (0.657297,0)        (-0.375527,0)       (0.17,0)            (0.23,0)            
(0.967221,0)        (0.122627,0)        (-0.272036,0)       (0.645377,0)        (-0.418668,0)       (0.08,0)            (0.23,0)            
(0.995444,0)        (0.269505,0)        (-0.399443,0)       (0.573038,0)        (-0.345404,0)       (0.2,0)             (0.27,0)            
(0.953958,0)        (0.209962,0)        (-0.328906,0)       (0.603372,0)        (-0.398898,0)       (0.11,0)            (0.29,0)            
(1.00446,0)         (0.129251,0)        (-0.299493,0)       (0.678578,0)        (-0.424262,0)       (0.11,0)            (0.18,0)            
(1.01459,0)         (0.197757,0)        (-0.326479,0)       (0.605587,0)        (-0.391469,0)       (0.15,0)            (0.18,0)            
(0.969891,0)        (0.232665,0)        (-0.338089,0)       (0.565091,0)        (-0.374164,0)       (0.14,0)            (0.27,0)            
(0.981495,0)        (0.212174,0)        (-0.317153,0)       (0.589057,0)        (-0.401573,0)       (0.12,0)            (0.23,0)            
(1.01113,0)         (0.392495,0)        (-0.462181,0)       (0.485438,0)        (-0.311121,0)       (0.26,0)            (0.28,0)            
(0.981196,0)        (0.363787,0)        (-0.421579,0)       (0.456956,0)        (-0.303345,0)       (0.23,0)            (0.31,0)            
(0.955537,0)        (0.176547,0)        (-0.310823,0)       (0.604971,0)        (-0.388077,0)       (0.11,0)            (0.28,0)            
(1.02015,0)         (0.181127,0)        (-0.347558,0)       (0.636432,0)        (-0.37869,0)        (0.17,0)            (0.19,0)            
(0.946253,0)        (0.209554,0)        (-0.392185,0)       (0.637665,0)        (-0.355059,0)       (0.16,0)            (0.36,0)            
(0.968232,0)        (0.228395,0)        (-0.359352,0)       (0.592505,0)        (-0.370513,0)       (0.15,0)            (0.29,0)            
(0.980764,0)        (0.299693,0)        (-0.433803,0)       (0.577463,0)        (-0.339057,0)       (0.21,0)            (0.32,0)            
(0.988388,0)        (0.215007,0)        (-0.363923,0)       (0.602486,0)        (-0.360897,0)       (0.17,0)            (0.26,0)            
(0.999586,0)        (0.266842,0)        (-0.412683,0)       (0.604859,0)        (-0.357338,0)       (0.2,0)             (0.27,0)            
(0.968394,0)        (0.232651,0)        (-0.33832,0)        (0.57993,0)         (-0.388169,0)       (0.13,0)            (0.27,0)            
(0.957333,0)        (0.0723566,0)       (-0.215947,0)       (0.69193,0)         (-0.479826,0)       (0.01,0)            (0.2,0)             
(0.970876,0)        (0.0834914,0)       (-0.34348,0)        (0.730074,0)        (-0.373874,0)       (0.14,0)            (0.29,0)            
(0.982018,0)        (0.32888,0)         (-0.472455,0)       (0.558758,0)        (-0.304214,0)       (0.25,0)            (0.35,0)            
(0.995931,0)        (0.234863,0)        (-0.326567,0)       (0.565616,0)        (-0.390844,0)       (0.14,0)            (0.21,0)            
(0.98283,0)         (0.255341,0)        (-0.347734,0)       (0.556489,0)        (-0.377439,0)       (0.15,0)            (0.25,0)            
(0.997789,0)        (0.371032,0)        (-0.50756,0)        (0.517901,0)        (-0.265589,0)       (0.3,0)             (0.35,0)            
(0.978094,0)        (0.142245,0)        (-0.357969,0)       (0.688051,0)        (-0.376035,0)       (0.15,0)            (0.28,0)            
(1.03418,0)         (0.299847,0)        (-0.431559,0)       (0.576248,0)        (-0.340756,0)       (0.24,0)            (0.22,0)            
(0.998276,0)        (0.312686,0)        (-0.429793,0)       (0.525631,0)        (-0.307266,0)       (0.24,0)            (0.29,0)            
(0.971145,0)        (0.332966,0)        (-0.391413,0)       (0.500933,0)        (-0.350611,0)       (0.18,0)            (0.3,0)             
(0.99419,0)         (0.216614,0)        (-0.355901,0)       (0.606893,0)        (-0.376483,0)       (0.16,0)            (0.24,0)            
(1.00133,0)         (0.213978,0)        (-0.368678,0)       (0.609036,0)        (-0.360409,0)       (0.18,0)            (0.24,0)            
(0.977165,0)        (0.074161,0)        (-0.267472,0)       (0.711909,0)        (-0.438663,0)       (0.07,0)            (0.21,0)            
(1.00574,0)         (0.342267,0)        (-0.405398,0)       (0.487472,0)        (-0.330266,0)       (0.22,0)            (0.25,0)            
(0.985961,0)        (0.0757954,0)       (-0.258987,0)       (0.686637,0)        (-0.42624,0)        (0.08,0)            (0.19,0)            
(0.942192,0)        (0.273606,0)        (-0.380655,0)       (0.561678,0)        (-0.36136,0)        (0.15,0)            (0.35,0)            
(0.982262,0)        (0.228593,0)        (-0.4189,0)         (0.608077,0)        (-0.313764,0)       (0.22,0)            (0.32,0)            
(0.988794,0)        (0.142681,0)        (-0.294227,0)       (0.624078,0)        (-0.391865,0)       (0.12,0)            (0.21,0)            
(0.991302,0)        (0.272168,0)        (-0.386203,0)       (0.541216,0)        (-0.333469,0)       (0.2,0)             (0.27,0)            
(0.962592,0)        (0.278454,0)        (-0.356124,0)       (0.545221,0)        (-0.380109,0)       (0.14,0)            (0.29,0)            
(0.994271,0)        (0.183185,0)        (-0.338049,0)       (0.623333,0)        (-0.379666,0)       (0.15,0)            (0.23,0)            
(1.01691,0)         (0.115454,0)        (-0.367342,0)       (0.722852,0)        (-0.370808,0)       (0.18,0)            (0.22,0)            
(0.968719,0)        (0.146345,0)        (-0.276695,0)       (0.615386,0)        (-0.408427,0)       (0.09,0)            (0.23,0)            
(0.958649,0)        (0.484129,0)        (-0.559812,0)       (0.447645,0)        (-0.250557,0)       (0.31,0)            (0.45,0)            
(0.996996,0)        (0.123374,0)        (-0.328778,0)       (0.701585,0)        (-0.405025,0)       (0.13,0)            (0.22,0)            
(0.974196,0)        (0.234258,0)        (-0.330298,0)       (0.584338,0)        (-0.403754,0)       (0.12,0)            (0.25,0)            
(0.976541,0)        (0.288376,0)        (-0.428633,0)       (0.559504,0)        (-0.316413,0)       (0.22,0)            (0.33,0)            
(0.975774,0)        (0.200843,0)        (-0.312215,0)       (0.585938,0)        (-0.392933,0)       (0.12,0)            (0.24,0)            
(1.004,0)           (0.324017,0)        (-0.434731,0)       (0.52875,0)         (-0.315905,0)       (0.24,0)            (0.28,0)            
(0.975206,0)        (0.292618,0)        (-0.407833,0)       (0.561769,0)        (-0.348073,0)       (0.19,0)            (0.31,0)            
(1.02769,0)         (0.153575,0)        (-0.300421,0)       (0.629865,0)        (-0.401111,0)       (0.14,0)            (0.14,0)            
(0.943933,0)        (0.197038,0)        (-0.331759,0)       (0.581005,0)        (-0.360668,0)       (0.13,0)            (0.32,0)            
(0.977957,0)        (0.392932,0)        (-0.460925,0)       (0.482771,0)        (-0.310515,0)       (0.24,0)            (0.34,0)            
(0.935137,0)        (0.219108,0)        (-0.345136,0)       (0.591126,0)        (-0.376854,0)       (0.12,0)            (0.34,0)            
(0.974774,0)        (0.204819,0)        (-0.415166,0)       (0.697426,0)        (-0.380022,0)       (0.17,0)            (0.32,0)            
(0.97112,0)         (0.101727,0)        (-0.314378,0)       (0.703636,0)        (-0.402238,0)       (0.11,0)            (0.26,0)            
(0.97379,0)         (0.259175,0)        (-0.390213,0)       (0.593048,0)        (-0.36526,0)        (0.17,0)            (0.3,0)             
(0.983409,0)        (0.273311,0)        (-0.442384,0)       (0.639275,0)        (-0.361233,0)       (0.2,0)             (0.32,0)            
(0.986702,0)        (0.0743171,0)       (-0.327714,0)       (0.771999,0)        (-0.423926,0)       (0.11,0)            (0.24,0)            
(0.975693,0)        (0.234272,0)        (-0.330066,0)       (0.569498,0)        (-0.38975,0)        (0.13,0)            (0.25,0)            
(1.01178,0)         (0.290996,0)        (-0.353601,0)       (0.510896,0)        (-0.362927,0)       (0.18,0)            (0.2,0)             
(1.01726,0)         (0.260386,0)        (-0.382751,0)       (0.555604,0)        (-0.339439,0)       (0.21,0)            (0.22,0)            
(0.995337,0)        (0.166514,0)        (-0.359823,0)       (0.698697,0)        (-0.4089,0)         (0.14,0)            (0.24,0)            
(0.969379,0)        (0.202,0)           (-0.368165,0)       (0.669158,0)        (-0.406693,0)       (0.13,0)            (0.29,0)            
(0.968637,0)        (0.179774,0)        (-0.294546,0)       (0.598947,0)        (-0.405244,0)       (0.1,0)             (0.24,0)            
(0.972536,0)        (0.13517,0)         (-0.331998,0)       (0.672357,0)        (-0.385051,0)       (0.13,0)            (0.27,0)            
(1.0047,0)          (0.0763732,0)       (-0.255719,0)       (0.697594,0)        (-0.441338,0)       (0.08,0)            (0.15,0)            
(1.02437,0)         (0.145035,0)        (-0.342947,0)       (0.684694,0)        (-0.393808,0)       (0.16,0)            (0.18,0)            
(0.989778,0)        (0.183143,0)        (-0.338743,0)       (0.667852,0)        (-0.421679,0)       (0.12,0)            (0.23,0)            
(0.956791,0)        (0.300552,0)        (-0.369038,0)       (0.525662,0)        (-0.368286,0)       (0.15,0)            (0.31,0)            
(0.999504,0)        (0.276566,0)        (-0.425645,0)       (0.603571,0)        (-0.350392,0)       (0.21,0)            (0.28,0)            
(0.984707,0)        (0.070313,0)        (-0.225225,0)       (0.69019,0)         (-0.464846,0)       (0.04,0)            (0.16,0)            
(0.972536,0)        (0.0877611,0)       (-0.322217,0)       (0.70266,0)         (-0.377525,0)       (0.13,0)            (0.27,0)            
(0.988525,0)        (0.0828426,0)       (-0.285419,0)       (0.73201,0)         (-0.445233,0)       (0.08,0)            (0.2,0)             
(0.979754,0)        (0.170219,0)        (-0.341596,0)       (0.645486,0)        (-0.383449,0)       (0.14,0)            (0.26,0)            
(0.934207,0)        (0.103615,0)        (-0.244858,0)       (0.645286,0)        (-0.431955,0)       (0.04,0)            (0.27,0)            
(0.952866,0)        (0.137622,0)        (-0.259442,0)       (0.639804,0)        (-0.44387,0)        (0.05,0)            (0.24,0)            
(1.0403,0)          (0.191443,0)        (-0.35702,0)        (0.631262,0)        (-0.372838,0)       (0.19,0)            (0.16,0)            
(0.945811,0)        (0.0357146,0)       (-0.214141,0)       (0.699554,0)        (-0.451838,0)       (0.02,0)            (0.23,0)            
(0.991169,0)        (0.00905209,0)      (-0.28422,0)        (0.824125,0)        (-0.459882,0)       (0.07,0)            (0.2,0)             
(0.962404,0)        (0.137778,0)        (-0.319684,0)       (0.699894,0)        (-0.429133,0)       (0.09,0)            (0.27,0)            
(0.989561,0)        (0.301327,0)        (-0.425317,0)       (0.552191,0)        (-0.326635,0)       (0.22,0)            (0.3,0)             
(0.982561,0)        (0.124389,0)        (-0.324255,0)       (0.709875,0)        (-0.419518,0)       (0.11,0)            (0.24,0)            
(0.952623,0)        (0.14309,0)         (-0.293435,0)       (0.65109,0)         (-0.419268,0)       (0.08,0)            (0.27,0)            
(0.978094,0)        (0.213359,0)        (-0.37264,0)        (0.642597,0)        (-0.387324,0)       (0.15,0)            (0.28,0)            
(0.962268,0)        (0.269942,0)        (-0.398188,0)       (0.57037,0)         (-0.344798,0)       (0.18,0)            (0.33,0)            
(0.993865,0)        (0.30292,0)         (-0.417526,0)       (0.571438,0)        (-0.356225,0)       (0.2,0)             (0.28,0)            
(0.949329,0)        (0.270971,0)        (-0.393433,0)       (0.56382,0)         (-0.345286,0)       (0.17,0)            (0.35,0)            
(1.01042,0)         (0.0877041,0)       (-0.260657,0)       (0.700713,0)        (-0.449978,0)       (0.08,0)            (0.14,0)            
(0.979916,0)        (0.174475,0)        (-0.320564,0)       (0.632911,0)        (-0.401105,0)       (0.12,0)            (0.24,0)            
(1.0159,0)          (0.104503,0)        (-0.299588,0)       (0.715119,0)        (-0.434016,0)       (0.11,0)            (0.16,0)            
(0.992936,0)        (0.187427,0)        (-0.317249,0)       (0.625598,0)        (-0.411326,0)       (0.12,0)            (0.21,0)            
(0.911381,0)        (-0.0167397,0)      (-0.169343,0)       (0.730743,0)        (-0.482312,0)       (-0.04,0)           (0.26,0)            
(0.985257,0)        (0.347143,0)        (-0.44289,0)        (0.502641,0)        (-0.304571,0)       (0.24,0)            (0.32,0)            
(1.00737,0)         (0.210116,0)        (-0.326663,0)       (0.602157,0)        (-0.400597,0)       (0.14,0)            (0.19,0)            
(0.971308,0)        (0.313517,0)        (-0.36549,0)        (0.503509,0)        (-0.364503,0)       (0.16,0)            (0.28,0)            
(0.950827,0)        (0.294689,0)        (-0.398092,0)       (0.533829,0)        (-0.335045,0)       (0.18,0)            (0.35,0)            
(0.975125,0)        (0.278638,0)        (-0.415904,0)       (0.575632,0)        (-0.337364,0)       (0.2,0)             (0.32,0)            
(0.971145,0)        (0.285557,0)        (-0.381632,0)       (0.531235,0)        (-0.343085,0)       (0.18,0)            (0.3,0)             
(0.998332,0)        (0.190246,0)        (-0.36425,0)        (0.653866,0)        (-0.384655,0)       (0.16,0)            (0.24,0)            
(1.01029,0)         (0.196164,0)        (-0.33427,0)        (0.58634,0)         (-0.361879,0)       (0.17,0)            (0.2,0)             
(0.969784,0)        (0.129674,0)        (-0.298469,0)       (0.69075,0)         (-0.437661,0)       (0.08,0)            (0.24,0)            
(0.987414,0)        (0.307994,0)        (-0.514566,0)       (0.602178,0)        (-0.27378,0)        (0.29,0)            (0.38,0)            
(0.974683,0)        (0.0810939,0)       (-0.232969,0)       (0.652672,0)        (-0.430379,0)       (0.06,0)            (0.19,0)            
(1.02266,0)         (0.310614,0)        (-0.439534,0)       (0.55357,0)         (-0.320294,0)       (0.25,0)            (0.25,0)            
(0.97951,0)         (0.199392,0)        (-0.380479,0)       (0.641621,0)        (-0.362611,0)       (0.17,0)            (0.29,0)            
(0.968232,0)        (0.180986,0)        (-0.349571,0)       (0.622808,0)        (-0.362987,0)       (0.15,0)            (0.29,0)            
(0.96243,0)         (0.250493,0)        (-0.372265,0)       (0.572947,0)        (-0.35869,0)        (0.16,0)            (0.31,0)            
(1.02124,0)         (0.277172,0)        (-0.421914,0)       (0.584849,0)        (-0.337481,0)       (0.23,0)            (0.24,0)            
(0.975287,0)        (0.282893,0)        (-0.394872,0)       (0.563057,0)        (-0.355019,0)       (0.18,0)            (0.3,0)             
(0.975855,0)        (0.191119,0)        (-0.299253,0)       (0.587226,0)        (-0.399879,0)       (0.11,0)            (0.23,0)            
(0.997402,0)        (0.145866,0)        (-0.278645,0)       (0.662572,0)        (-0.451046,0)       (0.08,0)            (0.17,0)            
(1.04602,0)         (0.17907,0)         (-0.357068,0)       (0.649532,0)        (-0.377714,0)       (0.19,0)            (0.15,0)            
(0.966435,0)        (0.427403,0)        (-0.473791,0)       (0.444942,0)        (-0.293816,0)       (0.25,0)            (0.37,0)            
(0.982398,0)        (0.120133,0)        (-0.345287,0)       (0.722449,0)        (-0.401862,0)       (0.13,0)            (0.26,0)            
(0.977408,0)        (0.044988,0)        (-0.228589,0)       (0.715773,0)        (-0.459501,0)       (0.04,0)            (0.18,0)            
(0.981414,0)        (0.174489,0)        (-0.320333,0)       (0.618071,0)        (-0.387101,0)       (0.13,0)            (0.24,0)            
(0.957684,0)        (0.12247,0)         (-0.211794,0)       (0.585287,0)        (-0.433405,0)       (0.04,0)            (0.2,0)             
(0.977795,0)        (0.388676,0)        (-0.481957,0)       (0.495346,0)        (-0.29286,0)        (0.26,0)            (0.36,0)            
(0.948075,0)        (0.194375,0)        (-0.345,0)          (0.612827,0)        (-0.372603,0)       (0.13,0)            (0.32,0)            
(1.0083,0)          (0.301905,0)        (-0.42205,0)        (0.563148,0)        (-0.341732,0)       (0.22,0)            (0.26,0)            
(1.00549,0)         (0.347735,0)        (-0.439391,0)       (0.498759,0)        (-0.305664,0)       (0.25,0)            (0.28,0)            
(1.00307,0)         (0.208524,0)        (-0.334454,0)       (0.58291,0)         (-0.371007,0)       (0.16,0)            (0.21,0)            
(0.968637,0)        (0.179774,0)        (-0.294546,0)       (0.598947,0)        (-0.405244,0)       (0.1,0)             (0.24,0)            
(0.990951,0)        (0.127236,0)        (-0.370794,0)       (0.708464,0)        (-0.364838,0)       (0.17,0)            (0.27,0)            
(0.982561,0)        (0.124389,0)        (-0.324255,0)       (0.709875,0)        (-0.419518,0)       (0.11,0)            (0.24,0)            
(0.985581,0)        (0.331951,0)        (-0.395936,0)       (0.492643,0)        (-0.336118,0)       (0.2,0)             (0.28,0)            
(1.0275,0)          (0.0840121,0)       (-0.278652,0)       (0.739085,0)        (-0.461424,0)       (0.09,0)            (0.12,0)            
(1.02181,0)         (0.232806,0)        (-0.336077,0)       (0.578716,0)        (-0.389868,0)       (0.16,0)            (0.17,0)            
(0.972211,0)        (0.245181,0)        (-0.398515,0)       (0.62175,0)         (-0.368555,0)       (0.17,0)            (0.31,0)            
(0.939684,0)        (0.144119,0)        (-0.28868,0)        (0.64454,0)         (-0.419756,0)       (0.07,0)            (0.29,0)            
(0.968394,0)        (0.256356,0)        (-0.343211,0)       (0.564779,0)        (-0.391932,0)       (0.13,0)            (0.27,0)            
(1.03434,0)         (0.256694,0)        (-0.400746,0)       (0.593975,0)        (-0.350886,0)       (0.22,0)            (0.2,0)             
(0.966211,0)        (0.0405622,0)       (-0.18961,0)        (0.683097,0)        (-0.470587,0)       (0.01,0)            (0.17,0)            
(1.0086,0)          (0.102883,0)        (-0.307842,0)       (0.725551,0)        (-0.432434,0)       (0.11,0)            (0.18,0)            
(0.993784,0)        (0.28894,0)         (-0.425597,0)       (0.585301,0)        (-0.345515,0)       (0.21,0)            (0.29,0)            
(1.00713,0)         (0.19188,0)         (-0.355765,0)       (0.628594,0)        (-0.372232,0)       (0.17,0)            (0.22,0)            
(1.01261,0)         (0.256089,0)        (-0.404477,0)       (0.612697,0)        (-0.363796,0)       (0.2,0)             (0.24,0)            
(0.966815,0)        (0.194953,0)        (-0.341732,0)       (0.623784,0)        (-0.3877,0)         (0.13,0)            (0.28,0)            
(1.03418,0)         (0.299847,0)        (-0.431559,0)       (0.576248,0)        (-0.340756,0)       (0.24,0)            (0.22,0)            
(0.985906,0)        (0.245644,0)        (-0.33431,0)        (0.528098,0)        (-0.356377,0)       (0.16,0)            (0.24,0)            
(0.966237,0)        (0.224391,0)        (-0.256863,0)       (0.510696,0)        (-0.411433,0)       (0.08,0)            (0.21,0)            
(0.957008,0)        (0.111254,0)        (-0.267792,0)       (0.686777,0)        (-0.452041,0)       (0.05,0)            (0.24,0)            
(1.01833,0)         (0.243715,0)        (-0.404525,0)       (0.630968,0)        (-0.368673,0)       (0.2,0)             (0.23,0)            
(0.982749,0)        (0.241361,0)        (-0.355805,0)       (0.570352,0)        (-0.36673,0)        (0.16,0)            (0.26,0)            
(0.953714,0)        (0.21543,0)         (-0.362899,0)       (0.614658,0)        (-0.374296,0)       (0.14,0)            (0.32,0)            
(0.941101,0)        (0.153857,0)        (-0.301409,0)       (0.628412,0)        (-0.398806,0)       (0.09,0)            (0.3,0)             
(0.953471,0)        (0.244603,0)        (-0.401783,0)       (0.610793,0)        (-0.353458,0)       (0.17,0)            (0.35,0)            
(0.996915,0)        (0.180508,0)        (-0.351521,0)       (0.669994,0)        (-0.405605,0)       (0.14,0)            (0.23,0)            
(1.01192,0)         (0.0640135,0)       (-0.255535,0)       (0.701025,0)        (-0.43221,0)        (0.09,0)            (0.14,0)            
(0.955374,0)        (0.243404,0)        (-0.346527,0)       (0.572092,0)        (-0.38171,0)        (0.13,0)            (0.3,0)             
(0.957359,0)        (0.137663,0)        (-0.258747,0)       (0.595285,0)        (-0.401857,0)       (0.08,0)            (0.24,0)            
(1.06444,0)         (0.218545,0)        (-0.405645,0)       (0.655336,0)        (-0.365028,0)       (0.23,0)            (0.15,0)            
(0.975018,0)        (0.175646,0)        (-0.376283,0)       (0.701291,0)        (-0.400861,0)       (0.14,0)            (0.29,0)            
(0.949816,0)        (0.165216,0)        (-0.305885,0)       (0.601852,0)        (-0.379437,0)       (0.11,0)            (0.29,0)            
(0.953552,0)        (0.211174,0)        (-0.383931,0)       (0.627233,0)        (-0.356641,0)       (0.16,0)            (0.34,0)            
(0.99021,0)         (0.247237,0)        (-0.326519,0)       (0.547345,0)        (-0.385967,0)       (0.14,0)            (0.22,0)            
(1.01889,0)         (0.15194,0)         (-0.308907,0)       (0.655137,0)        (-0.413533,0)       (0.13,0)            (0.16,0)            
(0.987215,0)        (0.176096,0)        (-0.31231,0)        (0.622479,0)        (-0.402686,0)       (0.12,0)            (0.22,0)            
(0.979455,0)        (0.392946,0)        (-0.460694,0)       (0.467931,0)        (-0.296511,0)       (0.25,0)            (0.34,0)            
(0.973952,0)        (0.216022,0)        (-0.3594,0)         (0.610776,0)        (-0.37539,0)        (0.15,0)            (0.28,0)            
(0.966491,0)        (0.23385,0)         (-0.393576,0)       (0.618631,0)        (-0.359916,0)       (0.17,0)            (0.32,0)            
(0.989804,0)        (0.24845,0)         (-0.381544,0)       (0.571207,0)        (-0.34371,0)        (0.19,0)            (0.27,0)            
(0.990383,0)        (0.242716,0)        (-0.471303,0)       (0.669144,0)        (-0.323741,0)       (0.24,0)            (0.34,0)            
(1.03584,0)         (0.304117,0)        (-0.410296,0)       (0.548833,0)        (-0.344408,0)       (0.23,0)            (0.2,0)             
(1.00092,0)         (0.333713,0)        (-0.448155,0)       (0.557141,0)        (-0.336968,0)       (0.23,0)            (0.29,0)            
(0.971795,0)        (0.184057,0)        (-0.273052,0)       (0.556693,0)        (-0.394891,0)       (0.1,0)             (0.22,0)            
(0.982911,0)        (0.269321,0)        (-0.339664,0)       (0.542626,0)        (-0.388149,0)       (0.14,0)            (0.24,0)            
(1.001,0)           (0.323989,0)        (-0.435194,0)       (0.558429,0)        (-0.343914,0)       (0.22,0)            (0.28,0)            
(0.95107,0)         (0.312925,0)        (-0.36899,0)        (0.507392,0)        (-0.363409,0)       (0.15,0)            (0.32,0)            
(1.02165,0)         (0.252255,0)        (-0.361999,0)       (0.576139,0)        (-0.375975,0)       (0.18,0)            (0.19,0)            
(0.993784,0)        (0.312644,0)        (-0.430487,0)       (0.570149,0)        (-0.349279,0)       (0.21,0)            (0.29,0)            
(0.982155,0)        (0.149306,0)        (-0.38417,0)        (0.718585,0)        (-0.381024,0)       (0.16,0)            (0.29,0)            
(0.957034,0)        (0.247674,0)        (-0.325264,0)       (0.544678,0)        (-0.385362,0)       (0.12,0)            (0.28,0)            
(0.978526,0)        (0.301157,0)        (-0.365307,0)       (0.50694,0)         (-0.355375,0)       (0.17,0)            (0.27,0)            
(0.967059,0)        (0.16578,0)         (-0.302848,0)       (0.627649,0)        (-0.408539,0)       (0.1,0)             (0.25,0)            
(1.02655,0)         (0.337124,0)        (-0.491658,0)       (0.581527,0)        (-0.31139,0)        (0.28,0)            (0.28,0)            
(0.964389,0)        (0.0557411,0)       (-0.236795,0)       (0.707935,0)        (-0.453043,0)       (0.04,0)            (0.21,0)            
(0.925853,0)        (0.27582,0)         (-0.431388,0)       (0.608668,0)        (-0.347599,0)       (0.17,0)            (0.42,0)            
(1.00173,0)         (0.212765,0)        (-0.313654,0)       (0.585174,0)        (-0.402667,0)       (0.13,0)            (0.19,0)            
(0.981414,0)        (0.221898,0)        (-0.330114,0)       (0.587769,0)        (-0.394627,0)       (0.13,0)            (0.24,0)            
(1.02745,0)         (0.135339,0)        (-0.329523,0)       (0.656303,0)        (-0.372746,0)       (0.17,0)            (0.17,0)            
(1.00713,0)         (0.262994,0)        (-0.370437,0)       (0.583141,0)        (-0.383521,0)       (0.17,0)            (0.22,0)            
(0.99253,0)         (0.188639,0)        (-0.372273,0)       (0.649459,0)        (-0.369069,0)       (0.17,0)            (0.26,0)            
(0.98515,0)         (0.220448,0)        (-0.398379,0)       (0.643452,0)        (-0.364304,0)       (0.18,0)            (0.29,0)            
(1.00579,0)         (0.148713,0)        (-0.325183,0)       (0.661162,0)        (-0.396366,0)       (0.14,0)            (0.2,0)             
(0.965668,0)        (0.245053,0)        (-0.33781,0)        (0.531981,0)        (-0.355283,0)       (0.15,0)            (0.28,0)            
(0.950557,0)        (0.211146,0)        (-0.384394,0)       (0.656912,0)        (-0.384649,0)       (0.14,0)            (0.34,0)            
(0.945187,0)        (0.344747,0)        (-0.394864,0)       (0.486545,0)        (-0.344641,0)       (0.17,0)            (0.35,0)            
(1.02595,0)         (0.159029,0)        (-0.334645,0)       (0.655991,0)        (-0.390513,0)       (0.16,0)            (0.17,0)            
(1.01732,0)         (0.0668327,0)       (-0.302537,0)       (0.729293,0)        (-0.405539,0)       (0.13,0)            (0.17,0)            
(1.01301,0)         (0.136354,0)        (-0.325,0)          (0.664592,0)        (-0.387238,0)       (0.15,0)            (0.19,0)            
(0.959841,0)        (0.154435,0)        (-0.298141,0)       (0.63937,0)         (-0.413904,0)       (0.09,0)            (0.26,0)            
(1.0171,0)          (0.279835,0)        (-0.408673,0)       (0.553027,0)        (-0.325547,0)       (0.23,0)            (0.24,0)            
(1.01146,0)         (0.329893,0)        (-0.405446,0)       (0.505743,0)        (-0.335142,0)       (0.22,0)            (0.24,0)            
(0.969729,0)        (0.252114,0)        (-0.364011,0)       (0.562514,0)        (-0.360272,0)       (0.16,0)            (0.29,0)            
(0.946902,0)        (0.108055,0)        (-0.283606,0)       (0.663122,0)        (-0.406865,0)       (0.08,0)            (0.28,0)            
(0.968394,0)        (0.208947,0)        (-0.33343,0)        (0.595082,0)        (-0.384405,0)       (0.13,0)            (0.27,0)            
(1.02039,0)         (0.175659,0)        (-0.313566,0)       (0.625146,0)        (-0.403292,0)       (0.14,0)            (0.16,0)            
(0.975612,0)        (0.172883,0)        (-0.328356,0)       (0.613664,0)        (-0.371515,0)       (0.14,0)            (0.26,0)            
(0.969866,0)        (0.119949,0)        (-0.285507,0)       (0.692038,0)        (-0.444607,0)       (0.07,0)            (0.23,0)            
(0.959435,0)        (0.250466,0)        (-0.372728,0)       (0.602626,0)        (-0.386699,0)       (0.14,0)            (0.31,0)            
(0.973897,0)        (0.385871,0)        (-0.434724,0)       (0.452237,0)        (-0.305527,0)       (0.23,0)            (0.33,0)            
(0.985013,0)        (0.400021,0)        (-0.486664,0)       (0.483625,0)        (-0.287495,0)       (0.27,0)            (0.35,0)            
(0.980078,0)        (0.202436,0)        (-0.304423,0)       (0.605185,0)        (-0.422523,0)       (0.1,0)             (0.22,0)            
(0.995444,0)        (0.222096,0)        (-0.389662,0)       (0.60334,0)         (-0.337877,0)       (0.2,0)             (0.27,0)            
(0.994109,0)        (0.250042,0)        (-0.373752,0)       (0.590454,0)        (-0.3733,0)         (0.17,0)            (0.25,0)            
(1.03458,0)         (0.227521,0)        (-0.361863,0)       (0.59784,0)         (-0.371724,0)       (0.19,0)            (0.17,0)            
(0.979186,0)        (0.285699,0)        (-0.442105,0)       (0.606165,0)        (-0.342352,0)       (0.21,0)            (0.33,0)            
(1.01159,0)         (0.174024,0)        (-0.322051,0)       (0.650418,0)        (-0.415715,0)       (0.13,0)            (0.18,0)            
(0.981576,0)        (0.107632,0)        (-0.28463,0)        (0.65095,0)         (-0.393467,0)       (0.11,0)            (0.22,0)            
(1.02688,0)         (0.321931,0)        (-0.444704,0)       (0.571529,0)        (-0.342938,0)       (0.24,0)            (0.24,0)            
(1.00421,0)         (0.134719,0)        (-0.333485,0)       (0.689864,0)        (-0.399661,0)       (0.14,0)            (0.21,0)            
(0.961014,0)        (0.217051,0)        (-0.354645,0)       (0.604226,0)        (-0.375878,0)       (0.14,0)            (0.3,0)             
(0.98422,0)         (0.104954,0)        (-0.298101,0)       (0.697612,0)        (-0.419406,0)       (0.1,0)             (0.22,0)            
(0.986891,0)        (0.238698,0)        (-0.369045,0)       (0.602174,0)        (-0.378665,0)       (0.16,0)            (0.26,0)            
(0.969729,0)        (0.252114,0)        (-0.364011,0)       (0.562514,0)        (-0.360272,0)       (0.16,0)            (0.29,0)            
(0.936878,0)        (0.237358,0)        (-0.315802,0)       (0.549849,0)        (-0.391214,0)       (0.1,0)             (0.31,0)            
(0.991058,0)        (0.325046,0)        (-0.429977,0)       (0.5222,0)          (-0.316393,0)       (0.23,0)            (0.3,0)             
(0.969729,0)        (0.204705,0)        (-0.35423,0)        (0.592817,0)        (-0.352746,0)       (0.16,0)            (0.29,0)            
(0.981089,0)        (0.2845,0)          (-0.386849,0)       (0.567464,0)        (-0.370605,0)       (0.17,0)            (0.28,0)            
(1.01584,0)         (0.298057,0)        (-0.379803,0)       (0.541429,0)        (-0.367916,0)       (0.19,0)            (0.21,0)            
(0.940253,0)        (0.0523441,0)       (-0.193061,0)       (0.668709,0)        (-0.464616,0)       (0,0)               (0.22,0)            
(0.977109,0)        (0.267714,0)        (-0.347687,0)       (0.538219,0)        (-0.372563,0)       (0.15,0)            (0.26,0)            
(0.970902,0)        (0.291025,0)        (-0.415624,0)       (0.542522,0)        (-0.318483,0)       (0.21,0)            (0.33,0)            
(0.994632,0)        (0.390453,0)        (-0.533945,0)       (0.545004,0)        (-0.279705,0)       (0.3,0)             (0.37,0)            
(0.948238,0)        (0.0801083,0)       (-0.299515,0)       (0.676009,0)        (-0.371443,0)       (0.11,0)            (0.3,0)             
(0.993109,0)        (0.230314,0)        (-0.471814,0)       (0.717093,0)        (-0.356626,0)       (0.22,0)            (0.33,0)            
(0.997022,0)        (0.212385,0)        (-0.376469,0)       (0.589789,0)        (-0.330819,0)       (0.2,0)             (0.26,0)            
(0.97785,0)         (0.242532,0)        (-0.411524,0)       (0.638733,0)        (-0.366486,0)       (0.18,0)            (0.31,0)            
(0.956684,0)        (0.126447,0)        (-0.314745,0)       (0.696775,0)        (-0.420494,0)       (0.09,0)            (0.28,0)            
(0.964171,0)        (0.221334,0)        (-0.333151,0)       (0.561972,0)        (-0.365525,0)       (0.14,0)            (0.28,0)            
(0.988226,0)        (0.234456,0)        (-0.389845,0)       (0.599909,0)        (-0.347005,0)       (0.19,0)            (0.28,0)            
(0.98117,0)         (0.251071,0)        (-0.368997,0)       (0.583904,0)        (-0.373788,0)       (0.16,0)            (0.27,0)            
(0.985393,0)        (0.214979,0)        (-0.364386,0)       (0.632165,0)        (-0.388906,0)       (0.15,0)            (0.26,0)            
(1.00291,0)         (0.180563,0)        (-0.350595,0)       (0.610636,0)        (-0.349588,0)       (0.18,0)            (0.23,0)            
(1.01277,0)         (0.260344,0)        (-0.383445,0)       (0.600123,0)        (-0.381452,0)       (0.18,0)            (0.22,0)            
(0.97518,0)         (0.108789,0)        (-0.34058,0)        (0.73417,0)         (-0.407227,0)       (0.12,0)            (0.27,0)            
(0.986972,0)        (0.15786,0)         (-0.341412,0)       (0.648916,0)        (-0.374322,0)       (0.15,0)            (0.25,0)            
(0.962323,0)        (0.123797,0)        (-0.327754,0)       (0.713757,0)        (-0.418424,0)       (0.1,0)             (0.28,0)            
(1.00454,0)         (0.119526,0)        (-0.286531,0)       (0.679866,0)        (-0.431209,0)       (0.1,0)             (0.17,0)            
(0.963846,0)        (0.283936,0)        (-0.389886,0)       (0.541667,0)        (-0.341503,0)       (0.18,0)            (0.32,0)            
(0.977191,0)        (0.186877,0)        (-0.320054,0)       (0.584961,0)        (-0.36822,0)        (0.14,0)            (0.25,0)            
(0.994109,0)        (0.226338,0)        (-0.368862,0)       (0.605605,0)        (-0.369537,0)       (0.17,0)            (0.25,0)            
(1.01029,0)         (0.267277,0)        (-0.348942,0)       (0.540887,0)        (-0.373168,0)       (0.17,0)            (0.2,0)             
(0.906671,0)        (0.172516,0)        (-0.271283,0)       (0.614147,0)        (-0.440569,0)       (0.03,0)            (0.33,0)            
(0.98449,0)         (0.283315,0)        (-0.331362,0)       (0.513924,0)        (-0.384854,0)       (0.14,0)            (0.23,0)            
(0.991464,0)        (0.276424,0)        (-0.365171,0)       (0.528641,0)        (-0.351124,0)       (0.18,0)            (0.25,0)            
(0.959922,0)        (0.19212,0)         (-0.294962,0)       (0.610355,0)        (-0.428376,0)       (0.08,0)            (0.25,0)            
(1.03044,0)         (0.277593,0)        (-0.358404,0)       (0.535716,0)        (-0.367316,0)       (0.19,0)            (0.17,0)            
(0.960608,0)        (0.241968,0)        (-0.41456,0)        (0.612936,0)        (-0.337384,0)       (0.19,0)            (0.35,0)            
(0.982586,0)        (0.268736,0)        (-0.386226,0)       (-0.0362931,0)      (0.22651,0)         (0.18,0)            (0.28,0)            
(1.03009,0)         (0.156366,0)        (-0.347885,0)       (0.687813,0)        (-0.402448,0)       (0.16,0)            (0.17,0)            
(1.03551,0)         (0.31931,0)         (-0.45725,0)        (0.558831,0)        (-0.31286,0)        (0.27,0)            (0.24,0)            
(0.979916,0)        (0.174475,0)        (-0.320564,0)       (0.632911,0)        (-0.401105,0)       (0.12,0)            (0.24,0)            
(1.0573,0)          (0.22118,0)         (-0.392867,0)       (0.653194,0)        (-0.381101,0)       (0.21,0)            (0.15,0)            
(0.999316,0)        (0.13589,0)         (-0.389204,0)       (0.758245,0)        (-0.399416,0)       (0.16,0)            (0.26,0)            
(0.964805,0)        (0.0931601,0)       (-0.357367,0)       (0.788144,0)        (-0.422944,0)       (0.11,0)            (0.3,0)             
(1.00846,0)         (0.235047,0)        (-0.386346,0)       (0.596027,0)        (-0.348099,0)       (0.2,0)             (0.24,0)            
(0.987322,0)        (0.255383,0)        (-0.34704,0)        (0.511971,0)        (-0.335427,0)       (0.18,0)            (0.25,0)            
(0.99991,0)         (0.20424,0)         (-0.355948,0)       (0.625164,0)        (-0.38136,0)        (0.16,0)            (0.23,0)            
(1.00596,0)         (0.176674,0)        (-0.309042,0)       (0.633436,0)        (-0.417784,0)       (0.12,0)            (0.18,0)            
(1.00438,0)         (0.11527,0)         (-0.307563,0)       (0.692441,0)        (-0.413553,0)       (0.12,0)            (0.19,0)            
(0.957034,0)        (0.22397,0)         (-0.320373,0)       (0.559829,0)        (-0.381598,0)       (0.12,0)            (0.28,0)            
(0.96243,0)         (0.250493,0)        (-0.372265,0)       (0.572947,0)        (-0.35869,0)        (0.16,0)            (0.31,0)            
(0.989561,0)        (0.325032,0)        (-0.430208,0)       (0.537039,0)        (-0.330398,0)       (0.22,0)            (0.3,0)             
(0.951694,0)        (0.0513014,0)       (-0.198048,0)       (0.690099,0)        (-0.478133,0)       (0,0)               (0.2,0)             
(0.982723,0)        (0.0812361,0)       (-0.293442,0)       (0.727602,0)        (-0.429647,0)       (0.09,0)            (0.22,0)            
(1.01568,0)         (0.293801,0)        (-0.400834,0)       (0.554004,0)        (-0.35026,0)        (0.21,0)            (0.23,0)            
(0.958262,0)        (0.0693274,0)       (-0.291772,0)       (0.713526,0)        (-0.405909,0)       (0.09,0)            (0.27,0)            
(0.940776,0)        (0.216459,0)        (-0.358144,0)       (0.608108,0)        (-0.374784,0)       (0.13,0)            (0.34,0)            
(0.993098,0)        (0.0968645,0)       (-0.276655,0)       (0.673628,0)        (-0.413929,0)       (0.1,0)             (0.19,0)            
(0.989155,0)        (0.326244,0)        (-0.485232,0)       (0.560901,0)        (-0.288141,0)       (0.27,0)            (0.35,0)            
(0.971038,0)        (0.182565,0)        (-0.342011,0)       (0.656894,0)        (-0.406581,0)       (0.12,0)            (0.27,0)            
(0.979916,0)        (0.150771,0)        (-0.315674,0)       (0.648062,0)        (-0.397342,0)       (0.12,0)            (0.24,0)            
(1.00955,0)         (0.283683,0)        (-0.45092,0)        (0.574746,0)        (-0.299363,0)       (0.26,0)            (0.29,0)            
(1.00871,0)         (0.158465,0)        (-0.337682,0)       (0.630194,0)        (-0.361411,0)       (0.17,0)            (0.21,0)            
(0.956385,0)        (0.325469,0)        (-0.428953,0)       (0.534372,0)        (-0.329792,0)       (0.2,0)             (0.36,0)            
(0.993758,0)        (0.15252,0)         (-0.368125,0)       (0.727399,0)        (-0.412195,0)       (0.14,0)            (0.25,0)            
(0.989317,0)        (0.3305,0)          (-0.464201,0)       (0.548326,0)        (-0.305796,0)       (0.25,0)            (0.33,0)            
(1.00838,0)         (0.315885,0)        (-0.413979,0)       (0.549285,0)        (-0.352442,0)       (0.21,0)            (0.25,0)            
(0.980322,0)        (0.0547401,0)       (-0.241087,0)       (0.684806,0)        (-0.424547,0)       (0.07,0)            (0.19,0)            
(0.964414,0)        (0.23957,0)         (-0.304048,0)       (0.535534,0)        (-0.393889,0)       (0.11,0)            (0.25,0)            
(0.900301,0)        (0.23898,0)         (-0.370034,0)       (0.600722,0)        (-0.37636,0)        (0.11,0)            (0.42,0)            
(0.970577,0)        (0.353627,0)        (-0.472359,0)       (0.522217,0)        (-0.294461,0)       (0.25,0)            (0.37,0)            
(0.933964,0)        (0.156492,0)        (-0.288632,0)       (0.62627,0)         (-0.41488,0)        (0.07,0)            (0.3,0)             
(1.00315,0)         (0.269913,0)        (-0.336164,0)       (0.538744,0)        (-0.389242,0)       (0.15,0)            (0.2,0)             
(0.959679,0)        (0.150179,0)        (-0.319173,0)       (0.651944,0)        (-0.396248,0)       (0.11,0)            (0.28,0)            
(1.00697,0)         (0.235033,0)        (-0.386578,0)       (0.610867,0)        (-0.362103,0)       (0.19,0)            (0.24,0)            
(0.989697,0)        (0.192867,0)        (-0.351704,0)       (0.666563,0)        (-0.414733,0)       (0.13,0)            (0.24,0)            
(1.02063,0)         (0.122781,0)        (-0.269792,0)       (0.644162,0)        (-0.420368,0)       (0.11,0)            (0.13,0)            
(0.960851,0)        (0.283908,0)        (-0.390349,0)       (0.571347,0)        (-0.369511,0)       (0.16,0)            (0.32,0)            
(0.988063,0)        (0.206495,0)        (-0.405987,0)       (0.627635,0)        (-0.325587,0)       (0.21,0)            (0.3,0)             
(0.958369,0)        (0.243432,0)        (-0.346064,0)       (0.542413,0)        (-0.353702,0)       (0.15,0)            (0.3,0)             
(0.942679,0)        (0.191556,0)        (-0.297998,0)       (0.584559,0)        (-0.399274,0)       (0.09,0)            (0.29,0)            
(1.00007,0)         (0.184791,0)        (-0.330026,0)       (0.62774,0)         (-0.395252,0)       (0.14,0)            (0.21,0)            
(0.968232,0)        (0.204691,0)        (-0.354461,0)       (0.607656,0)        (-0.36675,0)        (0.15,0)            (0.29,0)            
(0.972455,0)        (0.168599,0)        (-0.34985,0)        (0.655918,0)        (-0.381868,0)       (0.14,0)            (0.28,0)            
(0.997753,0)        (0.219684,0)        (-0.279382,0)       (0.540778,0)        (-0.408387,0)       (0.11,0)            (0.17,0)            
(0.989616,0)        (0.107774,0)        (-0.345103,0)       (0.72588,0)         (-0.392735,0)       (0.14,0)            (0.25,0)            
