194
e_L                 onsite              nnhop               ospair              nnpair              
(0.5,0)             (0.000737335,0)     (-0.047892,0)       (0.0414447,0)       (-0.0292873,0)      
(0.5,0)             (0.0258716,0)       (-0.0589945,0)      (0.0354505,0)       (-0.014234,0)       
(0.5,0)             (-0.00987539,0)     (-0.0517991,0)      (0.0514964,0)       (-0.0410154,0)      
(0.5,0)             (0.0256566,0)       (-0.0622054,0)      (0.0383943,0)       (-0.0164289,0)      
(0.5,0)             (0.0131969,0)       (-0.0550487,0)      (0.0399195,0)       (-0.0228581,0)      
(0.5,0)             (-0.0171361,0)      (-0.0442943,0)      (0.0494676,0)       (-0.0426781,0)      
(0.5,0)             (-0.00716846,0)     (-0.0500196,0)      (0.0482475,0)       (-0.0375347,0)      
(0.5,0)             (0.0208877,0)       (-0.0561319,0)      (0.0360606,0)       (-0.0168057,0)      
(0.5,0)             (0.0333473,0)       (-0.0632885,0)      (0.0345354,0)       (-0.0103764,0)      
(0.5,0)             (-0.0121523,0)      (-0.047157,0)       (0.0488575,0)       (-0.0401064,0)      
(0.5,0)             (0.0308554,0)       (-0.0618572,0)      (0.0348404,0)       (-0.0116623,0)      
(0.5,0)             (0.0304254,0)       (-0.0682788,0)      (0.0407281,0)       (-0.0160521,0)      
(0.5,0)             (0.0256566,0)       (-0.0622054,0)      (0.0383943,0)       (-0.0164289,0)      
(0.5,0)             (0.0333473,0)       (-0.0632885,0)      (0.0345354,0)       (-0.0103764,0)      
(0.5,0)             (0.00279923,0)      (-0.055745,0)       (0.0470273,0)       (-0.0323913,0)      
(0.5,0)             (0.000737335,0)     (-0.047892,0)       (0.0414447,0)       (-0.0292873,0)      
(0.5,0)             (-0.00153957,0)     (-0.0432499,0)      (0.0388059,0)       (-0.0283783,0)      
(0.5,0)             (0.0127669,0)       (-0.0614703,0)      (0.0458072,0)       (-0.0272479,0)      
(0.5,0)             (0.0360543,0)       (-0.0615091,0)      (0.0312865,0)       (-0.00689568,0)     
(0.5,0)             (-0.0271038,0)      (-0.038569,0)       (0.0506878,0)       (-0.0478215,0)      
(0.5,0)             (0.0208877,0)       (-0.0561319,0)      (0.0360606,0)       (-0.0168057,0)      
(0.5,0)             (-0.0148592,0)      (-0.0489365,0)      (0.0521064,0)       (-0.0435871,0)      
(0.5,0)             (0.0156889,0)       (-0.05648,0)        (0.0396145,0)       (-0.0215723,0)      
(0.5,0)             (0.0256566,0)       (-0.0622054,0)      (0.0383943,0)       (-0.0164289,0)      
(0.5,0)             (0.0389762,0)       (-0.0565188,0)      (0.0250938,0)       (-0.00122005,0)     
(0.5,0)             (0.0161189,0)       (-0.0500584,0)      (0.0337268,0)       (-0.0171825,0)      
(0.5,0)             (0.00735304,0)      (-0.0650293,0)      (0.052305,0)        (-0.0342094,0)      
(0.5,0)             (0.0356242,0)       (-0.0679307,0)      (0.0371742,0)       (-0.0112855,0)      
(0.5,0)             (0.011135,0)        (-0.0471957,0)      (0.0343369,0)       (-0.0197542,0)      
(0.5,0)             (0.00301424,0)      (-0.0525342,0)      (0.0440835,0)       (-0.0301964,0)      
(0.5,0)             (0.0179658,0)       (-0.0611222,0)      (0.0422533,0)       (-0.0224813,0)      
(0.5,0)             (-0.00880032,0)     (-0.0357451,0)      (0.0367771,0)       (-0.030041,0)       
(0.5,0)             (0.01092,0)         (-0.0504065,0)      (0.0372807,0)       (-0.0219491,0)      
(0.5,0)             (0.011135,0)        (-0.0471957,0)      (0.0343369,0)       (-0.0197542,0)      
(0.5,0)             (0.00279923,0)      (-0.055745,0)       (0.0470273,0)       (-0.0323913,0)      
(0.5,0)             (-0.00802851,0)     (-0.0628629,0)      (0.0600228,0)       (-0.0463143,0)      
(0.5,0)             (-0.00901534,0)     (-0.0389559,0)      (0.039721,0)        (-0.0322358,0)      
(0.5,0)             (0.0327023,0)       (-0.072921,0)       (0.0433669,0)       (-0.0169611,0)      
(0.5,0)             (0.00885814,0)      (-0.0425536,0)      (0.0316981,0)       (-0.0188451,0)      
(0.5,0)             (0.0394062,0)       (-0.0500972,0)      (0.0192061,0)       (0.00316974,0)      
(0.5,0)             (0.00529115,0)      (-0.0571763,0)      (0.0467223,0)       (-0.0311054,0)      
(0.5,0)             (0.0387612,0)       (-0.0597296,0)      (0.0280376,0)       (-0.00341494,0)     
(0.5,0)             (0.0256566,0)       (-0.0622054,0)      (0.0383943,0)       (-0.0164289,0)      
(0.5,0)             (0.013842,0)        (-0.0454163,0)      (0.031088,0)        (-0.0162734,0)      
(0.5,0)             (-0.0117223,0)      (-0.0407354,0)      (0.0429699,0)       (-0.0357166,0)      
(0.5,0)             (0.0123369,0)       (-0.0678919,0)      (0.0516949,0)       (-0.0316377,0)      
(0.5,0)             (0.00735304,0)      (-0.0650293,0)      (0.052305,0)        (-0.0342094,0)      
(0.5,0)             (0.0208877,0)       (-0.0561319,0)      (0.0360606,0)       (-0.0168057,0)      
(0.5,0)             (0.00593619,0)      (-0.0475439,0)      (0.0378908,0)       (-0.0245208,0)      
(0.5,0)             (0.0159039,0)       (-0.0532692,0)      (0.0366706,0)       (-0.0193774,0)      
(0.5,0)             (-0.000122721,0)    (-0.0607353,0)      (0.0532201,0)       (-0.0380669,0)      
(0.5,0)             (0.0215328,0)       (-0.0464994,0)      (0.027229,0)        (-0.010221,0)       
(0.5,0)             (0.00713803,0)      (-0.0682401,0)      (0.0552488,0)       (-0.0364043,0)      
(0.5,0)             (0.00507614,0)      (-0.0603871,0)      (0.0496661,0)       (-0.0333003,0)      
(0.5,0)             (0.0258716,0)       (-0.0589945,0)      (0.0354505,0)       (-0.014234,0)       
(0.5,0)             (0.0227346,0)       (-0.0671956,0)      (0.0445871,0)       (-0.0221045,0)      
(0.5,0)             (0.0208877,0)       (-0.0561319,0)      (0.0360606,0)       (-0.0168057,0)      
(0.5,0)             (-0.00966038,0)     (-0.0485883,0)      (0.0485525,0)       (-0.0388205,0)      
(0.5,0)             (-0.0283939,0)      (-0.0578338,0)      (0.0683508,0)       (-0.0609908,0)      
(0.5,0)             (0.0263016,0)       (-0.0525729,0)      (0.0295628,0)       (-0.00984418,0)     
(0.5,0)             (0.00301424,0)      (-0.0525342,0)      (0.0440835,0)       (-0.0301964,0)      
(0.5,0)             (0.0206727,0)       (-0.0593427,0)      (0.0390044,0)       (-0.0190006,0)      
(0.5,0)             (-0.0123673,0)      (-0.0503678,0)      (0.0518014,0)       (-0.0423013,0)      
(0.5,0)             (0.010275,0)        (-0.060039,0)       (0.0461122,0)       (-0.0285337,0)      
(0.5,0)             (0.0233796,0)       (-0.0575632,0)      (0.0357555,0)       (-0.0155198,0)      
(0.5,0)             (0.0127669,0)       (-0.0614703,0)      (0.0458072,0)       (-0.0272479,0)      
(0.5,0)             (0.01049,0)         (-0.0568282,0)      (0.0431684,0)       (-0.0263388,0)      
(0.5,0)             (0.013627,0)        (-0.0486271,0)      (0.0340318,0)       (-0.0184683,0)      
(0.5,0)             (0.00593619,0)      (-0.0475439,0)      (0.0378908,0)       (-0.0245208,0)      
(0.5,0)             (0.0235947,0)       (-0.0543524,0)      (0.0328117,0)       (-0.0133249,0)      
(0.5,0)             (0.0186108,0)       (-0.0514897,0)      (0.0334218,0)       (-0.0158966,0)      
(0.5,0)             (0.013842,0)        (-0.0454163,0)      (0.031088,0)        (-0.0162734,0)      
(0.5,0)             (0.0129819,0)       (-0.0582595,0)      (0.0428634,0)       (-0.025053,0)       
(0.5,0)             (-0.021905,0)       (-0.0382208,0)      (0.0471338,0)       (-0.0430549,0)      
(0.5,0)             (0.0150438,0)       (-0.0661125,0)      (0.048446,0)        (-0.0281569,0)      
(0.5,0)             (0.01092,0)         (-0.0504065,0)      (0.0372807,0)       (-0.0219491,0)      
(0.5,0)             (0.00301424,0)      (-0.0525342,0)      (0.0440835,0)       (-0.0301964,0)      
(0.5,0)             (-0.00695344,0)     (-0.0468088,0)      (0.0453036,0)       (-0.0353398,0)      
(0.5,0)             (0.00615121,0)      (-0.0443331,0)      (0.0349469,0)       (-0.0223259,0)      
(0.5,0)             (0.0285785,0)       (-0.0572151,0)      (0.0322016,0)       (-0.0107532,0)      
(0.5,0)             (0.0204577,0)       (-0.0625535,0)      (0.0419483,0)       (-0.0211955,0)      
(0.5,0)             (0.0179658,0)       (-0.0611222,0)      (0.0422533,0)       (-0.0224813,0)      
(0.5,0)             (0.0113501,0)       (-0.0439849,0)      (0.031393,0)        (-0.0175593,0)      
(0.5,0)             (0.0485139,0)       (-0.0686657,0)      (0.0297613,0)       (-0.000466442,0)    
(0.5,0)             (0.013412,0)        (-0.0518379,0)      (0.0369757,0)       (-0.0206632,0)      
(0.5,0)             (0.01092,0)         (-0.0504065,0)      (0.0372807,0)       (-0.0219491,0)      
(0.5,0)             (0.0213177,0)       (-0.0497103,0)      (0.0301729,0)       (-0.0124159,0)      
(0.5,0)             (0.0202427,0)       (-0.0657643,0)      (0.0448921,0)       (-0.0233903,0)      
(0.5,0)             (0.00365928,0)      (-0.0429017,0)      (0.035252,0)        (-0.0236117,0)      
(0.5,0)             (0.000307307,0)     (-0.0543136,0)      (0.0473324,0)       (-0.0336771,0)      
(0.5,0)             (0.0183958,0)       (-0.0547005,0)      (0.0363656,0)       (-0.0180915,0)      
(0.5,0)             (0.0285785,0)       (-0.0572151,0)      (0.0322016,0)       (-0.0107532,0)      
(0.5,0)             (-0.00489155,0)     (-0.0546618,0)      (0.0508863,0)       (-0.0384437,0)      
(0.5,0)             (-0.00923035,0)     (-0.0421667,0)      (0.0426648,0)       (-0.0344307,0)      
(0.5,0)             (0.0360543,0)       (-0.0615091,0)      (0.0312865,0)       (-0.00689568,0)     
(0.5,0)             (0.00713803,0)      (-0.0682401,0)      (0.0552488,0)       (-0.0364043,0)      
(0.5,0)             (0.0129819,0)       (-0.0582595,0)      (0.0428634,0)       (-0.025053,0)       
(0.5,0)             (0.0038743,0)       (-0.0396909,0)      (0.0323081,0)       (-0.0214168,0)      
(0.5,0)             (0.0131969,0)       (-0.0550487,0)      (0.0399195,0)       (-0.0228581,0)      
(0.5,0)             (-0.00218461,0)     (-0.0528823,0)      (0.0476374,0)       (-0.034963,0)       
(0.5,0)             (0.0441751,0)       (-0.0561706,0)      (0.0215399,0)       (0.00354654,0)      
(0.5,0)             (0.00778307,0)      (-0.0586076,0)      (0.0464173,0)       (-0.0298196,0)      
(0.5,0)             (-0.0179962,0)      (-0.0571376,0)      (0.061243,0)        (-0.0514576,0)      
(0.5,0)             (0.0148288,0)       (-0.0693233,0)      (0.0513899,0)       (-0.0303518,0)      
(0.5,0)             (0.00572118,0)      (-0.0507547,0)      (0.0408346,0)       (-0.0267156,0)      
(0.5,0)             (-0.00609339,0)     (-0.0339656,0)      (0.0335283,0)       (-0.0265602,0)      
(0.5,0)             (0.00799809,0)      (-0.0553968,0)      (0.0434734,0)       (-0.0276247,0)      
(0.5,0)             (-0.00261464,0)     (-0.0593039,0)      (0.0535251,0)       (-0.0393528,0)      
(0.5,0)             (0.00279923,0)      (-0.055745,0)       (0.0470273,0)       (-0.0323913,0)      
(0.5,0)             (0.00799809,0)      (-0.0553968,0)      (0.0434734,0)       (-0.0276247,0)      
(0.5,0)             (0.000522321,0)     (-0.0511028,0)      (0.0443885,0)       (-0.0314822,0)      
(0.5,0)             (0.0277184,0)       (-0.0700583,0)      (0.043977,0)        (-0.0195328,0)      
(0.5,0)             (0.00842811,0)      (-0.0489752,0)      (0.0375857,0)       (-0.0232349,0)      
(0.5,0)             (0.0204577,0)       (-0.0625535,0)      (0.0419483,0)       (-0.0211955,0)      
(0.5,0)             (-0.0146442,0)      (-0.0457256,0)      (0.0491626,0)       (-0.0413922,0)      
(0.5,0)             (0.0339924,0)       (-0.0536561,0)      (0.0257039,0)       (-0.00379174,0)     
(0.5,0)             (-0.000337735,0)    (-0.0639461,0)      (0.0561639,0)       (-0.0402618,0)      
(0.5,0)             (-0.00923035,0)     (-0.0421667,0)      (0.0426648,0)       (-0.0344307,0)      
(0.5,0)             (0.010705,0)        (-0.0536174,0)      (0.0402245,0)       (-0.024144,0)       
(0.5,0)             (0.0315005,0)       (-0.0522248,0)      (0.0260089,0)       (-0.00507759,0)     
(0.5,0)             (0.00593619,0)      (-0.0475439,0)      (0.0378908,0)       (-0.0245208,0)      
(0.5,0)             (0.0082131,0)       (-0.052186,0)       (0.0405296,0)       (-0.0254298,0)      
(0.5,0)             (0.00365928,0)      (-0.0429017,0)      (0.035252,0)        (-0.0236117,0)      
(0.5,0)             (0.0156889,0)       (-0.05648,0)        (0.0396145,0)       (-0.0215723,0)      
(0.5,0)             (0.000737335,0)     (-0.047892,0)       (0.0414447,0)       (-0.0292873,0)      
(0.5,0)             (0.01092,0)         (-0.0504065,0)      (0.0372807,0)       (-0.0219491,0)      
(0.5,0)             (0.0358393,0)       (-0.0647199,0)      (0.0342304,0)       (-0.00909058,0)     
(0.5,0)             (-0.00695344,0)     (-0.0468088,0)      (0.0453036,0)       (-0.0353398,0)      
(0.5,0)             (0.011135,0)        (-0.0471957,0)      (0.0343369,0)       (-0.0197542,0)      
(0.5,0)             (0.000522321,0)     (-0.0511028,0)      (0.0443885,0)       (-0.0314822,0)      
(0.5,0)             (0.00421608,0)      (-0.0732304,0)      (0.0614415,0)       (-0.0420799,0)      
(0.5,0)             (0.0285785,0)       (-0.0572151,0)      (0.0322016,0)       (-0.0107532,0)      
(0.5,0)             (0.0175357,0)       (-0.0675438,0)      (0.048141,0)        (-0.0268711,0)      
(0.5,0)             (0.0131969,0)       (-0.0550487,0)      (0.0399195,0)       (-0.0228581,0)      
(0.5,0)             (0.013412,0)        (-0.0518379,0)      (0.0369757,0)       (-0.0206632,0)      
(0.5,0)             (0.013842,0)        (-0.0454163,0)      (0.031088,0)        (-0.0162734,0)      
(0.5,0)             (0.0195976,0)       (-0.0753967,0)      (0.0537236,0)       (-0.029975,0)       
(0.5,0)             (0.0177508,0)       (-0.064333,0)       (0.0451971,0)       (-0.0246762,0)      
(0.5,0)             (0.0235947,0)       (-0.0543524,0)      (0.0328117,0)       (-0.0133249,0)      
(0.5,0)             (0.0333473,0)       (-0.0632885,0)      (0.0345354,0)       (-0.0103764,0)      
(0.5,0)             (0.00799809,0)      (-0.0553968,0)      (0.0434734,0)       (-0.0276247,0)      
(0.5,0)             (0.0150438,0)       (-0.0661125,0)      (0.048446,0)        (-0.0281569,0)      
(0.5,0)             (-0.00738347,0)     (-0.0532305,0)      (0.0511913,0)       (-0.0397296,0)      
(0.5,0)             (0.01049,0)         (-0.0568282,0)      (0.0431684,0)       (-0.0263388,0)      
(0.5,0)             (0.00365928,0)      (-0.0429017,0)      (0.035252,0)        (-0.0236117,0)      
(0.5,0)             (0.000522321,0)     (-0.0511028,0)      (0.0443885,0)       (-0.0314822,0)      
(0.5,0)             (0.0125519,0)       (-0.0646811,0)      (0.048751,0)        (-0.0294428,0)      
(0.5,0)             (0.0283635,0)       (-0.0604259,0)      (0.0351455,0)       (-0.0129481,0)      
(0.5,0)             (-0.026117,0)       (-0.062476,0)       (0.0709896,0)       (-0.0618999,0)      
(0.5,0)             (-0.00239963,0)     (-0.0560931,0)      (0.0505813,0)       (-0.0371579,0)      
(0.5,0)             (0.0181808,0)       (-0.0579114,0)      (0.0393094,0)       (-0.0202864,0)      
(0.5,0)             (0.0125519,0)       (-0.0646811,0)      (0.048751,0)        (-0.0294428,0)      
(0.5,0)             (-0.0132274,0)      (-0.063211,0)       (0.0635768,0)       (-0.0510808,0)      
(0.5,0)             (-0.00218461,0)     (-0.0528823,0)      (0.0476374,0)       (-0.034963,0)       
(0.5,0)             (0.013842,0)        (-0.0454163,0)      (0.031088,0)        (-0.0162734,0)      
(0.5,0)             (0.00864313,0)      (-0.0457644,0)      (0.0346419,0)       (-0.02104,0)        
(0.5,0)             (0.0285785,0)       (-0.0572151,0)      (0.0322016,0)       (-0.0107532,0)      
(0.5,0)             (0.00365928,0)      (-0.0429017,0)      (0.035252,0)        (-0.0236117,0)      
(0.5,0)             (-0.00132456,0)     (-0.0400391,0)      (0.035862,0)        (-0.0261834,0)      
(0.5,0)             (0.010705,0)        (-0.0536174,0)      (0.0402245,0)       (-0.024144,0)       
(0.5,0)             (0.0163339,0)       (-0.0468476,0)      (0.0307829,0)       (-0.0149876,0)      
(0.5,0)             (0.0179658,0)       (-0.0611222,0)      (0.0422533,0)       (-0.0224813,0)      
(0.5,0)             (0.013412,0)        (-0.0518379,0)      (0.0369757,0)       (-0.0206632,0)      
(0.5,0)             (0.0229496,0)       (-0.0639848,0)      (0.0416432,0)       (-0.0199096,0)      
(0.5,0)             (0.0315005,0)       (-0.0522248,0)      (0.0260089,0)       (-0.00507759,0)     
(0.5,0)             (0.00507614,0)      (-0.0603871,0)      (0.0496661,0)       (-0.0333003,0)      
(0.5,0)             (-0.00381648,0)     (-0.0386077,0)      (0.0361671,0)       (-0.0274693,0)      
(0.5,0)             (0.0202427,0)       (-0.0657643,0)      (0.0448921,0)       (-0.0233903,0)      
(0.5,0)             (0.0183958,0)       (-0.0547005,0)      (0.0363656,0)       (-0.0180915,0)      
(0.5,0)             (0.00799809,0)      (-0.0553968,0)      (0.0434734,0)       (-0.0276247,0)      
(0.5,0)             (-0.00261464,0)     (-0.0593039,0)      (0.0535251,0)       (-0.0393528,0)      
(0.5,0)             (-0.00403149,0)     (-0.0418185,0)      (0.0391109,0)       (-0.0296641,0)      
(0.5,0)             (0.0439601,0)       (-0.0593814,0)      (0.0244837,0)       (0.00135165,0)      
(0.5,0)             (0.00301424,0)      (-0.0525342,0)      (0.0440835,0)       (-0.0301964,0)      
(0.5,0)             (0.0256566,0)       (-0.0622054,0)      (0.0383943,0)       (-0.0164289,0)      
(0.5,0)             (0.00799809,0)      (-0.0553968,0)      (0.0434734,0)       (-0.0276247,0)      
(0.5,0)             (-0.00218461,0)     (-0.0528823,0)      (0.0476374,0)       (-0.034963,0)       
(0.5,0)             (0.00572118,0)      (-0.0507547,0)      (0.0408346,0)       (-0.0267156,0)      
(0.5,0)             (0.00593619,0)      (-0.0475439,0)      (0.0378908,0)       (-0.0245208,0)      
(0.5,0)             (-0.00510656,0)     (-0.0578726,0)      (0.0538301,0)       (-0.0406386,0)      
(0.5,0)             (-0.00424651,0)     (-0.0450294,0)      (0.0420548,0)       (-0.031859,0)       
(0.5,0)             (0.0233796,0)       (-0.0575632,0)      (0.0357555,0)       (-0.0155198,0)      
(0.5,0)             (-0.00261464,0)     (-0.0593039,0)      (0.0535251,0)       (-0.0393528,0)      
(0.5,0)             (0.0238097,0)       (-0.0511416,0)      (0.0298678,0)       (-0.01113,0)        
(0.5,0)             (0.010275,0)        (-0.060039,0)       (0.0461122,0)       (-0.0285337,0)      
(0.5,0)             (0.0175357,0)       (-0.0675438,0)      (0.048141,0)        (-0.0268711,0)      
(0.5,0)             (-0.00532158,0)     (-0.0610834,0)      (0.056774,0)        (-0.0428335,0)      
(0.5,0)             (0.0260866,0)       (-0.0557837,0)      (0.0325067,0)       (-0.0120391,0)      
(0.5,0)             (0.0310704,0)       (-0.0586464,0)      (0.0318966,0)       (-0.00946738,0)     
(0.5,0)             (0.0439601,0)       (-0.0593814,0)      (0.0244837,0)       (0.00135165,0)      
(0.5,0)             (-0.00858531,0)     (-0.0325343,0)      (0.0338333,0)       (-0.0278461,0)      
(0.5,0)             (0.013412,0)        (-0.0518379,0)      (0.0369757,0)       (-0.0206632,0)      
(0.5,0)             (0.0150438,0)       (-0.0661125,0)      (0.048446,0)        (-0.0281569,0)      
(0.5,0)             (0.0306404,0)       (-0.065068,0)       (0.0377843,0)       (-0.0138572,0)      
(0.5,0)             (-0.00652342,0)     (-0.0403872,0)      (0.0394159,0)       (-0.03095,0)        
(0.5,0)             (-0.00446152,0)     (-0.0482402,0)      (0.0449986,0)       (-0.0340539,0)      
(0.5,0)             (0.00756806,0)      (-0.0618185,0)      (0.0493611,0)       (-0.0320145,0)      
(0.5,0)             (0.00778307,0)      (-0.0586076,0)      (0.0464173,0)       (-0.0298196,0)      
(0.5,0)             (0.0190408,0)       (-0.0450681,0)      (0.0275341,0)       (-0.0115068,0)      
(0.5,0)             (0.0256566,0)       (-0.0622054,0)      (0.0383943,0)       (-0.0164289,0)      
