42
e_L                 onsite              nnhop               ospair              nnJastrow           nnnJastrow          
(-7.04,0)           (-1.32301,0)        (0.124026,0)        (1.32074,0)         (-0.88,0)           (0.885,0)           
(-6.8,0)            (-1.22767,0)        (0.0230041,0)       (1.37066,0)         (-0.85,0)           (0.88,0)            
(-6.56,0)           (-1.30426,0)        (0.0366849,0)       (1.43688,0)         (-0.82,0)           (0.81,0)            
(-7.24,0)           (-1.39722,0)        (0.150551,0)        (1.36399,0)         (-0.905,0)          (0.92,0)            
(-6.92,0)           (-1.24638,0)        (0.073332,0)        (1.31281,0)         (-0.865,0)          (0.88,0)            
(-6.72,0)           (-1.23632,0)        (0.0328334,0)       (1.36509,0)         (-0.84,0)           (0.835,0)           
(-6.04,0)           (-1.06825,0)        (-0.0787204,0)      (1.34826,0)         (-0.755,0)          (0.69,0)            
(-6.76,0)           (-1.23162,0)        (0.0946585,0)       (1.26228,0)         (-0.845,0)          (0.805,0)           
(-6.64,0)           (-1.14799,0)        (-0.0500024,0)      (1.39439,0)         (-0.83,0)           (0.875,0)           
(-7.12,0)           (-1.33331,0)        (0.120244,0)        (1.3385,0)          (-0.89,0)           (0.905,0)           
(-6.8,0)            (-1.23959,0)        (0.0397364,0)       (1.35796,0)         (-0.85,0)           (0.865,0)           
(-6.8,0)            (-1.238,0)          (0.0737466,0)       (1.30255,0)         (-0.85,0)           (0.835,0)           
(-6.72,0)           (-1.20292,0)        (0.0626869,0)       (1.27977,0)         (-0.84,0)           (0.82,0)            
(-6.8,0)            (-1.33608,0)        (0.0928023,0)       (1.38491,0)         (-0.85,0)           (0.825,0)           
(-7,0)              (-1.40363,0)        (0.146499,0)        (1.37772,0)         (-0.875,0)          (0.87,0)            
(-7.52,0)           (-1.49788,0)        (0.262247,0)        (1.30334,0)         (-0.94,0)           (0.94,0)            
(-7.2,0)            (-1.47597,0)        (0.205017,0)        (1.36841,0)         (-0.9,0)            (0.875,0)           
(-7.24,0)           (-1.37928,0)        (0.180073,0)        (1.29691,0)         (-0.905,0)          (0.905,0)           
(-6.64,0)           (-1.16094,0)        (-0.0252426,0)      (1.37022,0)         (-0.83,0)           (0.855,0)           
(-6.36,0)           (-1.14528,0)        (-0.00759995,0)     (1.32447,0)         (-0.795,0)          (0.75,0)            
(-5.92,0)           (-0.911076,0)       (-0.170291,0)       (1.31243,0)         (-0.74,0)           (0.72,0)            
(-6.36,0)           (-1.07823,0)        (-0.0458672,0)      (1.30793,0)         (-0.795,0)          (0.77,0)            
(-6.76,0)           (-1.26402,0)        (0.04812,0)         (1.37274,0)         (-0.845,0)          (0.84,0)            
(-6.96,0)           (-1.34946,0)        (0.110753,0)        (1.37197,0)         (-0.87,0)           (0.865,0)           
(-6.72,0)           (-1.24712,0)        (0.0596785,0)       (1.33516,0)         (-0.84,0)           (0.815,0)           
(-6.12,0)           (-0.955642,0)       (-0.17196,0)        (1.36614,0)         (-0.765,0)          (0.8,0)             
(-6.88,0)           (-1.23959,0)        (0.097254,0)        (1.26733,0)         (-0.86,0)           (0.84,0)            
(-7.04,0)           (-1.3399,0)         (0.123268,0)        (1.34129,0)         (-0.88,0)           (0.89,0)            
(-6.36,0)           (-1.18321,0)        (-0.0882989,0)      (1.4951,0)          (-0.795,0)          (0.825,0)           
(-6.6,0)            (-1.22395,0)        (0.0201613,0)       (1.37088,0)         (-0.825,0)          (0.825,0)           
(-6.08,0)           (-0.992282,0)       (-0.134289,0)       (1.34876,0)         (-0.76,0)           (0.74,0)            
(-7.24,0)           (-1.42496,0)        (0.172806,0)        (1.3607,0)          (-0.905,0)          (0.915,0)           
(-6.24,0)           (-1.04502,0)        (-0.0845088,0)      (1.33076,0)         (-0.78,0)           (0.76,0)            
(-5.84,0)           (-0.866556,0)       (-0.229432,0)       (1.3546,0)          (-0.73,0)           (0.745,0)           
(-7.04,0)           (-1.32404,0)        (0.126279,0)        (1.31837,0)         (-0.88,0)           (0.885,0)           
(-6.56,0)           (-1.12468,0)        (-0.0164179,0)      (1.31475,0)         (-0.82,0)           (0.825,0)           
(-6.4,0)            (-1.09981,0)        (-0.0475297,0)      (1.33528,0)         (-0.8,0)            (0.8,0)             
(-7.32,0)           (-1.45803,0)        (0.189973,0)        (1.37156,0)         (-0.915,0)          (0.92,0)            
(-6.36,0)           (-1.14933,0)        (-0.0633422,0)      (1.41695,0)         (-0.795,0)          (0.785,0)           
(-7.2,0)            (-1.43484,0)        (0.167511,0)        (1.38037,0)         (-0.9,0)            (0.9,0)             
(-6.96,0)           (-1.37592,0)        (0.127288,0)        (1.37623,0)         (-0.87,0)           (0.855,0)           
(-6.68,0)           (-1.22969,0)        (0.0606686,0)       (1.31363,0)         (-0.835,0)          (0.795,0)           
(-7.08,0)           (-1.34081,0)        (0.14654,0)         (1.30566,0)         (-0.885,0)          (0.88,0)            
(-6.08,0)           (-0.982823,0)       (-0.192418,0)       (1.42952,0)         (-0.76,0)           (0.8,0)             
(-6.44,0)           (-1.1172,0)         (-0.103935,0)       (1.4441,0)          (-0.805,0)          (0.83,0)            
(-7.16,0)           (-1.38797,0)        (0.179614,0)        (1.3076,0)          (-0.895,0)          (0.875,0)           
(-7.24,0)           (-1.42205,0)        (0.184909,0)        (1.3383,0)          (-0.905,0)          (0.905,0)           
(-6.88,0)           (-1.3134,0)         (0.117108,0)        (1.32062,0)         (-0.86,0)           (0.835,0)           
(-6.36,0)           (-1.12238,0)        (-0.0289528,0)      (1.33188,0)         (-0.795,0)          (0.76,0)            
(-7.12,0)           (-1.42647,0)        (0.179087,0)        (1.35254,0)         (-0.89,0)           (0.87,0)            
(-6.56,0)           (-1.10715,0)        (0.00170015,0)      (1.26612,0)         (-0.82,0)           (0.82,0)            
(-7.12,0)           (-1.36946,0)        (0.173688,0)        (1.29572,0)         (-0.89,0)           (0.88,0)            
(-6.88,0)           (-1.30009,0)        (0.0659839,0)       (1.38593,0)         (-0.86,0)           (0.875,0)           
(-6.8,0)            (-1.30931,0)        (0.0806914,0)       (1.37332,0)         (-0.85,0)           (0.845,0)           
(-6.84,0)           (-1.32362,0)        (0.0937108,0)       (1.36921,0)         (-0.855,0)          (0.84,0)            
(-7.08,0)           (-1.36709,0)        (0.154325,0)        (1.32351,0)         (-0.885,0)          (0.86,0)            
(-6.2,0)            (-1.01565,0)        (-0.113075,0)       (1.34211,0)         (-0.775,0)          (0.765,0)           
(-6.76,0)           (-1.19394,0)        (0.0335129,0)       (1.31545,0)         (-0.845,0)          (0.845,0)           
(-7.24,0)           (-1.39378,0)        (0.19121,0)         (1.29598,0)         (-0.905,0)          (0.89,0)            
(-5.32,0)           (-0.728601,0)       (-0.371219,0)       (1.41993,0)         (-0.665,0)          (0.665,0)           
(-7.04,0)           (-1.33823,0)        (0.126961,0)        (1.33356,0)         (-0.88,0)           (0.875,0)           
(-5.92,0)           (-1.02057,0)        (-0.149055,0)       (1.40446,0)         (-0.74,0)           (0.695,0)           
(-6.48,0)           (-1.10264,0)        (-0.0220402,0)      (1.29835,0)         (-0.81,0)           (0.8,0)             
(-6.6,0)            (-1.15491,0)        (-0.0154018,0)      (1.3478,0)          (-0.825,0)          (0.845,0)           
(-6.72,0)           (-1.19033,0)        (0.0193489,0)       (1.33363,0)         (-0.84,0)           (0.85,0)            
(-6.76,0)           (-1.22334,0)        (0.0147367,0)       (1.37873,0)         (-0.845,0)          (0.855,0)           
(-6.92,0)           (-1.37276,0)        (0.115301,0)        (1.3915,0)          (-0.865,0)          (0.855,0)           
(-7.48,0)           (-1.49654,0)        (0.248099,0)        (1.3241,0)          (-0.935,0)          (0.935,0)           
(-6.92,0)           (-1.2581,0)         (0.112595,0)        (1.26436,0)         (-0.865,0)          (0.86,0)            
(-6.72,0)           (-1.20543,0)        (0.0463146,0)       (1.30844,0)         (-0.84,0)           (0.845,0)           
(-6.28,0)           (-0.976243,0)       (-0.107902,0)       (1.28881,0)         (-0.785,0)          (0.8,0)             
(-6.8,0)            (-1.26602,0)        (0.0661265,0)       (1.34667,0)         (-0.85,0)           (0.85,0)            
(-6.52,0)           (-1.15826,0)        (0.00209653,0)      (1.32407,0)         (-0.815,0)          (0.805,0)           
(-7.28,0)           (-1.45312,0)        (0.216204,0)        (1.3246,0)          (-0.91,0)           (0.89,0)            
(-7.04,0)           (-1.30989,0)        (0.137257,0)        (1.28486,0)         (-0.88,0)           (0.88,0)            
(-6.56,0)           (-1.10944,0)        (-0.0255025,0)      (1.31161,0)         (-0.82,0)           (0.825,0)           
(-7.36,0)           (-1.4309,0)         (0.213861,0)        (1.30282,0)         (-0.92,0)           (0.925,0)           
(-6.08,0)           (-1.02404,0)        (-0.159953,0)       (1.4256,0)          (-0.76,0)           (0.77,0)            
(-6.48,0)           (-1.29758,0)        (0.0129226,0)       (1.46666,0)         (-0.81,0)           (0.785,0)           
(-6.84,0)           (-1.26822,0)        (0.0870756,0)       (1.31618,0)         (-0.855,0)          (0.83,0)            
(-6.08,0)           (-0.947653,0)       (-0.143698,0)       (1.31244,0)         (-0.76,0)           (0.785,0)           
(-7.12,0)           (-1.4157,0)         (0.166521,0)        (1.36,0)            (-0.89,0)           (0.88,0)            
(-7.08,0)           (-1.35635,0)        (0.127403,0)        (1.35362,0)         (-0.885,0)          (0.885,0)           
(-7.32,0)           (-1.41405,0)        (0.196905,0)        (1.31023,0)         (-0.915,0)          (0.92,0)            
(-6.28,0)           (-1.1048,0)         (-0.0755341,0)      (1.38513,0)         (-0.785,0)          (0.775,0)           
(-7.12,0)           (-1.34529,0)        (0.144622,0)        (1.31381,0)         (-0.89,0)           (0.895,0)           
(-6.68,0)           (-1.26013,0)        (0.0500815,0)       (1.36519,0)         (-0.835,0)          (0.815,0)           
(-6.92,0)           (-1.29913,0)        (0.111277,0)        (1.31346,0)         (-0.865,0)          (0.86,0)            
(-6.68,0)           (-1.17232,0)        (0.021256,0)        (1.30998,0)         (-0.835,0)          (0.855,0)           
(-6.16,0)           (-1.00456,0)        (-0.176644,0)       (1.42958,0)         (-0.77,0)           (0.82,0)            
(-6.36,0)           (-1.02806,0)        (-0.0967985,0)      (1.33069,0)         (-0.795,0)          (0.82,0)            
(-6.44,0)           (-1.14174,0)        (-0.00604729,0)     (1.31797,0)         (-0.805,0)          (0.775,0)           
(-6.76,0)           (-1.22214,0)        (0.0547034,0)       (1.31438,0)         (-0.845,0)          (0.84,0)            
(-7,0)              (-1.3089,0)         (0.0981643,0)       (1.34533,0)         (-0.875,0)          (0.89,0)            
(-6.68,0)           (-1.19704,0)        (0.0413629,0)       (1.30663,0)         (-0.835,0)          (0.835,0)           
(-7.48,0)           (-1.48193,0)        (0.243584,0)        (1.31447,0)         (-0.935,0)          (0.94,0)            
(-6.48,0)           (-1.17527,0)        (-0.0384736,0)      (1.40749,0)         (-0.81,0)           (0.805,0)           
(-7.32,0)           (-1.48724,0)        (0.18851,0)         (1.40733,0)         (-0.915,0)          (0.93,0)            
(-6.88,0)           (-1.30221,0)        (0.0799748,0)       (1.36631,0)         (-0.86,0)           (0.87,0)            
(-6.8,0)            (-1.34743,0)        (0.102809,0)        (1.38216,0)         (-0.85,0)           (0.835,0)           
(-6.56,0)           (-1.17885,0)        (-0.0189206,0)      (1.38078,0)         (-0.82,0)           (0.825,0)           
(-6.92,0)           (-1.34223,0)        (0.120809,0)        (1.34783,0)         (-0.865,0)          (0.855,0)           
(-6.08,0)           (-1.00329,0)        (-0.110658,0)       (1.32414,0)         (-0.76,0)           (0.74,0)            
(-7.32,0)           (-1.4177,0)         (0.153245,0)        (1.38321,0)         (-0.915,0)          (0.94,0)            
(-6.08,0)           (-0.935308,0)       (-0.138691,0)       (1.29041,0)         (-0.76,0)           (0.76,0)            
(-6.76,0)           (-1.26543,0)        (0.034783,0)        (1.39537,0)         (-0.845,0)          (0.865,0)           
(-7.04,0)           (-1.30928,0)        (0.1248,0)          (1.30378,0)         (-0.88,0)           (0.88,0)            
(-7.08,0)           (-1.3839,0)         (0.155377,0)        (1.34111,0)         (-0.885,0)          (0.865,0)           
(-6.36,0)           (-1.19274,0)        (-0.0241955,0)      (1.40501,0)         (-0.795,0)          (0.765,0)           
(-6.2,0)            (-1.1235,0)         (-0.0596656,0)      (1.38156,0)         (-0.775,0)          (0.74,0)            
(-7.32,0)           (-1.44259,0)        (0.210928,0)        (1.32084,0)         (-0.915,0)          (0.92,0)            
(-6.4,0)            (-1.2198,0)         (-0.00485131,0)     (1.40554,0)         (-0.8,0)            (0.79,0)            
(-7.16,0)           (-1.37629,0)        (0.15755,0)         (1.32897,0)         (-0.895,0)          (0.895,0)           
(-6.56,0)           (-1.21426,0)        (-0.0570014,0)      (1.48137,0)         (-0.82,0)           (0.86,0)            
(-7.04,0)           (-1.33949,0)        (0.118115,0)        (1.34894,0)         (-0.88,0)           (0.89,0)            
(-7.32,0)           (-1.4829,0)         (0.22747,0)         (1.34098,0)         (-0.915,0)          (0.905,0)           
(-6.44,0)           (-1.0998,0)         (-0.0346473,0)      (1.31497,0)         (-0.805,0)          (0.805,0)           
(-6.28,0)           (-1.09308,0)        (-0.0880397,0)      (1.3914,0)          (-0.785,0)          (0.78,0)            
(-6.84,0)           (-1.29793,0)        (0.0767582,0)       (1.36648,0)         (-0.855,0)          (0.855,0)           
(-6.64,0)           (-1.16936,0)        (-0.000957963,0)    (1.3416,0)          (-0.83,0)           (0.83,0)            
(-6.52,0)           (-1.16101,0)        (-0.0151337,0)      (1.35437,0)         (-0.815,0)          (0.815,0)           
(-7.04,0)           (-1.35316,0)        (0.139741,0)        (1.33053,0)         (-0.88,0)           (0.875,0)           
(-6.56,0)           (-1.22106,0)        (0.0138727,0)       (1.37748,0)         (-0.82,0)           (0.805,0)           
(-7.48,0)           (-1.63593,0)        (0.265709,0)        (1.45609,0)         (-0.935,0)          (0.935,0)           
(-5.88,0)           (-0.841594,0)       (-0.260599,0)       (1.37511,0)         (-0.735,0)          (0.77,0)            
(-7.12,0)           (-1.32979,0)        (0.127559,0)        (1.32294,0)         (-0.89,0)           (0.895,0)           
(-6.16,0)           (-0.996793,0)       (-0.109974,0)       (1.31562,0)         (-0.77,0)           (0.75,0)            
(-5.96,0)           (-0.91188,0)        (-0.170335,0)       (1.31342,0)         (-0.745,0)          (0.73,0)            
(-6.84,0)           (-1.29946,0)        (0.0642572,0)       (1.38793,0)         (-0.855,0)          (0.87,0)            
(-7.32,0)           (-1.42781,0)        (0.211025,0)        (1.30375,0)         (-0.915,0)          (0.9,0)             
(-7.32,0)           (-1.4445,0)         (0.179777,0)        (1.37212,0)         (-0.915,0)          (0.935,0)           
(-7,0)              (-1.33615,0)        (0.117656,0)        (1.34584,0)         (-0.875,0)          (0.87,0)            
(-7.08,0)           (-1.31448,0)        (0.120861,0)        (1.31595,0)         (-0.885,0)          (0.89,0)            
(-6.28,0)           (-1.0616,0)         (-0.0796758,0)      (1.34215,0)         (-0.785,0)          (0.79,0)            
(-6.32,0)           (-1.10602,0)        (-0.0575389,0)      (1.35817,0)         (-0.79,0)           (0.77,0)            
(-7,0)              (-1.36193,0)        (0.132908,0)        (1.35135,0)         (-0.875,0)          (0.875,0)           
(-6.68,0)           (-1.24388,0)        (0.0531559,0)       (1.34173,0)         (-0.835,0)          (0.815,0)           
(-6.56,0)           (-1.17839,0)        (-0.00169735,0)     (1.35311,0)         (-0.82,0)           (0.82,0)            
(-7.44,0)           (-1.4657,0)         (0.228123,0)        (1.32024,0)         (-0.93,0)           (0.935,0)           
(-7,0)              (-1.27968,0)        (0.106599,0)        (1.29854,0)         (-0.875,0)          (0.88,0)            
(-6.68,0)           (-1.20628,0)        (-0.00786222,0)     (1.39479,0)         (-0.835,0)          (0.865,0)           
(-7,0)              (-1.45037,0)        (0.130976,0)        (1.45575,0)         (-0.875,0)          (0.86,0)            
(-7.12,0)           (-1.34209,0)        (0.170888,0)        (1.26876,0)         (-0.89,0)           (0.88,0)            
(-6.76,0)           (-1.19138,0)        (0.0474646,0)       (1.29053,0)         (-0.845,0)          (0.85,0)            
(-6.6,0)            (-1.15646,0)        (-0.000159898,0)    (1.32556,0)         (-0.825,0)          (0.825,0)           
(-7,0)              (-1.29694,0)        (0.0879111,0)       (1.34777,0)         (-0.875,0)          (0.895,0)           
(-6.24,0)           (-1.05927,0)        (-0.104583,0)       (1.37873,0)         (-0.78,0)           (0.775,0)           
(-5.88,0)           (-0.895287,0)       (-0.200249,0)       (1.34154,0)         (-0.735,0)          (0.72,0)            
(-6.88,0)           (-1.32819,0)        (0.093542,0)        (1.37472,0)         (-0.86,0)           (0.84,0)            
(-6.8,0)            (-1.2931,0)         (0.0901916,0)       (1.33978,0)         (-0.85,0)           (0.84,0)            
(-7.48,0)           (-1.49761,0)        (0.239344,0)        (1.33912,0)         (-0.935,0)          (0.94,0)            
(-6.64,0)           (-1.15913,0)        (-0.0185371,0)      (1.35757,0)         (-0.83,0)           (0.845,0)           
(-6.4,0)            (-1.1516,0)         (-0.0238935,0)      (1.35738,0)         (-0.8,0)            (0.76,0)            
(-6.56,0)           (-1.16545,0)        (0.0128389,0)       (1.31538,0)         (-0.82,0)           (0.79,0)            
(-6.12,0)           (-1.03742,0)        (-0.123739,0)       (1.38386,0)         (-0.765,0)          (0.755,0)           
(-7.08,0)           (-1.35973,0)        (0.097858,0)        (1.40405,0)         (-0.885,0)          (0.915,0)           
(-5.96,0)           (-0.939261,0)       (-0.165535,0)       (1.33724,0)         (-0.745,0)          (0.725,0)           
(-7.04,0)           (-1.33808,0)        (0.137085,0)        (1.31743,0)         (-0.88,0)           (0.88,0)            
(-7.24,0)           (-1.47894,0)        (0.179465,0)        (1.41208,0)         (-0.905,0)          (0.92,0)            
(-6.64,0)           (-1.13055,0)        (-0.0143883,0)      (1.31829,0)         (-0.83,0)           (0.85,0)            
(-6.28,0)           (-1.06285,0)        (-0.0917001,0)      (1.36252,0)         (-0.785,0)          (0.775,0)           
(-6.8,0)            (-1.25002,0)        (0.0859762,0)       (1.29705,0)         (-0.85,0)           (0.835,0)           
(-6.8,0)            (-1.30835,0)        (0.0568075,0)       (1.40986,0)         (-0.85,0)           (0.845,0)           
(-7.24,0)           (-1.43571,0)        (0.188185,0)        (1.3488,0)          (-0.905,0)          (0.895,0)           
(-7.04,0)           (-1.33913,0)        (0.145794,0)        (1.30491,0)         (-0.88,0)           (0.865,0)           
(-6.04,0)           (-1.09967,0)        (-0.0847594,0)      (1.39379,0)         (-0.755,0)          (0.715,0)           
(-7.16,0)           (-1.44551,0)        (0.181282,0)        (1.3709,0)          (-0.895,0)          (0.865,0)           
(-6.24,0)           (-1.04708,0)        (-0.107849,0)       (1.3699,0)          (-0.78,0)           (0.795,0)           
(-6.84,0)           (-1.24112,0)        (0.0448634,0)       (1.35164,0)         (-0.855,0)          (0.88,0)            
(-7.08,0)           (-1.3848,0)         (0.111031,0)        (1.41203,0)         (-0.885,0)          (0.91,0)            
(-6.92,0)           (-1.31478,0)        (0.0965678,0)       (1.35457,0)         (-0.865,0)          (0.865,0)           
(-7.24,0)           (-1.38131,0)        (0.169184,0)        (1.31639,0)         (-0.905,0)          (0.905,0)           
(-6.44,0)           (-1.07137,0)        (-0.0330339,0)      (1.27985,0)         (-0.805,0)          (0.795,0)           
(-6.48,0)           (-1.12105,0)        (-0.0236176,0)      (1.32194,0)         (-0.81,0)           (0.8,0)             
(-5.68,0)           (-0.898708,0)       (-0.261375,0)       (1.44178,0)         (-0.71,0)           (0.71,0)            
(-6.84,0)           (-1.35065,0)        (0.098767,0)        (1.39222,0)         (-0.855,0)          (0.825,0)           
(-6.4,0)            (-1.08218,0)        (-0.0226345,0)      (1.27585,0)         (-0.8,0)            (0.775,0)           
(-7.04,0)           (-1.36868,0)        (0.12708,0)         (1.36826,0)         (-0.88,0)           (0.875,0)           
(-6.4,0)            (-1.07171,0)        (-0.0706392,0)      (1.33949,0)         (-0.8,0)            (0.815,0)           
(-6.72,0)           (-1.23148,0)        (0.0605784,0)       (1.31582,0)         (-0.84,0)           (0.83,0)            
(-6.44,0)           (-1.0605,0)         (-0.0539264,0)      (1.30031,0)         (-0.805,0)          (0.805,0)           
(-7.08,0)           (-1.3961,0)         (0.163139,0)        (1.34287,0)         (-0.885,0)          (0.865,0)           
(-6.56,0)           (-1.18329,0)        (-0.0261639,0)      (1.39728,0)         (-0.82,0)           (0.825,0)           
(-6.56,0)           (-1.19545,0)        (0.000254161,0)     (1.36959,0)         (-0.82,0)           (0.815,0)           
(-7.16,0)           (-1.34634,0)        (0.161972,0)        (1.28768,0)         (-0.895,0)          (0.895,0)           
(-6.08,0)           (-1.08958,0)        (-0.0915936,0)      (1.39299,0)         (-0.76,0)           (0.715,0)           
(-6.16,0)           (-1.04412,0)        (-0.145098,0)       (1.42521,0)         (-0.77,0)           (0.79,0)            
(-6.44,0)           (-1.08666,0)        (-0.0477172,0)      (1.32051,0)         (-0.805,0)          (0.805,0)           
(-6.76,0)           (-1.23616,0)        (0.0298405,0)       (1.36962,0)         (-0.845,0)          (0.845,0)           
(-6.24,0)           (-1.0754,0)         (-0.104891,0)       (1.39769,0)         (-0.78,0)           (0.8,0)             
(-6.96,0)           (-1.37562,0)        (0.12422,0)         (1.38072,0)         (-0.87,0)           (0.865,0)           
(-6.64,0)           (-1.19742,0)        (0.0161695,0)       (1.34676,0)         (-0.83,0)           (0.83,0)            
(-7,0)              (-1.36471,0)        (0.143051,0)        (1.33855,0)         (-0.875,0)          (0.855,0)           
(-7.24,0)           (-1.4513,0)         (0.186943,0)        (1.36861,0)         (-0.905,0)          (0.91,0)            
(-7.24,0)           (-1.37987,0)        (0.184139,0)        (1.29118,0)         (-0.905,0)          (0.91,0)            
(-7.48,0)           (-1.48332,0)        (0.227842,0)        (1.34086,0)         (-0.935,0)          (0.945,0)           
(-6.6,0)            (-1.18336,0)        (0.0044989,0)       (1.34905,0)         (-0.825,0)          (0.825,0)           
(-6.36,0)           (-1.20918,0)        (-0.0383915,0)      (1.44622,0)         (-0.795,0)          (0.77,0)            
(-5.56,0)           (-0.756941,0)       (-0.277592,0)       (1.30487,0)         (-0.695,0)          (0.685,0)           
(-6.48,0)           (-1.11743,0)        (-0.0339318,0)      (1.33404,0)         (-0.81,0)           (0.82,0)            
(-6.76,0)           (-1.2202,0)         (0.0663183,0)       (1.29386,0)         (-0.845,0)          (0.825,0)           
(-7.36,0)           (-1.47202,0)        (0.223386,0)        (1.33494,0)         (-0.92,0)           (0.915,0)           
(-6.16,0)           (-0.977278,0)       (-0.0491688,0)      (1.19744,0)         (-0.77,0)           (0.72,0)            
(-6.52,0)           (-1.0833,0)         (-0.0780482,0)      (1.36445,0)         (-0.815,0)          (0.86,0)            
(-7.12,0)           (-1.40318,0)        (0.147059,0)        (1.37632,0)         (-0.89,0)           (0.9,0)             
(-7.24,0)           (-1.40913,0)        (0.171919,0)        (1.34396,0)         (-0.905,0)          (0.915,0)           
(-6.24,0)           (-1.12553,0)        (-0.0535702,0)      (1.37428,0)         (-0.78,0)           (0.775,0)           
(-6.2,0)            (-0.997676,0)       (-0.0913091,0)      (1.28722,0)         (-0.775,0)          (0.76,0)            
(-7.32,0)           (-1.48562,0)        (0.217236,0)        (1.36022,0)         (-0.915,0)          (0.9,0)             
(-6.52,0)           (-1.22225,0)        (-0.0345327,0)      (1.45512,0)         (-0.815,0)          (0.845,0)           
(-6.8,0)            (-1.30768,0)        (0.0811631,0)       (1.37071,0)         (-0.85,0)           (0.835,0)           
(-6.84,0)           (-1.28379,0)        (0.0937204,0)       (1.32355,0)         (-0.855,0)          (0.84,0)            
(-6.12,0)           (-1.07806,0)        (-0.0878413,0)      (1.37388,0)         (-0.765,0)          (0.72,0)            
(-6.64,0)           (-1.21054,0)        (0.0430489,0)       (1.31945,0)         (-0.83,0)           (0.81,0)            
(-6.76,0)           (-1.20679,0)        (0.0599695,0)       (1.28849,0)         (-0.845,0)          (0.845,0)           
(-7.56,0)           (-1.51489,0)        (0.272154,0)        (1.30722,0)         (-0.945,0)          (0.945,0)           
(-7.12,0)           (-1.37389,0)        (0.151942,0)        (1.33505,0)         (-0.89,0)           (0.89,0)            
(-6.4,0)            (-1.1117,0)         (-0.0543613,0)      (1.35967,0)         (-0.8,0)            (0.81,0)            
(-6.8,0)            (-1.20773,0)        (0.0734718,0)       (1.26828,0)         (-0.85,0)           (0.84,0)            
(-6.36,0)           (-1.19329,0)        (-0.0228242,0)      (1.40348,0)         (-0.795,0)          (0.78,0)            
(-7.6,0)            (-1.56085,0)        (0.276829,0)        (1.35252,0)         (-0.95,0)           (0.955,0)           
(-7,0)              (-1.3226,0)         (0.122331,0)        (1.32294,0)         (-0.875,0)          (0.87,0)            
(-7.32,0)           (-1.47123,0)        (0.216491,0)        (1.3449,0)          (-0.915,0)          (0.905,0)           
(-7,0)              (-1.37757,0)        (0.146625,0)        (1.34765,0)         (-0.875,0)          (0.86,0)            
(-6.72,0)           (-1.31481,0)        (0.0918113,0)       (1.36211,0)         (-0.84,0)           (0.805,0)           
(-7.44,0)           (-1.46436,0)        (0.24008,0)         (1.29985,0)         (-0.93,0)           (0.925,0)           
(-6.8,0)            (-1.2352,0)         (0.0945093,0)       (1.26662,0)         (-0.85,0)           (0.82,0)            
(-6.88,0)           (-1.25785,0)        (0.0675922,0)       (1.33499,0)         (-0.86,0)           (0.87,0)            
(-7.08,0)           (-1.35402,0)        (0.155747,0)        (1.3063,0)          (-0.885,0)          (0.88,0)            
(-6.84,0)           (-1.25176,0)        (0.0965064,0)       (1.28245,0)         (-0.855,0)          (0.83,0)            
(-6.28,0)           (-1.16749,0)        (-0.00321663,0)     (1.34302,0)         (-0.785,0)          (0.72,0)            
(-7.2,0)            (-1.39731,0)        (0.149329,0)        (1.36602,0)         (-0.9,0)            (0.92,0)            
(-6.48,0)           (-1.14675,0)        (-0.0220511,0)      (1.34892,0)         (-0.81,0)           (0.81,0)            
(-6.72,0)           (-1.23265,0)        (0.0440994,0)       (1.34313,0)         (-0.84,0)           (0.835,0)           
(-6.76,0)           (-1.18169,0)        (0.00749765,0)      (1.3424,0)          (-0.845,0)          (0.875,0)           
(-6.8,0)            (-1.22401,0)        (0.0415778,0)       (1.3372,0)          (-0.85,0)           (0.865,0)           
(-7.44,0)           (-1.56373,0)        (0.23928,0)         (1.41499,0)         (-0.93,0)           (0.935,0)           
(-6.44,0)           (-1.19918,0)        (-0.00300574,0)     (1.379,0)           (-0.805,0)          (0.8,0)             
(-6.84,0)           (-1.21371,0)        (0.0310377,0)       (1.34201,0)         (-0.855,0)          (0.885,0)           
(-7.28,0)           (-1.50941,0)        (0.214263,0)        (1.39216,0)         (-0.91,0)           (0.9,0)             
(-6.8,0)            (-1.27108,0)        (0.0185153,0)       (1.42749,0)         (-0.85,0)           (0.88,0)            
(-7.16,0)           (-1.37394,0)        (0.168695,0)        (1.30871,0)         (-0.895,0)          (0.89,0)            
(-7.12,0)           (-1.35923,0)        (0.129502,0)        (1.35362,0)         (-0.89,0)           (0.91,0)            
(-6.92,0)           (-1.24864,0)        (0.0596685,0)       (1.33692,0)         (-0.865,0)          (0.895,0)           
(-6.88,0)           (-1.26028,0)        (0.0477293,0)       (1.36908,0)         (-0.86,0)           (0.89,0)            
(-6.88,0)           (-1.23257,0)        (0.0383731,0)       (1.35206,0)         (-0.86,0)           (0.89,0)            
(-7.08,0)           (-1.36962,0)        (0.133756,0)        (1.35882,0)         (-0.885,0)          (0.88,0)            
(-7.28,0)           (-1.40979,0)        (0.202747,0)        (1.29615,0)         (-0.91,0)           (0.9,0)             
(-7.56,0)           (-1.51656,0)        (0.25321,0)         (1.33898,0)         (-0.945,0)          (0.955,0)           
(-7.16,0)           (-1.44599,0)        (0.161181,0)        (1.40313,0)         (-0.895,0)          (0.89,0)            
(-6.28,0)           (-1.12839,0)        (-0.0149367,0)      (1.31667,0)         (-0.785,0)          (0.735,0)           
(-5.92,0)           (-1.0429,0)         (-0.170469,0)       (1.46379,0)         (-0.74,0)           (0.73,0)            
(-7.44,0)           (-1.49304,0)        (0.24888,0)         (1.31886,0)         (-0.93,0)           (0.92,0)            
(-6.64,0)           (-1.15735,0)        (-0.01258,0)        (1.34614,0)         (-0.83,0)           (0.85,0)            
(-6.8,0)            (-1.22728,0)        (0.0404093,0)       (1.34279,0)         (-0.85,0)           (0.87,0)            
(-5.96,0)           (-0.922231,0)       (-0.270457,0)       (1.48305,0)         (-0.745,0)          (0.805,0)           
(-7.12,0)           (-1.35586,0)        (0.167543,0)        (1.28981,0)         (-0.89,0)           (0.88,0)            
(-6.64,0)           (-1.27081,0)        (0.0248767,0)       (1.41715,0)         (-0.83,0)           (0.84,0)            
(-6.92,0)           (-1.35986,0)        (0.105474,0)        (1.39221,0)         (-0.865,0)          (0.86,0)            
(-6.12,0)           (-1.07286,0)        (-0.0608192,0)      (1.32533,0)         (-0.765,0)          (0.71,0)            
(-6.84,0)           (-1.24217,0)        (0.049284,0)        (1.34587,0)         (-0.855,0)          (0.86,0)            
(-7.12,0)           (-1.34432,0)        (0.142467,0)        (1.3161,0)          (-0.89,0)           (0.895,0)           
(-6.52,0)           (-1.13442,0)        (-0.00448133,0)     (1.30711,0)         (-0.815,0)          (0.805,0)           
(-6.44,0)           (-1.16735,0)        (0.0182141,0)       (1.30909,0)         (-0.805,0)          (0.77,0)            
(-6.28,0)           (-1.09297,0)        (-0.108431,0)       (1.42341,0)         (-0.785,0)          (0.815,0)           
(-7.2,0)            (-1.40728,0)        (0.157048,0)        (1.36528,0)         (-0.9,0)            (0.91,0)            
(-6.92,0)           (-1.34784,0)        (0.119593,0)        (1.35618,0)         (-0.865,0)          (0.84,0)            
(-6.64,0)           (-1.21404,0)        (0.0244082,0)       (1.35283,0)         (-0.83,0)           (0.81,0)            
(-6.48,0)           (-1.31096,0)        (0.0259654,0)       (1.46144,0)         (-0.81,0)           (0.78,0)            
(-6.08,0)           (-1.03354,0)        (-0.088328,0)       (1.32362,0)         (-0.76,0)           (0.705,0)           
(-6.8,0)            (-1.26652,0)        (0.0645431,0)       (1.34974,0)         (-0.85,0)           (0.85,0)            
(-6.8,0)            (-1.22334,0)        (0.0558177,0)       (1.31399,0)         (-0.85,0)           (0.845,0)           
(-6.84,0)           (-1.2536,0)         (0.0987123,0)       (1.28109,0)         (-0.855,0)          (0.825,0)           
(-6.44,0)           (-1.182,0)          (-0.03158,0)        (1.40434,0)         (-0.805,0)          (0.83,0)            
(-7.56,0)           (-1.55844,0)        (0.271436,0)        (1.35826,0)         (-0.945,0)          (0.945,0)           
(-6.84,0)           (-1.29618,0)        (0.0915182,0)       (1.34122,0)         (-0.855,0)          (0.84,0)            
(-7.32,0)           (-1.48563,0)        (0.228286,0)        (1.34282,0)         (-0.915,0)          (0.89,0)            
(-7.32,0)           (-1.49696,0)        (0.220923,0)        (1.3674,0)          (-0.915,0)          (0.91,0)            
(-6.76,0)           (-1.20536,0)        (0.0729034,0)       (1.26647,0)         (-0.845,0)          (0.815,0)           
(-6.88,0)           (-1.25755,0)        (0.0754287,0)       (1.3223,0)          (-0.86,0)           (0.875,0)           
(-5.88,0)           (-0.88674,0)        (-0.263322,0)       (1.43114,0)         (-0.735,0)          (0.79,0)            
(-6.36,0)           (-1.1792,0)         (-0.0503761,0)      (1.43074,0)         (-0.795,0)          (0.795,0)           
(-6.68,0)           (-1.21709,0)        (0.0308081,0)       (1.34625,0)         (-0.835,0)          (0.83,0)            
(-7.08,0)           (-1.37344,0)        (0.135528,0)        (1.36041,0)         (-0.885,0)          (0.89,0)            
(-6.96,0)           (-1.33406,0)        (0.0785573,0)       (1.40504,0)         (-0.87,0)           (0.885,0)           
(-6.2,0)            (-1.04219,0)        (-0.110789,0)       (1.36892,0)         (-0.775,0)          (0.76,0)            
(-6,0)              (-1.08738,0)        (-0.114017,0)       (1.4258,0)          (-0.75,0)           (0.705,0)           
(-7.24,0)           (-1.42634,0)        (0.159088,0)        (1.38391,0)         (-0.905,0)          (0.92,0)            
(-6.36,0)           (-1.19241,0)        (-0.0277265,0)      (1.41019,0)         (-0.795,0)          (0.78,0)            
(-6.76,0)           (-1.1922,0)         (0.0412,0)          (1.30134,0)         (-0.845,0)          (0.85,0)            
(-7.04,0)           (-1.36247,0)        (0.167,0)           (1.29824,0)         (-0.88,0)           (0.855,0)           
(-5.96,0)           (-0.96414,0)        (-0.143292,0)       (1.3307,0)          (-0.745,0)          (0.71,0)            
(-7.2,0)            (-1.36273,0)        (0.170384,0)        (1.29321,0)         (-0.9,0)            (0.9,0)             
(-6.8,0)            (-1.26688,0)        (0.0451765,0)       (1.38067,0)         (-0.85,0)           (0.87,0)            
(-6.6,0)            (-1.1257,0)         (-0.0232991,0)      (1.32677,0)         (-0.825,0)          (0.835,0)           
(-7.08,0)           (-1.41401,0)        (0.154434,0)        (1.37711,0)         (-0.885,0)          (0.885,0)           
(-7.32,0)           (-1.42743,0)        (0.217224,0)        (1.29355,0)         (-0.915,0)          (0.91,0)            
(-7.6,0)            (-1.54651,0)        (0.286577,0)        (1.32073,0)         (-0.95,0)           (0.945,0)           
(-6.92,0)           (-1.27135,0)        (0.101133,0)        (1.29761,0)         (-0.865,0)          (0.87,0)            
(-6.72,0)           (-1.18996,0)        (0.0287587,0)       (1.31838,0)         (-0.84,0)           (0.84,0)            
