3
e_L                 onsite              nnhop               ospair              nnJastrow           
(0.895844,0)        (0.0260429,0)       (-0.605444,0)       (0.52434,0)         (-0.04,0)           
(0.956775,0)        (0.03169,0)         (-0.602411,0)       (0.51577,0)         (0,0)               
(0.911747,0)        (0.0146379,0)       (-0.596772,0)       (0.528178,0)        (-0.03,0)           
(0.973147,0)        (0.190696,0)        (-0.799692,0)       (0.531791,0)        (0.11,0)            
(0.931416,0)        (-0.0264278,0)      (-0.554037,0)       (0.53152,0)         (-0.05,0)           
(0.979453,0)        (0.0161805,0)       (-0.66691,0)        (0.590437,0)        (0.05,0)            
(1.01234,0)         (-0.0100019,0)      (-0.644051,0)       (0.596562,0)        (0.04,0)            
(0.87206,0)         (-0.04744,0)        (-0.634902,0)       (0.626745,0)        (-0.04,0)           
(0.937862,0)        (-0.107012,0)       (-0.476626,0)       (0.543947,0)        (-0.08,0)           
(0.90664,0)         (-0.0174941,0)      (-0.635792,0)       (0.596751,0)        (0,0)               
(0.913369,0)        (0.113732,0)        (-0.707312,0)       (0.526868,0)        (0.03,0)            
(0.939438,0)        (-0.022805,0)       (-0.578576,0)       (0.55013,0)         (-0.03,0)           
(0.981691,0)        (-0.133446,0)       (-0.556664,0)       (0.643996,0)        (-0.02,0)           
(0.909066,0)        (-0.00903165,0)     (-0.619109,0)       (0.572859,0)        (-0.03,0)           
(0.898129,0)        (-0.134019,0)       (-0.512377,0)       (0.604271,0)        (-0.1,0)            
(0.911559,0)        (-0.043535,0)       (-0.515633,0)       (0.514158,0)        (-0.07,0)           
(0.950375,0)        (0.102526,0)        (-0.673613,0)       (0.507719,0)        (0.04,0)            
(0.961975,0)        (0.0429506,0)       (-0.597749,0)       (0.499943,0)        (-0.01,0)           
(0.985551,0)        (-0.13402,0)        (-0.563171,0)       (0.650509,0)        (-0.03,0)           
(0.959154,0)        (-0.0493275,0)      (-0.556125,0)       (0.556976,0)        (-0.04,0)           
(0.923743,0)        (0.114159,0)        (-0.576838,0)       (0.40766,0)         (-0.02,0)           
(0.939391,0)        (0.0126097,0)       (-0.564502,0)       (0.50089,0)         (-0.04,0)           
(0.974896,0)        (-0.12179,0)        (-0.584359,0)       (0.657216,0)        (-0.04,0)           
(0.892928,0)        (-0.0953216,0)      (-0.523251,0)       (0.574363,0)        (-0.09,0)           
(0.927791,0)        (0.0468625,0)       (-0.648955,0)       (0.542532,0)        (0.01,0)            
(0.931698,0)        (0.0608314,0)       (-0.675745,0)       (0.55255,0)         (0.01,0)            
(0.959248,0)        (-0.070199,0)       (-0.590483,0)       (0.609722,0)        (-0.02,0)           
(0.977972,0)        (0.0606319,0)       (-0.629647,0)       (0.510792,0)        (0.02,0)            
(0.88935,0)         (0.0924277,0)       (-0.650876,0)       (0.497409,0)        (-0.02,0)           
(0.926027,0)        (-0.0958612,0)      (-0.477561,0)       (0.533327,0)        (-0.08,0)           
(1.00303,0)         (-0.0358952,0)      (-0.64786,0)        (0.626664,0)        (0.03,0)            
(0.927603,0)        (0.0136686,0)       (-0.570922,0)       (0.505644,0)        (-0.03,0)           
(1.01484,0)         (-0.144421,0)       (-0.528153,0)       (0.629332,0)        (0,0)               
(0.94191,0)         (-0.0997152,0)      (-0.569754,0)       (0.621214,0)        (-0.05,0)           
(0.963268,0)        (-0.0843088,0)      (-0.539073,0)       (0.577438,0)        (-0.02,0)           
(0.971036,0)        (-0.0712579,0)      (-0.584064,0)       (0.604968,0)        (-0.03,0)           
(1.0239,0)          (-0.208672,0)       (-0.52068,0)        (0.688621,0)        (-0.02,0)           
(0.891843,0)        (0.0079665,0)       (-0.541189,0)       (0.484444,0)        (-0.06,0)           
(0.969319,0)        (-0.249396,0)       (-0.426744,0)       (0.645003,0)        (-0.11,0)           
(0.899959,0)        (0.115613,0)        (-0.615614,0)       (0.441462,0)        (-0.02,0)           
(0.868388,0)        (0.136202,0)        (-0.725064,0)       (0.519913,0)        (0.01,0)            
(0.892834,0)        (-0.149387,0)       (-0.479576,0)       (0.590221,0)        (-0.11,0)           
(0.924593,0)        (-0.111803,0)       (-0.451265,0)       (0.525789,0)        (-0.1,0)            
(0.898316,0)        (-0.0508672,0)      (-0.596622,0)       (0.595424,0)        (-0.06,0)           
(0.822937,0)        (-0.0117392,0)      (-0.536863,0)       (0.500776,0)        (-0.11,0)           
(1.04773,0)         (-0.0956666,0)      (-0.514612,0)       (0.566854,0)        (-0.01,0)           
(0.955341,0)        (-0.0342101,0)      (-0.569904,0)       (0.553968,0)        (-0.02,0)           
(0.942165,0)        (0.0154077,0)       (-0.576524,0)       (0.508955,0)        (-0.02,0)           
(0.952425,0)        (-0.105617,0)       (-0.493923,0)       (0.558256,0)        (-0.07,0)           
(0.955039,0)        (-0.138897,0)       (-0.545955,0)       (0.639855,0)        (-0.06,0)           
(0.900997,0)        (-0.0771556,0)      (-0.568074,0)       (0.596479,0)        (-0.06,0)           
(0.931463,0)        (-0.0118846,0)      (-0.574322,0)       (0.535025,0)        (-0.04,0)           
(0.940731,0)        (-0.0504924,0)      (-0.544017,0)       (0.547152,0)        (-0.04,0)           
(0.942212,0)        (0.00531576,0)      (-0.582009,0)       (0.524329,0)        (-0.01,0)           
(0.950187,0)        (0.0689884,0)       (-0.607274,0)       (0.48183,0)         (0,0)               
(0.927697,0)        (0.042755,0)        (-0.611491,0)       (0.512654,0)        (-0.01,0)           
(0.878366,0)        (-0.0970607,0)      (-0.517649,0)       (0.571052,0)        (-0.1,0)            
(0.967175,0)        (-0.0706837,0)      (-0.577558,0)       (0.598454,0)        (-0.02,0)           
(0.90916,0)         (-0.00492418,0)     (-0.656572,0)       (0.602736,0)        (-0.01,0)           
(0.947017,0)        (-0.117541,0)       (-0.524522,0)       (0.598377,0)        (-0.08,0)           
(0.950422,0)        (0.116726,0)        (-0.705591,0)       (0.522222,0)        (0.05,0)            
(0.955341,0)        (-0.00923114,0)     (-0.57301,0)        (0.531101,0)        (-0.02,0)           
(1.01921,0)         (0.0899169,0)       (-0.767108,0)       (0.605797,0)        (0.1,0)             
(1.04759,0)         (-0.139296,0)       (-0.453758,0)       (0.556339,0)        (-0.04,0)           
(0.927697,0)        (-0.107119,0)       (-0.592857,0)       (0.64986,0)         (-0.01,0)           
(0.969648,0)        (-0.0976359,0)      (-0.574948,0)       (0.623803,0)        (-0.04,0)           
(0.989572,0)        (-0.148474,0)       (-0.523454,0)       (0.629223,0)        (-0.03,0)           
(0.977482,0)        (-0.227123,0)       (-0.50903,0)        (0.696996,0)        (-0.06,0)           
(0.956634,0)        (-0.0615537,0)      (-0.523651,0)       (0.539992,0)        (-0.03,0)           
(0.951413,0)        (-0.0652631,0)      (-0.629178,0)       (0.639868,0)        (0,0)               
(0.918475,0)        (0.0459481,0)       (-0.655869,0)       (0.549766,0)        (0,0)               
(0.97515,0)         (-0.00666723,0)     (-0.591129,0)       (0.544957,0)        (-0.01,0)           
(0.952566,0)        (-0.0370081,0)      (-0.557883,0)       (0.545903,0)        (-0.04,0)           
(0.944779,0)        (-0.0178728,0)      (-0.628556,0)       (0.590553,0)        (-0.01,0)           
(0.9117,0)          (-0.0498632,0)      (-0.570276,0)       (0.570409,0)        (-0.04,0)           
(0.966278,0)        (0.1161,0)          (-0.668047,0)       (0.488689,0)        (0.05,0)            
(0.910406,0)        (0.00280312,0)      (-0.60794,0)        (0.550519,0)        (-0.03,0)           
(0.972423,0)        (-0.0698589,0)      (-0.590075,0)       (0.609,0)           (-0.02,0)           
(0.901915,0)        (-0.221189,0)       (-0.371238,0)       (0.565461,0)        (-0.15,0)           
(0.886341,0)        (-0.0580232,0)      (-0.528114,0)       (0.540422,0)        (-0.09,0)           
(0.889256,0)        (0.0133834,0)       (-0.604095,0)       (0.536135,0)        (-0.04,0)           
(1.05942,0)         (-0.200749,0)       (-0.458306,0)       (0.623692,0)        (-0.04,0)           
(0.971478,0)        (0.0520799,0)       (-0.665762,0)       (0.552464,0)        (0.04,0)            
(0.985853,0)        (0.0456041,0)       (-0.596437,0)       (0.496019,0)        (0.01,0)            
(0.975828,0)        (0.164408,0)        (-0.771144,0)       (0.532846,0)        (0.11,0)            
(0.967082,0)        (-0.0747912,0)      (-0.540094,0)       (0.568577,0)        (-0.04,0)           
(0.932944,0)        (-0.00637815,0)     (-0.617796,0)       (0.568935,0)        (-0.01,0)           
(0.845145,0)        (-0.097744,0)       (-0.407832,0)       (0.47179,0)         (-0.16,0)           
(0.931416,0)        (-0.126,0)          (-0.52992,0)        (0.611992,0)        (-0.05,0)           
(0.945128,0)        (0.101358,0)        (-0.67279,0)        (0.508172,0)        (0.04,0)            
(0.952425,0)        (-0.105617,0)       (-0.493923,0)       (0.558256,0)        (-0.07,0)           
(0.8595,0)          (-0.246542,0)       (-0.420737,0)       (0.6366,0)          (-0.17,0)           
(0.966941,0)        (-0.193014,0)       (-0.458229,0)       (0.615666,0)        (-0.07,0)           
(0.982087,0)        (0.0752647,0)       (-0.6305,0)         (0.496516,0)        (0.04,0)            
(0.97633,0)         (-0.105848,0)       (-0.610654,0)       (0.664753,0)        (-0.02,0)           
(0.97247,0)         (-0.105274,0)       (-0.604148,0)       (0.65824,0)         (-0.01,0)           
(0.961787,0)        (-0.0901591,0)      (-0.507293,0)       (0.554526,0)        (-0.05,0)           
(0.894456,0)        (0.0246439,0)       (-0.599433,0)       (0.520308,0)        (-0.05,0)           
(0.898524,0)        (-0.000245448,0)    (-0.576896,0)       (0.525395,0)        (-0.04,0)           
(0.858697,0)        (-0.105609,0)       (-0.542478,0)       (0.602448,0)        (-0.08,0)           
(0.949999,0)        (-0.189016,0)       (-0.501289,0)       (0.650751,0)        (-0.04,0)           
(0.932944,0)        (-0.00637815,0)     (-0.617796,0)       (0.568935,0)        (-0.01,0)           
(0.958397,0)        (0.0558472,0)       (-0.703634,0)       (0.583063,0)        (0.06,0)            
(0.970895,0)        (-0.139867,0)       (-0.520105,0)       (0.61732,0)         (-0.06,0)           
(0.883868,0)        (-0.031071,0)       (-0.530724,0)       (0.515074,0)        (-0.07,0)           
(0.94579,0)         (-0.0828616,0)      (-0.478501,0)       (0.52081,0)         (-0.08,0)           
(0.920874,0)        (0.0073373,0)       (-0.51493,0)        (0.461188,0)        (-0.06,0)           
(0.953718,0)        (-0.0833462,0)      (-0.465576,0)       (0.509543,0)        (-0.08,0)           
(1.02462,0)         (0.127164,0)        (-0.72792,0)        (0.53181,0)         (0.11,0)            
(0.965835,0)        (-0.107497,0)       (-0.585621,0)       (0.643662,0)        (-0.02,0)           
(0.950897,0)        (-0.150645,0)       (-0.427058,0)       (0.543709,0)        (-0.11,0)           
(0.954537,0)        (0.156337,0)        (-0.70955,0)        (0.48508,0)         (0.07,0)            
(0.94059,0)         (-0.0441642,0)      (-0.489374,0)       (0.490902,0)        (-0.07,0)           
(0.968516,0)        (-0.133786,0)       (-0.557073,0)       (0.644717,0)        (-0.02,0)           
(0.976585,0)        (0.034254,0)        (-0.62053,0)        (0.529627,0)        (0.01,0)            
(0.935765,0)        (0.110879,0)        (-0.662525,0)       (0.489034,0)        (0.02,0)            
(0.949176,0)        (0.133977,0)        (-0.757329,0)       (0.551573,0)        (0.07,0)            
(0.916618,0)        (-0.125862,0)       (-0.443906,0)       (0.533551,0)        (-0.11,0)           
(0.952566,0)        (-0.086966,0)       (-0.551671,0)       (0.591639,0)        (-0.04,0)           
(0.964844,0)        (0.0498561,0)       (-0.647234,0)       (0.537886,0)        (0.03,0)            
(0.940241,0)        (-0.213352,0)       (-0.438929,0)       (0.619019,0)        (-0.12,0)           
(0.963597,0)        (0.0924305,0)       (-0.690383,0)       (0.53337,0)         (0.05,0)            
(0.946213,0)        (0.0480273,0)       (-0.661063,0)       (0.552355,0)        (0.01,0)            
(0.921203,0)        (0.0841608,0)       (-0.653817,0)       (0.508591,0)        (0.01,0)            
(0.92464,0)         (-0.0473023,0)      (-0.477761,0)       (0.483559,0)        (-0.09,0)           
(0.930471,0)        (0.0458968,0)       (-0.611818,0)       (0.50972,0)         (0.01,0)            
(0.921156,0)        (0.0945966,0)       (-0.636638,0)       (0.482218,0)        (0,0)               
(0.939391,0)        (-0.0623272,0)      (-0.555185,0)       (0.569493,0)        (-0.04,0)           
(0.881187,0)        (-0.0793757,0)      (-0.538261,0)       (0.571624,0)        (-0.07,0)           
(0.949952,0)        (-0.0786645,0)      (-0.496533,0)       (0.532908,0)        (-0.05,0)           
(0.917041,0)        (-0.019952,0)       (-0.623362,0)       (0.587964,0)        (-0.02,0)           
(1.00823,0)         (-0.0992277,0)      (-0.622187,0)       (0.668441,0)        (0.02,0)            
(0.838793,0)        (0.0122705,0)       (-0.514118,0)       (0.455374,0)        (-0.11,0)           
(0.912993,0)        (-0.0775506,0)      (-0.535717,0)       (0.567431,0)        (-0.05,0)           
(0.911163,0)        (-0.227266,0)       (-0.444904,0)       (0.63877,0)         (-0.13,0)           
(0.894128,0)        (-0.252011,0)       (-0.4357,0)         (0.655846,0)        (-0.12,0)           
(0.89709,0)         (0.00879127,0)      (-0.553706,0)       (0.49499,0)         (-0.06,0)           
(0.920686,0)        (-0.225688,0)       (-0.412052,0)       (0.607242,0)        (-0.1,0)            
(0.936428,0)        (-0.173256,0)       (-0.455814,0)       (0.593143,0)        (-0.1,0)            
(0.999357,0)        (-0.00212706,0)     (-0.719387,0)       (0.657039,0)        (0.08,0)            
(0.923253,0)        (-0.148617,0)       (-0.459328,0)       (0.570997,0)        (-0.1,0)            
(0.904924,0)        (0.00419915,0)      (-0.503317,0)       (0.453845,0)        (-0.08,0)           
(0.986041,0)        (0.053819,0)        (-0.671364,0)       (0.555775,0)        (0.05,0)            
(0.928735,0)        (-0.0500974,0)      (-0.576374,0)       (0.5762,0)          (-0.05,0)           
(0.90396,0)         (0.0587522,0)       (-0.670551,0)       (0.549961,0)        (0,0)               
(0.948847,0)        (0.00719575,0)      (-0.612231,0)       (0.549905,0)        (0,0)               
(0.934472,0)        (0.0636295,0)       (-0.687767,0)       (0.560615,0)        (0.03,0)            
(0.882762,0)        (0.0547892,0)       (-0.646421,0)       (0.532072,0)        (-0.02,0)           
(0.952613,0)        (-0.0224649,0)      (-0.578167,0)       (0.549408,0)        (-0.03,0)           
(0.924875,0)        (-0.0245442,0)      (-0.572973,0)       (0.546819,0)        (-0.04,0)           
(0.939532,0)        (-0.118613,0)       (-0.603617,0)       (0.671478,0)        (-0.01,0)           
(1.00275,0)         (-0.148133,0)       (-0.523046,0)       (0.628502,0)        (-0.03,0)           
(0.900194,0)        (0.16335,0)         (-0.713932,0)       (0.481855,0)        (0.03,0)            
(0.864085,0)        (-0.0115406,0)      (-0.633754,0)       (0.588772,0)        (-0.05,0)           
(0.932093,0)        (0.169626,0)        (-0.737158,0)       (0.496541,0)        (0.07,0)            
(0.963108,0)        (-0.0957522,0)      (-0.593884,0)       (0.639102,0)        (-0.03,0)           
(0.975103,0)        (-0.0461894,0)      (-0.567739,0)       (0.56432,0)         (-0.02,0)           
(0.936871,0)        (0.0499976,0)       (-0.549934,0)       (0.449169,0)        (-0.03,0)           
(0.996348,0)        (-0.10262,0)        (-0.602836,0)       (0.654316,0)        (0.01,0)            
(0.966184,0)        (0.0616908,0)       (-0.636066,0)       (0.515546,0)        (0.03,0)            
(1.00338,0)         (0.158272,0)        (-0.701411,0)       (0.47568,0)         (0.08,0)            
(0.87931,0)         (-0.219,0)          (-0.441962,0)       (0.627588,0)        (-0.16,0)           
(0.967806,0)        (0.235722,0)        (-0.755923,0)       (0.445633,0)        (0.09,0)            
(0.904101,0)        (0.127361,0)        (-0.734511,0)       (0.537608,0)        (0.03,0)            
(0.984701,0)        (0.0419842,0)       (-0.682532,0)       (0.578115,0)        (0.05,0)            
(0.922637,0)        (0.0751241,0)       (-0.677007,0)       (0.538996,0)        (0.03,0)            
(0.879659,0)        (-0.124748,0)       (-0.48309,0)        (0.568075,0)        (-0.11,0)           
(0.946354,0)        (0.066678,0)        (-0.718811,0)       (0.585738,0)        (0.04,0)            
(0.9105,0)          (0.0568685,0)       (-0.651615,0)       (0.534661,0)        (-0.01,0)           
(0.967035,0)        (-0.114313,0)       (-0.516704,0)       (0.587939,0)        (-0.05,0)           
(0.931557,0)        (-0.00777717,0)     (-0.611786,0)       (0.564902,0)        (-0.02,0)           
(0.944116,0)        (0.216304,0)        (-0.829057,0)       (0.53218,0)         (0.11,0)            
(0.948894,0)        (0.0467179,0)       (-0.635621,0)       (0.530543,0)        (0.01,0)            
(0.88935,0)         (0.0174909,0)       (-0.641559,0)       (0.566012,0)        (-0.02,0)           
(0.938901,0)        (-0.200208,0)       (-0.453203,0)       (0.618491,0)        (-0.12,0)           
(0.953083,0)        (0.0979882,0)       (-0.777908,0)       (0.607326,0)        (0.07,0)            
(0.85044,0)         (-0.132334,0)       (-0.434422,0)       (0.531576,0)        (-0.15,0)           
(0.940919,0)        (-0.0422775,0)      (-0.618944,0)       (0.606908,0)        (0,0)               
(0.928943,0)        (0.0504823,0)       (-0.562859,0)       (0.460436,0)        (-0.03,0)           
(0.971243,0)        (0.0293217,0)       (-0.57055,0)        (0.489204,0)        (-0.01,0)           
(0.983125,0)        (-0.117503,0)       (-0.58296,0)        (0.651533,0)        (0,0)               
(0.94494,0)         (0.118122,0)        (-0.600968,0)       (0.425549,0)        (0,0)               
(1.05996,0)         (-0.0733035,0)      (-0.577467,0)       (0.601066,0)        (0.05,0)            
(0.931416,0)        (-0.0264278,0)      (-0.554037,0)       (0.53152,0)         (-0.05,0)           
(0.937956,0)        (-0.0532905,0)      (-0.531996,0)       (0.539088,0)        (-0.06,0)           
(0.871496,0)        (-0.172001,0)       (-0.397698,0)       (0.538949,0)        (-0.16,0)           
(0.93925,0)         (-0.130936,0)       (-0.491226,0)       (0.581845,0)        (-0.07,0)           
(0.930169,0)        (-0.00917619,0)     (-0.605775,0)       (0.56087,0)         (-0.03,0)           
(0.926168,0)        (-0.00227367,0)     (-0.544626,0)       (0.498106,0)        (-0.05,0)           
(0.986088,0)        (0.143299,0)        (-0.700966,0)       (0.490677,0)        (0.06,0)            
(0.918381,0)        (0.0418406,0)       (-0.618405,0)       (0.519889,0)        (-0.02,0)           
(0.963315,0)        (-0.0701094,0)      (-0.571052,0)       (0.591941,0)        (-0.01,0)           
(0.914125,0)        (-0.0414008,0)      (-0.553592,0)       (0.546517,0)        (-0.07,0)           
(0.948706,0)        (0.013524,0)        (-0.557588,0)       (0.493655,0)        (-0.03,0)           
(0.952754,0)        (0.0211647,0)       (-0.639021,0)       (0.559923,0)        (0,0)               
(0.984372,0)        (-0.0348393,0)      (-0.543645,0)       (0.530712,0)        (-0.02,0)           
(0.859594,0)        (-0.26707,0)        (-0.443401,0)       (0.678346,0)        (-0.15,0)           
(0.883727,0)        (-0.124659,0)       (-0.463659,0)       (0.550294,0)        (-0.1,0)            
(1.03112,0)         (0.0854144,0)       (-0.697287,0)       (0.546872,0)        (0.09,0)            
(0.960984,0)        (0.0254514,0)       (-0.637622,0)       (0.55424,0)         (0.04,0)            
(0.951621,0)        (0.0599517,0)       (-0.630463,0)       (0.512235,0)        (0.02,0)            
(1.04361,0)         (-0.185236,0)       (-0.504441,0)       (0.649732,0)        (-0.03,0)           
(1.00046,0)         (-0.0876435,0)      (-0.591995,0)       (0.629042,0)        (0.03,0)            
(0.924828,0)        (-0.0141084,0)      (-0.555794,0)       (0.520447,0)        (-0.05,0)           
(0.970613,0)        (-0.252105,0)       (-0.395291,0)       (0.619158,0)        (-0.12,0)           
(0.982181,0)        (0.179288,0)        (-0.680386,0)       (0.434923,0)        (0.06,0)            
(0.956822,0)        (0.0961912,0)       (-0.628907,0)       (0.47354,0)         (0.01,0)            
(0.979077,0)        (-0.0502073,0)      (-0.510844,0)       (0.516662,0)        (-0.03,0)           
(0.853214,0)        (-0.02962,0)        (-0.458866,0)       (0.44817,0)         (-0.13,0)           
(0.932944,0)        (0.0435798,0)       (-0.624008,0)       (0.523199,0)        (-0.01,0)           
(0.991335,0)        (0.069187,0)        (-0.704166,0)       (0.569825,0)        (0.06,0)            
(0.895468,0)        (-0.140261,0)       (-0.436955,0)       (0.542035,0)        (-0.12,0)           
(0.957907,0)        (-0.0570548,0)      (-0.604757,0)       (0.609194,0)        (-0.02,0)           
(0.900241,0)        (0.177893,0)        (-0.734217,0)       (0.48536,0)         (0.04,0)            
(0.992441,0)        (0.0582636,0)       (-0.597785,0)       (0.484225,0)        (0.01,0)            
(0.927415,0)        (0.00545363,0)      (-0.495994,0)       (0.445889,0)        (-0.07,0)           
(0.9053,0)          (0.045608,0)        (-0.656278,0)       (0.550488,0)        (0,0)               
(0.85865,0)         (-0.120496,0)       (-0.533887,0)       (0.609941,0)        (-0.09,0)           
(1.00714,0)         (0.00371655,0)      (-0.651819,0)       (0.589521,0)        (0.05,0)            
(0.900856,0)        (-0.0958063,0)      (-0.510326,0)       (0.563096,0)        (-0.09,0)           
(0.989525,0)        (-0.0631009,0)      (-0.515593,0)       (0.534248,0)        (-0.04,0)           
(0.966278,0)        (0.140735,0)        (-0.682847,0)       (0.47682,0)         (0.05,0)            
(0.92765,0)         (0.0282118,0)       (-0.591206,0)       (0.509149,0)        (-0.02,0)           
(0.992233,0)        (-0.117253,0)       (-0.601983,0)       (0.668592,0)        (-0.01,0)           
(0.913322,0)        (0.0991887,0)       (-0.687027,0)       (0.523363,0)        (0.02,0)            
(0.988722,0)        (0.0774885,0)       (-0.649028,0)       (0.511094,0)        (0.05,0)            
(0.928782,0)        (-0.0605331,0)      (-0.593553,0)       (0.602573,0)        (-0.04,0)           
(0.935484,0)        (-0.0013593,0)      (-0.537712,0)       (0.490872,0)        (-0.04,0)           
(0.885396,0)        (0.0888945,0)       (-0.606906,0)       (0.461019,0)        (-0.03,0)           
(0.919769,0)        (0.0682186,0)       (-0.627522,0)       (0.501053,0)        (-0.01,0)           
(0.967222,0)        (-0.106098,0)       (-0.591631,0)       (0.647695,0)        (-0.01,0)           
(0.937153,0)        (0.0373411,0)       (-0.659219,0)       (0.561669,0)        (0.03,0)            
(0.963315,0)        (0.0298064,0)       (-0.583475,0)       (0.500471,0)        (-0.01,0)           
(0.887775,0)        (-0.042081,0)       (-0.554409,0)       (0.54796,0)         (-0.07,0)           
(0.995952,0)        (-0.136478,0)       (-0.550741,0)       (0.641722,0)        (-0.05,0)           
(0.967316,0)        (-0.0020751,0)      (-0.641518,0)       (0.586102,0)        (0.01,0)            
(0.864955,0)        (-0.120159,0)       (-0.422845,0)       (0.508514,0)        (-0.15,0)           
(0.936381,0)        (-0.262736,0)       (-0.426212,0)       (0.658241,0)        (-0.11,0)           
(0.992441,0)        (0.00830569,0)      (-0.591574,0)       (0.52996,0)         (0.01,0)            
(0.912946,0)        (-0.0671149,0)      (-0.518538,0)       (0.541058,0)        (-0.06,0)           
(0.801297,0)        (-0.213977,0)       (-0.421718,0)       (0.603994,0)        (-0.2,0)            
(0.98336,0)         (0.0801074,0)       (-0.699912,0)       (0.55472,0)         (0.05,0)            
(0.892975,0)        (-0.0807784,0)      (-0.543536,0)       (0.577868,0)        (-0.08,0)           
(0.940731,0)        (-0.000534531,0)    (-0.550228,0)       (0.501417,0)        (-0.04,0)           
(0.905112,0)        (0.037393,0)        (-0.58135,0)        (0.490733,0)        (-0.04,0)           
(0.891984,0)        (0.0266172,0)       (-0.598938,0)       (0.517827,0)        (-0.03,0)           
(0.93925,0)         (-0.155915,0)       (-0.48812,0)        (0.604713,0)        (-0.07,0)           
(0.997943,0)        (0.0992744,0)       (-0.607755,0)       (0.451114,0)        (0.04,0)            
(0.943881,0)        (0.143588,0)        (-0.727633,0)       (0.514654,0)        (0.06,0)            
(0.959201,0)        (-0.0594195,0)      (-0.56161,0)        (0.57235,0)         (-0.03,0)           
(0.958209,0)        (0.0975902,0)       (-0.634918,0)       (0.477573,0)        (0.02,0)            
(0.969554,0)        (-0.176336,0)       (-0.516473,0)       (0.651529,0)        (-0.06,0)           
(0.912993,0)        (0.0473441,0)       (-0.551246,0)       (0.453093,0)        (-0.05,0)           
(0.88801,0)         (0.0306351,0)       (-0.655833,0)       (0.565485,0)        (-0.02,0)           
(0.862952,0)        (0.102183,0)        (-0.634514,0)       (0.47248,0)         (-0.03,0)           
(0.928849,0)        (-0.103499,0)       (-0.506761,0)       (0.567764,0)        (-0.05,0)           
(0.963061,0)        (-0.135274,0)       (-0.570493,0)       (0.658465,0)        (-0.04,0)           
(0.946166,0)        (0.0334841,0)       (-0.640778,0)       (0.54885,0)         (0,0)               
(0.968704,0)        (0.0243029,0)       (-0.650634,0)       (0.567267,0)        (0.02,0)            
(0.897466,0)        (0.0755229,0)       (-0.698078,0)       (0.557767,0)        (0.02,0)            
(0.879706,0)        (-0.0352681,0)      (-0.512692,0)       (0.502977,0)        (-0.1,0)            
(1.00987,0)         (0.0419293,0)       (-0.649767,0)       (0.548346,0)        (0.06,0)            
(0.865143,0)        (-0.0869651,0)      (-0.500878,0)       (0.545401,0)        (-0.11,0)           
(0.965741,0)        (-0.111605,0)       (-0.548157,0)       (0.613785,0)        (-0.04,0)           
(0.952801,0)        (-0.0392289,0)      (-0.649989,0)       (0.632031,0)        (0.01,0)            
(0.927556,0)        (-0.0508325,0)      (-0.544425,0)       (0.547874,0)        (-0.04,0)           
(0.985994,0)        (0.0892337,0)       (-0.657291,0)       (0.506534,0)        (0.04,0)            
(0.951621,0)        (0.0849306,0)       (-0.633569,0)       (0.489367,0)        (0.02,0)            
(0.881944,0)        (-0.28481,0)        (-0.390024,0)       (0.648006,0)        (-0.17,0)           
(0.921015,0)        (-0.0239699,0)      (-0.566467,0)       (0.540306,0)        (-0.03,0)           
(0.95132,0)         (-0.0697144,0)      (-0.603409,0)       (0.620989,0)        (-0.02,0)           
(0.907887,0)        (0.0152121,0)       (-0.590266,0)       (0.521665,0)        (-0.02,0)           
(0.923629,0)        (-0.0572504,0)      (-0.6185,0)         (0.621905,0)        (-0.02,0)           
(0.958303,0)        (0.151656,0)        (-0.678593,0)       (0.461715,0)        (0.04,0)            
(0.93285,0)         (-0.0104856,0)      (-0.580333,0)       (0.539057,0)        (-0.03,0)           
(1.00409,0)         (-0.185913,0)       (-0.493972,0)       (0.640898,0)        (-0.03,0)           
(0.879894,0)        (0.0229048,0)       (-0.593831,0)       (0.516997,0)        (-0.06,0)           
(0.931463,0)        (-0.0368636,0)      (-0.571216,0)       (0.557892,0)        (-0.04,0)           
(0.965694,0)        (-0.126148,0)       (-0.527872,0)       (0.61028,0)         (-0.05,0)           
(0.976491,0)        (0.00516753,0)      (-0.579961,0)       (0.522617,0)        (-0.01,0)           
(0.911982,0)        (0.112333,0)        (-0.701301,0)       (0.522836,0)        (0.02,0)            
(0.903678,0)        (-0.078465,0)       (-0.542632,0)       (0.574666,0)        (-0.06,0)           
(0.920525,0)        (-0.161851,0)       (-0.464485,0)       (0.589305,0)        (-0.11,0)           
(0.904716,0)        (-0.171317,0)       (-0.507515,0)       (0.638212,0)        (-0.1,0)            
(1.00025,0)         (-0.0886511,0)      (-0.629627,0)       (0.664334,0)        (0.01,0)            
(0.972047,0)        (-0.186205,0)       (-0.427798,0)       (0.58096,0)         (-0.1,0)            
(0.920854,0)        (-0.0350695,0)      (-0.609584,0)       (0.590972,0)        (-0.04,0)           
(0.855828,0)        (-0.112858,0)       (-0.504687,0)       (0.575504,0)        (-0.12,0)           
(0.952707,0)        (0.0316005,0)       (-0.621842,0)       (0.533551,0)        (-0.01,0)           
(0.944732,0)        (-0.00743705,0)     (-0.611377,0)       (0.564181,0)        (-0.02,0)           
(0.930424,0)        (0.0310098,0)       (-0.603228,0)       (0.517214,0)        (0,0)               
(0.867824,0)        (-0.0882745,0)      (-0.475436,0)       (0.523589,0)        (-0.11,0)           
(0.951434,0)        (0.00177885,0)      (-0.549325,0)       (0.498215,0)        (-0.02,0)           
(0.900742,0)        (-0.142321,0)       (-0.567515,0)       (0.663002,0)        (-0.09,0)           
(0.935323,0)        (-0.0873957,0)      (-0.571511,0)       (0.610141,0)        (-0.05,0)           
(0.899677,0)        (-0.0715625,0)      (-0.481483,0)       (0.511902,0)        (-0.08,0)           
(0.957833,0)        (-0.0936924,0)      (-0.463323,0)       (0.518136,0)        (-0.06,0)           
(0.975452,0)        (0.0980199,0)       (-0.615078,0)       (0.459071,0)        (0.03,0)            
(0.954047,0)        (-0.00652269,0)     (-0.604463,0)       (0.556946,0)        (-0.01,0)           
(0.975385,0)        (0.0410699,0)       (-0.689447,0)       (0.58535,0)         (0.04,0)            
