8
e_L                 onsite              nnhop               ospair              ophop               nnJastrow           nnnJastrow          
(0.976941,0)        (0.193501,0)        (-0.358955,0)       (0.582041,0)        (-0.408513,0)       (0.18,0)            (0.32,0)            
(1.00897,0)         (0.190227,0)        (-0.380858,0)       (0.582872,0)        (-0.383433,0)       (0.24,0)            (0.24,0)            
(1.00453,0)         (0.109106,0)        (-0.300792,0)       (0.649492,0)        (-0.450963,0)       (0.15,0)            (0.18,0)            
(0.980258,0)        (0.202249,0)        (-0.300803,0)       (0.532248,0)        (-0.427443,0)       (0.14,0)            (0.26,0)            
(0.981525,0)        (0.32539,0)         (-0.411134,0)       (0.466956,0)        (-0.372436,0)       (0.23,0)            (0.34,0)            
(0.994246,0)        (0.202689,0)        (-0.375337,0)       (0.594611,0)        (-0.413487,0)       (0.2,0)             (0.27,0)            
(1.02642,0)         (0.182781,0)        (-0.352991,0)       (0.592284,0)        (-0.414115,0)       (0.22,0)            (0.15,0)            
(1.01645,0)         (0.120979,0)        (-0.299346,0)       (0.609582,0)        (-0.424426,0)       (0.18,0)            (0.15,0)            
(0.998923,0)        (0.0903723,0)       (-0.270496,0)       (0.638455,0)        (-0.452251,0)       (0.13,0)            (0.18,0)            
(1.00728,0)         (0.229331,0)        (-0.43054,0)        (0.58213,0)         (-0.370893,0)       (0.27,0)            (0.28,0)            
(1.00469,0)         (0.172543,0)        (-0.343566,0)       (0.586975,0)        (-0.408183,0)       (0.2,0)             (0.22,0)            
(1.02908,0)         (0.220017,0)        (-0.415115,0)       (0.59341,0)         (-0.388721,0)       (0.27,0)            (0.19,0)            
(0.968563,0)        (0.211794,0)        (-0.314719,0)       (0.530715,0)        (-0.421181,0)       (0.14,0)            (0.31,0)            
(0.987241,0)        (0.202458,0)        (-0.376886,0)       (0.562462,0)        (-0.379416,0)       (0.22,0)            (0.31,0)            
(0.987526,0)        (0.169187,0)        (-0.28839,0)        (0.556144,0)        (-0.430832,0)       (0.14,0)            (0.23,0)            
(0.979902,0)        (0.277539,0)        (-0.419604,0)       (0.517492,0)        (-0.366046,0)       (0.24,0)            (0.36,0)            
(0.998923,0)        (0.157775,0)        (-0.286856,0)       (0.593148,0)        (-0.457997,0)       (0.13,0)            (0.18,0)            
(1.00506,0)         (0.177326,0)        (-0.311787,0)       (0.542373,0)        (-0.401091,0)       (0.19,0)            (0.2,0)             
(0.988615,0)        (0.318739,0)        (-0.455394,0)       (0.491025,0)        (-0.344169,0)       (0.28,0)            (0.36,0)            
(0.993505,0)        (0.170235,0)        (-0.281454,0)       (0.537682,0)        (-0.420537,0)       (0.15,0)            (0.21,0)            
(1.00093,0)         (0.312949,0)        (-0.339082,0)       (0.423551,0)        (-0.390722,0)       (0.2,0)             (0.22,0)            
(1.01196,0)         (0.206885,0)        (-0.347513,0)       (0.565565,0)        (-0.417318,0)       (0.2,0)             (0.19,0)            
(0.972884,0)        (0.152299,0)        (-0.323225,0)       (0.574905,0)        (-0.396633,0)       (0.17,0)            (0.32,0)            
(0.984387,0)        (0.156496,0)        (-0.295322,0)       (0.590662,0)        (-0.445473,0)       (0.13,0)            (0.24,0)            
(1.0232,0)          (0.0196976,0)       (-0.275939,0)       (0.740596,0)        (-0.477687,0)       (0.14,0)            (0.1,0)             
(1.00878,0)         (0.181502,0)        (-0.361417,0)       (0.612199,0)        (-0.424096,0)       (0.2,0)             (0.21,0)            
(1.00772,0)         (0.281965,0)        (-0.390271,0)       (0.498193,0)        (-0.381443,0)       (0.24,0)            (0.24,0)            
(0.982992,0)        (0.219933,0)        (-0.338076,0)       (0.539346,0)        (-0.413945,0)       (0.17,0)            (0.28,0)            
(1.00328,0)         (0.110973,0)        (-0.288391,0)       (0.625221,0)        (-0.441313,0)       (0.15,0)            (0.18,0)            
(1.01337,0)         (0.22352,0)         (-0.391781,0)       (0.557523,0)        (-0.380357,0)       (0.25,0)            (0.23,0)            
(1.00351,0)         (0.132391,0)        (-0.30086,0)        (0.583778,0)        (-0.408513,0)       (0.18,0)            (0.2,0)             
(0.978252,0)        (0.0695424,0)       (-0.254031,0)       (0.686743,0)        (-0.496633,0)       (0.07,0)            (0.22,0)            
(1.00601,0)         (0.128657,0)        (-0.325663,0)       (0.632319,0)        (-0.427815,0)       (0.18,0)            (0.2,0)             
(0.981511,0)        (0.155447,0)        (-0.302298,0)       (0.586723,0)        (-0.433263,0)       (0.14,0)            (0.26,0)            
(1.02787,0)         (0.234575,0)        (-0.395741,0)       (0.557023,0)        (-0.386933,0)       (0.26,0)            (0.18,0)            
(0.991441,0)        (0.159621,0)        (-0.352008,0)       (0.611745,0)        (-0.411258,0)       (0.19,0)            (0.27,0)            
(1.00467,0)         (0.352262,0)        (-0.464827,0)       (0.464223,0)        (-0.341408,0)       (0.3,0)             (0.31,0)            
(0.991847,0)        (0.199563,0)        (-0.318711,0)       (0.539925,0)        (-0.413945,0)       (0.17,0)            (0.24,0)            
(0.987513,0)        (0.0441789,0)       (-0.190461,0)       (0.645707,0)        (-0.49549,0)        (0.05,0)            (0.15,0)            
(0.995833,0)        (0.192913,0)        (-0.362931,0)       (0.586396,0)        (-0.408183,0)       (0.2,0)             (0.26,0)            
(1.0076,0)          (0.163817,0)        (-0.324165,0)       (0.5939,0)          (-0.426341,0)       (0.18,0)            (0.19,0)            
(1.00451,0)         (0.288825,0)        (-0.422054,0)       (0.526739,0)        (-0.384188,0)       (0.25,0)            (0.27,0)            
(1.00453,0)         (0.109106,0)        (-0.300792,0)       (0.649492,0)        (-0.450963,0)       (0.15,0)            (0.18,0)            
(1.00481,0)         (0.290692,0)        (-0.409672,0)       (0.491268,0)        (-0.363285,0)       (0.26,0)            (0.27,0)            
(1.01524,0)         (0.11307,0)         (-0.274519,0)       (0.588297,0)        (-0.420723,0)       (0.17,0)            (0.14,0)            
(0.99001,0)         (0.210367,0)        (-0.401733,0)       (0.572545,0)        (-0.371867,0)       (0.24,0)            (0.32,0)            
(1.01199,0)         (0.152173,0)        (-0.324181,0)       (0.598755,0)        (-0.419435,0)       (0.19,0)            (0.18,0)            
(1.0149,0)          (0.0985114,0)       (-0.293873,0)       (0.635884,0)        (-0.433763,0)       (0.17,0)            (0.15,0)            
(1.01771,0)         (0.164048,0)        (-0.322655,0)       (0.603648,0)        (-0.437907,0)       (0.18,0)            (0.15,0)            
(1.01,0)            (0.189411,0)        (-0.386244,0)       (0.633484,0)        (-0.427799,0)       (0.21,0)            (0.22,0)            
(1.00303,0)         (0.201871,0)        (-0.380822,0)       (0.589218,0)        (-0.401591,0)       (0.22,0)            (0.25,0)            
(0.993113,0)        (0.345172,0)        (-0.434494,0)       (0.459531,0)        (-0.360854,0)       (0.26,0)            (0.32,0)            
(1.01188,0)         (0.203969,0)        (-0.366911,0)       (0.574695,0)        (-0.403506,0)       (0.22,0)            (0.21,0)            
(0.991847,0)        (0.177095,0)        (-0.313257,0)       (0.555027,0)        (-0.41203,0)        (0.17,0)            (0.24,0)            
(0.979519,0)        (0.125281,0)        (-0.348001,0)       (0.666758,0)        (-0.435881,0)       (0.16,0)            (0.3,0)             
(0.999413,0)        (0.280706,0)        (-0.321183,0)       (0.45284,0)         (-0.406007,0)       (0.18,0)            (0.21,0)            
(1.00919,0)         (0.15404,0)         (-0.311759,0)       (0.585685,0)        (-0.421037,0)       (0.18,0)            (0.18,0)            
(1.02342,0)         (0.130986,0)        (-0.310222,0)       (0.638745,0)        (-0.452549,0)       (0.17,0)            (0.12,0)            
(0.995798,0)        (0.225157,0)        (-0.38081,0)        (0.568308,0)        (-0.40415,0)        (0.21,0)            (0.27,0)            
(0.990081,0)        (0.280686,0)        (-0.398697,0)       (0.518109,0)        (-0.391424,0)       (0.22,0)            (0.3,0)             
(1.00188,0)         (0.196878,0)        (-0.336598,0)       (0.558803,0)        (-0.4117,0)         (0.19,0)            (0.22,0)            
(0.980187,0)        (0.199332,0)        (-0.3202,0)         (0.541378,0)        (-0.413631,0)       (0.16,0)            (0.28,0)            
(0.984387,0)        (0.11156,0)         (-0.284415,0)       (0.620866,0)        (-0.441643,0)       (0.13,0)            (0.24,0)            
(0.984592,0)        (0.3801,0)          (-0.434506,0)       (0.411365,0)        (-0.347814,0)       (0.26,0)            (0.35,0)            
(1.01234,0)         (0.38161,0)         (-0.42457,0)        (0.401197,0)        (-0.349399,0)       (0.28,0)            (0.25,0)            
(0.99137,0)         (0.246576,0)        (-0.393219,0)       (0.560467,0)        (-0.405108,0)       (0.21,0)            (0.29,0)            
(0.995749,0)        (0.0649892,0)       (-0.2844,0)         (0.685089,0)        (-0.459029,0)       (0.13,0)            (0.2,0)             
(0.972621,0)        (0.185592,0)        (-0.334088,0)       (0.583158,0)        (-0.427315,0)       (0.15,0)            (0.31,0)            
(1.02641,0)         (0.0577727,0)       (-0.255063,0)       (0.681846,0)        (-0.478772,0)       (0.13,0)            (0.07,0)            
(0.995954,0)        (0.311062,0)        (-0.429037,0)       (0.490689,0)        (-0.363285,0)       (0.26,0)            (0.31,0)            
(1.0236,0)          (0.104575,0)        (-0.253548,0)       (0.638572,0)        (-0.484205,0)       (0.12,0)            (0.07,0)            
(0.994509,0)        (0.236799,0)        (-0.380834,0)       (0.541052,0)        (-0.388551,0)       (0.22,0)            (0.28,0)            
(0.989868,0)        (0.316873,0)        (-0.467796,0)       (0.515296,0)        (-0.35382,0)        (0.28,0)            (0.36,0)            
(0.965304,0)        (0.0809542,0)       (-0.255545,0)       (0.66094,0)         (-0.480721,0)       (0.07,0)            (0.27,0)            
(0.985654,0)        (0.257169,0)        (-0.400199,0)       (0.540472,0)        (-0.388551,0)       (0.22,0)            (0.32,0)            
(1.01048,0)         (0.142398,0)        (-0.311736,0)       (0.612942,0)        (-0.436636,0)       (0.17,0)            (0.17,0)            
(0.984423,0)        (0.169188,0)        (-0.28835,0)        (0.578546,0)        (-0.453337,0)       (0.12,0)            (0.23,0)            
(0.979866,0)        (0.309782,0)        (-0.437483,0)       (0.499404,0)        (-0.362014,0)       (0.25,0)            (0.37,0)            
(0.984842,0)        (0.31167,0)         (-0.347528,0)       (0.432266,0)        (-0.389451,0)       (0.19,0)            (0.28,0)            
(0.999079,0)        (0.221213,0)        (-0.32963,0)        (0.530631,0)        (-0.415217,0)       (0.18,0)            (0.22,0)            
(0.98569,0)         (0.202458,0)        (-0.376866,0)       (0.573662,0)        (-0.390669,0)       (0.21,0)            (0.31,0)            
(0.995655,0)        (0.241792,0)        (-0.425058,0)       (0.571467,0)        (-0.378442,0)       (0.25,0)            (0.31,0)            
(0.966869,0)        (0.250897,0)        (-0.3644,0)         (0.529973,0)        (-0.408641,0)       (0.17,0)            (0.35,0)            
(0.986871,0)        (0.220143,0)        (-0.414119,0)       (0.591961,0)        (-0.388423,0)       (0.23,0)            (0.33,0)            
(1.00153,0)         (0.339571,0)        (-0.471759,0)       (0.49874,0)         (-0.356049,0)       (0.29,0)            (0.32,0)            
(0.988494,0)        (0.223059,0)        (-0.394742,0)       (0.57163,0)         (-0.390982,0)       (0.22,0)            (0.31,0)            
(0.984209,0)        (0.205375,0)        (-0.357449,0)       (0.575733,0)        (-0.415733,0)       (0.18,0)            (0.29,0)            
(1.01922,0)         (0.196291,0)        (-0.340554,0)       (0.574359,0)        (-0.422622,0)       (0.2,0)             (0.16,0)            
(0.977013,0)        (0.196417,0)        (-0.339558,0)       (0.57291,0)         (-0.422325,0)       (0.16,0)            (0.3,0)             
(1.00195,0)         (0.199794,0)        (-0.317201,0)       (0.549673,0)        (-0.425511,0)       (0.17,0)            (0.2,0)             
(1.00735,0)         (0.232247,0)        (-0.411143,0)       (0.572999,0)        (-0.384704,0)       (0.25,0)            (0.26,0)            
(0.99162,0)         (0.110742,0)        (-0.289881,0)       (0.626675,0)        (-0.440999,0)       (0.14,0)            (0.22,0)            
(0.985868,0)        (0.086176,0)        (-0.298379,0)       (0.633898,0)        (-0.414663,0)       (0.16,0)            (0.26,0)            
(1.0337,0)          (0.274727,0)        (-0.438507,0)       (0.526617,0)        (-0.352846,0)       (0.31,0)            (0.2,0)             
(1.00506,0)         (0.222261,0)        (-0.322694,0)       (0.512169,0)        (-0.404922,0)       (0.19,0)            (0.2,0)             
(1.00307,0)         (0.214563,0)        (-0.37385,0)        (0.577102,0)        (-0.409454,0)       (0.21,0)            (0.24,0)            
(0.989925,0)        (0.172313,0)        (-0.345016,0)       (0.61083,0)         (-0.430374,0)       (0.17,0)            (0.26,0)            
(0.982921,0)        (0.239485,0)        (-0.362926,0)       (0.533374,0)        (-0.402049,0)       (0.19,0)            (0.3,0)             
(0.987326,0)        (0.397785,0)        (-0.471778,0)       (0.418463,0)        (-0.334316,0)       (0.29,0)            (0.37,0)            
(1.00749,0)         (0.238079,0)        (-0.372348,0)       (0.554739,0)        (-0.412327,0)       (0.21,0)            (0.22,0)            
(0.983946,0)        (0.126329,0)        (-0.341045,0)       (0.659496,0)        (-0.436838,0)       (0.16,0)            (0.28,0)            
(0.994366,0)        (0.275902,0)        (-0.430535,0)       (0.529108,0)        (-0.364759,0)       (0.26,0)            (0.32,0)            
(0.984437,0)        (0.271728,0)        (-0.380825,0)       (0.504086,0)        (-0.386764,0)       (0.21,0)            (0.31,0)            
(0.997683,0)        (0.307118,0)        (-0.377837,0)       (0.464213,0)        (-0.385604,0)       (0.22,0)            (0.26,0)            
(1.01485,0)         (0.0282147,0)       (-0.219277,0)       (0.692257,0)        (-0.496303,0)       (0.09,0)            (0.08,0)            
(0.990402,0)        (0.170236,0)        (-0.281414,0)       (0.560084,0)        (-0.443042,0)       (0.13,0)            (0.21,0)            
(1.01035,0)         (0.328977,0)        (-0.464819,0)       (0.496334,0)        (-0.350101,0)       (0.3,0)             (0.29,0)            
(0.988828,0)        (0.237617,0)        (-0.375388,0)       (0.524042,0)        (-0.377943,0)       (0.22,0)            (0.3,0)             
(0.988864,0)        (0.227841,0)        (-0.362962,0)       (0.527028,0)        (-0.383891,0)       (0.21,0)            (0.29,0)            
(1.01333,0)         (0.278231,0)        (-0.415114,0)       (0.524333,0)        (-0.37824,0)        (0.26,0)            (0.24,0)            
(0.981462,0)        (0.0177466,0)       (-0.211341,0)       (0.688401,0)        (-0.490058,0)       (0.06,0)            (0.19,0)            
(1.00289,0)         (0.240974,0)        (-0.430524,0)       (0.577275,0)        (-0.377798,0)       (0.26,0)            (0.29,0)            
(1.01322,0)         (0.262623,0)        (-0.441483,0)       (0.545579,0)        (-0.356565,0)       (0.29,0)            (0.27,0)            
(0.964193,0)        (0.0886531,0)       (-0.204348,0)       (0.618409,0)        (-0.498693,0)       (0.03,0)            (0.23,0)            
(0.983647,0)        (0.191445,0)        (-0.2178,0)         (0.488427,0)        (-0.458269,0)       (0.08,0)            (0.18,0)            
(0.99883,0)         (0.267175,0)        (-0.411154,0)       (0.524832,0)        (-0.371664,0)       (0.25,0)            (0.29,0)            
(0.992828,0)        (0.378443,0)        (-0.522991,0)       (0.465848,0)        (-0.309438,0)       (0.34,0)            (0.4,0)             
(0.987036,0)        (0.0911916,0)       (-0.26497,0)        (0.666249,0)        (-0.486652,0)       (0.09,0)            (0.2,0)             
(1.01305,0)         (0.0292424,0)       (-0.289874,0)       (0.727863,0)        (-0.460173,0)       (0.15,0)            (0.15,0)            
(0.978778,0)        (0.115294,0)        (-0.259572,0)       (0.594727,0)        (-0.444846,0)       (0.11,0)            (0.24,0)            
(1.00756,0)         (0.173592,0)        (-0.33659,0)        (0.590914,0)        (-0.420393,0)       (0.19,0)            (0.2,0)             
(1.01621,0)         (0.234345,0)        (-0.397231,0)       (0.558476,0)        (-0.386619,0)       (0.25,0)            (0.22,0)            
(0.993136,0)        (0.142985,0)        (-0.30778,0)        (0.597386,0)        (-0.425714,0)       (0.16,0)            (0.23,0)            
(1.01042,0)         (0.309425,0)        (-0.439969,0)       (0.502305,0)        (-0.361997,0)       (0.28,0)            (0.27,0)            
(1.02044,0)         (0.181732,0)        (-0.359927,0)       (0.610746,0)        (-0.424409,0)       (0.21,0)            (0.17,0)            
(1.01938,0)         (0.259728,0)        (-0.383327,0)       (0.511842,0)        (-0.379841,0)       (0.25,0)            (0.2,0)             
(1.00026,0)         (0.21643,0)         (-0.361429,0)       (0.564032,0)        (-0.411056,0)       (0.2,0)             (0.24,0)            
(0.978529,0)        (0.22866,0)         (-0.357457,0)       (0.543622,0)        (-0.40704,0)        (0.18,0)            (0.31,0)            
(0.977347,0)        (0.233443,0)        (-0.325658,0)       (0.510221,0)        (-0.4112,0)         (0.16,0)            (0.29,0)            
(1.00996,0)         (0.154251,0)        (-0.387763,0)       (0.660702,0)        (-0.41802,0)        (0.22,0)            (0.23,0)            
(0.995762,0)        (0.189997,0)        (-0.382328,0)       (0.595526,0)        (-0.394371,0)       (0.22,0)            (0.28,0)            
(1.0019,0)          (0.321886,0)        (-0.434527,0)       (0.469241,0)        (-0.347042,0)       (0.28,0)            (0.3,0)             
(0.987085,0)        (0.139021,0)        (-0.334113,0)       (0.624978,0)        (-0.422197,0)       (0.17,0)            (0.27,0)            
(0.997577,0)        (0.336445,0)        (-0.415113,0)       (0.455256,0)        (-0.367759,0)       (0.25,0)            (0.29,0)            
(0.982992,0)        (0.242401,0)        (-0.343529,0)       (0.524244,0)        (-0.415861,0)       (0.17,0)            (0.28,0)            
(0.989925,0)        (0.0824424,0)       (-0.323202,0)       (0.671238,0)        (-0.422713,0)       (0.17,0)            (0.26,0)            
(0.997612,0)        (0.281734,0)        (-0.391781,0)       (0.488446,0)        (-0.369877,0)       (0.24,0)            (0.28,0)            
(1.01467,0)         (0.359353,0)        (-0.49514,0)        (0.480115,0)        (-0.333214,0)       (0.33,0)            (0.3,0)             
(0.954027,0)        (0.232982,0)        (-0.328638,0)       (0.513127,0)        (-0.410573,0)       (0.14,0)            (0.37,0)            
(1.00026,0)         (0.171494,0)        (-0.350522,0)       (0.594236,0)        (-0.407225,0)       (0.2,0)             (0.24,0)            
(1.01014,0)         (0.105372,0)        (-0.325636,0)       (0.675631,0)        (-0.44776,0)        (0.17,0)            (0.18,0)            
(1.00598,0)         (0.205836,0)        (-0.354449,0)       (0.584027,0)        (-0.427613,0)       (0.19,0)            (0.21,0)            
(0.990139,0)        (0.0911909,0)       (-0.26501,0)        (0.643847,0)        (-0.464148,0)       (0.11,0)            (0.2,0)             
(0.971212,0)        (0.0790865,0)       (-0.268006,0)       (0.651608,0)        (-0.456614,0)       (0.1,0)             (0.27,0)            
(0.980045,0)        (0.1935,0)          (-0.358995,0)       (0.559639,0)        (-0.386008,0)       (0.2,0)             (0.32,0)            
(1.01312,0)         (-0.0127769,0)      (-0.25957,0)        (0.748937,0)        (-0.470153,0)       (0.13,0)            (0.13,0)            
(1.00304,0)         (0.326879,0)        (-0.478751,0)       (0.499656,0)        (-0.336933,0)       (0.31,0)            (0.33,0)            
(1.00761,0)         (0.243889,0)        (-0.411186,0)       (0.534542,0)        (-0.357853,0)       (0.27,0)            (0.27,0)            
(1.01337,0)         (0.245987,0)        (-0.397235,0)       (0.542421,0)        (-0.382273,0)       (0.25,0)            (0.23,0)            
(1.00906,0)         (0.363087,0)        (-0.470297,0)       (0.453975,0)        (-0.336417,0)       (0.31,0)            (0.3,0)             
(0.988637,0)        (0.228891,0)        (-0.355947,0)       (0.553369,0)        (-0.418606,0)       (0.18,0)            (0.27,0)            
(1.01162,0)         (0.169859,0)        (-0.361413,0)       (0.628255,0)        (-0.428442,0)       (0.2,0)             (0.2,0)             
(0.973169,0)        (0.163964,0)        (-0.245636,0)       (0.538383,0)        (-0.45188,0)        (0.09,0)            (0.24,0)            
(1.00148,0)         (0.156936,0)        (-0.369895,0)       (0.630623,0)        (-0.409013,0)       (0.21,0)            (0.25,0)            
(1.01328,0)         (0.140531,0)        (-0.324157,0)       (0.626011,0)        (-0.435034,0)       (0.18,0)            (0.17,0)            
(0.996979,0)        (0.130503,0)        (-0.390795,0)       (0.662117,0)        (-0.392328,0)       (0.23,0)            (0.29,0)            
(0.996167,0)        (0.207471,0)        (-0.343577,0)       (0.538808,0)        (-0.395143,0)       (0.2,0)             (0.25,0)            
(0.987455,0)        (0.188738,0)        (-0.313241,0)       (0.550173,0)        (-0.418936,0)       (0.16,0)            (0.25,0)            
(1.01525,0)         (0.305481,0)        (-0.388808,0)       (0.453428,0)        (-0.361811,0)       (0.26,0)            (0.22,0)            
(0.981703,0)        (0.209108,0)        (-0.332646,0)       (0.527192,0)        (-0.396431,0)       (0.18,0)            (0.29,0)            
(0.992025,0)        (0.150684,0)        (-0.256583,0)       (0.554855,0)        (-0.443686,0)       (0.12,0)            (0.19,0)            
(1.01048,0)         (0.187333,0)        (-0.322643,0)       (0.582738,0)        (-0.440466,0)       (0.17,0)            (0.17,0)            
(0.986251,0)        (0.350773,0)        (-0.39725,0)        (0.409121,0)        (-0.354406,0)       (0.24,0)            (0.32,0)            
(1.00317,0)         (0.1403,0)          (-0.325667,0)       (0.616264,0)        (-0.423468,0)       (0.18,0)            (0.21,0)            
(0.991776,0)        (0.219115,0)        (-0.343561,0)       (0.533954,0)        (-0.402049,0)       (0.19,0)            (0.26,0)            
(0.98169,0)         (0.0391645,0)       (-0.22381,0)        (0.646958,0)        (-0.457258,0)       (0.09,0)            (0.21,0)            
(1.01902,0)         (0.402421,0)        (-0.518489,0)       (0.451779,0)        (-0.324191,0)       (0.35,0)            (0.3,0)             
(1.0167,0)          (0.119951,0)        (-0.228729,0)       (0.585176,0)        (-0.471809,0)       (0.11,0)            (0.08,0)            
(1.01052,0)         (0.280098,0)        (-0.402692,0)       (0.511263,0)        (-0.379842,0)       (0.25,0)            (0.24,0)            
(0.977062,0)        (0.266714,0)        (-0.414154,0)       (0.516538,0)        (-0.359784,0)       (0.24,0)            (0.37,0)            
(1.0065,0)          (0.274056,0)        (-0.365444,0)       (0.476909,0)        (-0.37774,0)        (0.23,0)            (0.23,0)            
(0.979054,0)        (0.341815,0)        (-0.379358,0)       (0.406299,0)        (-0.360998,0)       (0.22,0)            (0.33,0)            
(1.00174,0)         (0.213513,0)        (-0.380846,0)       (0.561962,0)        (-0.385992,0)       (0.23,0)            (0.26,0)            
(0.993185,0)        (0.325621,0)        (-0.409644,0)       (0.465503,0)        (-0.37275,0)        (0.24,0)            (0.3,0)             
(1.01063,0)         (0.205835,0)        (-0.354509,0)       (0.550425,0)        (-0.393855,0)       (0.22,0)            (0.21,0)            
(0.968492,0)        (0.208878,0)        (-0.334116,0)       (0.539846,0)        (-0.40737,0)        (0.16,0)            (0.33,0)            
(0.983063,0)        (0.177914,0)        (-0.307771,0)       (0.56042,0)         (-0.423926,0)       (0.15,0)            (0.26,0)            
(0.974649,0)        (0.22845,0)         (-0.281414,0)       (0.491007,0)        (-0.432561,0)       (0.12,0)            (0.26,0)            
(1.0062,0)          (0.204786,0)        (-0.361465,0)       (0.557686,0)        (-0.392898,0)       (0.22,0)            (0.23,0)            
(0.996061,0)        (0.304202,0)        (-0.397214,0)       (0.484544,0)        (-0.383045,0)       (0.23,0)            (0.28,0)            
(1.00472,0)         (0.207703,0)        (-0.342048,0)       (0.559757,0)        (-0.417962,0)       (0.19,0)            (0.21,0)            
(0.970913,0)        (0.0772202,0)       (-0.280388,0)       (0.68708,0)         (-0.477518,0)       (0.09,0)            (0.27,0)            
(1.00033,0)         (0.107007,0)        (-0.314764,0)       (0.630412,0)        (-0.415291,0)       (0.18,0)            (0.22,0)            
(1.01208,0)         (0.280098,0)        (-0.402712,0)       (0.500062,0)        (-0.368589,0)       (0.26,0)            (0.24,0)            
(0.980343,0)        (0.262769,0)        (-0.362974,0)       (0.478862,0)        (-0.370851,0)       (0.21,0)            (0.32,0)            
(0.984543,0)        (0.219933,0)        (-0.338096,0)       (0.528145,0)        (-0.402693,0)       (0.18,0)            (0.28,0)            
(1.00506,0)         (0.177326,0)        (-0.311787,0)       (0.542373,0)        (-0.401091,0)       (0.19,0)            (0.2,0)             
(0.976236,0)        (0.218674,0)        (-0.269008,0)       (0.482792,0)        (-0.427257,0)       (0.12,0)            (0.25,0)            
(0.987072,0)        (0.0364804,0)       (-0.241638,0)       (0.699439,0)        (-0.48877,0)        (0.08,0)            (0.19,0)            
(0.983924,0)        (0.261113,0)        (-0.451399,0)       (0.566948,0)        (-0.366232,0)       (0.26,0)            (0.37,0)            
(0.971118,0)        (0.300825,0)        (-0.419572,0)       (0.507782,0)        (-0.379858,0)       (0.22,0)            (0.38,0)            
(1.02915,0)         (0.245401,0)        (-0.401171,0)       (0.569177,0)        (-0.404448,0)       (0.25,0)            (0.17,0)            
(0.985988,0)        (0.316663,0)        (-0.391752,0)       (0.462681,0)        (-0.379342,0)       (0.22,0)            (0.31,0)            
(0.988708,0)        (0.141936,0)        (-0.314735,0)       (0.604647,0)        (-0.424756,0)       (0.16,0)            (0.25,0)            
(1.01048,0)         (0.164866,0)        (-0.317189,0)       (0.59784,0)         (-0.438551,0)       (0.17,0)            (0.17,0)            
(1.0034,0)          (0.206653,0)        (-0.349043,0)       (0.544617,0)        (-0.394499,0)       (0.21,0)            (0.23,0)            
(0.984686,0)        (0.158362,0)        (-0.28294,0)        (0.555191,0)        (-0.42457,0)        (0.14,0)            (0.24,0)            
(1.00049,0)         (0.260315,0)        (-0.379351,0)       (0.507487,0)        (-0.380172,0)       (0.23,0)            (0.26,0)            
(0.997265,0)        (0.1197,0)          (-0.307752,0)       (0.640698,0)        (-0.445659,0)       (0.15,0)            (0.21,0)            
(1.00944,0)         (0.0856099,0)       (-0.224781,0)       (0.606586,0)        (-0.462674,0)       (0.11,0)            (0.11,0)            
(1.00598,0)         (0.138433,0)        (-0.338089,0)       (0.629334,0)        (-0.421867,0)       (0.19,0)            (0.21,0)            
(0.993113,0)        (0.255301,0)        (-0.41268,0)        (0.51994,0)         (-0.353192,0)       (0.26,0)            (0.32,0)            
(0.987562,0)        (0.181879,0)        (-0.281418,0)       (0.544028,0)        (-0.438695,0)       (0.13,0)            (0.22,0)            
(0.964136,0)        (0.233213,0)        (-0.327128,0)       (0.522875,0)        (-0.422139,0)       (0.14,0)            (0.33,0)            
(0.997421,0)        (0.205605,0)        (-0.355979,0)       (0.563079,0)        (-0.404794,0)       (0.2,0)             (0.25,0)            
(0.9889,0)          (0.263001,0)        (-0.361444,0)       (0.49981,0)         (-0.39367,0)        (0.2,0)             (0.28,0)            
(0.983085,0)        (0.0206624,0)       (-0.191964,0)       (0.66807,0)         (-0.492617,0)       (0.05,0)            (0.17,0)            
(1.03081,0)         (0.216073,0)        (-0.363915,0)       (0.566934,0)        (-0.411039,0)       (0.23,0)            (0.14,0)            
(1.019,0)           (0.129937,0)        (-0.317178,0)       (0.646006,0)        (-0.451591,0)       (0.17,0)            (0.14,0)            
(0.98465,0)         (0.213073,0)        (-0.306273,0)       (0.522001,0)        (-0.422453,0)       (0.15,0)            (0.25,0)            
(1.00944,0)         (0.0631422,0)       (-0.219328,0)       (0.621688,0)        (-0.460758,0)       (0.11,0)            (0.11,0)            
(1.02235,0)         (0.106442,0)        (-0.241147,0)       (0.614302,0)        (-0.474554,0)       (0.12,0)            (0.07,0)            
(0.988623,0)        (0.0814155,0)       (-0.252565,0)       (0.658034,0)        (-0.481348,0)       (0.09,0)            (0.19,0)            
(0.995486,0)        (0.0533472,0)       (-0.284356,0)       (0.723546,0)        (-0.485881,0)       (0.11,0)            (0.19,0)            
(0.985832,0)        (0.163355,0)        (-0.327165,0)       (0.585606,0)        (-0.414461,0)       (0.17,0)            (0.27,0)            
(1.01167,0)         (0.240156,0)        (-0.43601,0)        (0.571882,0)        (-0.365902,0)       (0.28,0)            (0.27,0)            
(1.0118,0)          (0.0985121,0)       (-0.293833,0)       (0.658286,0)        (-0.456268,0)       (0.15,0)            (0.15,0)            
(1.00896,0)         (0.0876872,0)       (-0.288383,0)       (0.657333,0)        (-0.450006,0)       (0.15,0)            (0.16,0)            
(1.00319,0)         (0.287776,0)        (-0.429049,0)       (0.511599,0)        (-0.360726,0)       (0.27,0)            (0.29,0)            
(0.980152,0)        (0.141705,0)        (-0.316265,0)       (0.583699,0)        (-0.401937,0)       (0.17,0)            (0.29,0)            
(0.997755,0)        (0.242631,0)        (-0.342079,0)       (0.500389,0)        (-0.393669,0)       (0.2,0)             (0.24,0)            
(1.00499,0)         (0.26428,0)         (-0.352998,0)       (0.491095,0)        (-0.394941,0)       (0.21,0)            (0.22,0)            
(0.978778,0)        (0.16023,0)         (-0.270479,0)       (0.564523,0)        (-0.448676,0)       (0.11,0)            (0.24,0)            
(1.01074,0)         (0.15404,0)         (-0.311779,0)       (0.574484,0)        (-0.409784,0)       (0.19,0)            (0.18,0)            
(1.0034,0)          (0.251589,0)        (-0.35995,0)        (0.514412,0)        (-0.39833,0)        (0.21,0)            (0.23,0)            
(1.00451,0)         (0.288825,0)        (-0.422054,0)       (0.526739,0)        (-0.384188,0)       (0.25,0)            (0.27,0)            
(1.01167,0)         (0.217688,0)        (-0.430556,0)       (0.586984,0)        (-0.363987,0)       (0.28,0)            (0.27,0)            
(1.00855,0)         (0.397408,0)        (-0.551777,0)       (0.486633,0)        (-0.319716,0)       (0.36,0)            (0.36,0)            
(0.982992,0)        (0.197465,0)        (-0.332622,0)       (0.554448,0)        (-0.41203,0)        (0.17,0)            (0.28,0)            
(0.975688,0)        (0.217835,0)        (-0.352007,0)       (0.542668,0)        (-0.400778,0)       (0.18,0)            (0.32,0)            
(1.00455,0)         (0.234114,0)        (-0.398721,0)       (0.559929,0)        (-0.386306,0)       (0.24,0)            (0.26,0)            
(0.994438,0)        (0.301286,0)        (-0.416592,0)       (0.504876,0)        (-0.380486,0)       (0.24,0)            (0.3,0)             
(0.971439,0)        (0.190375,0)        (-0.302289,0)       (0.549757,0)        (-0.431476,0)       (0.13,0)            (0.29,0)            
(0.958192,0)        (0.199921,0)        (-0.316185,0)       (0.559425,0)        (-0.436467,0)       (0.12,0)            (0.34,0)            
(0.991263,0)        (0.253435,0)        (-0.425042,0)       (0.566612,0)        (-0.385348,0)       (0.24,0)            (0.32,0)            
(1.01437,0)         (0.312551,0)        (-0.496615,0)       (0.54579,0)         (-0.350287,0)       (0.32,0)            (0.3,0)             
(0.998304,0)        (0.198956,0)        (-0.40016,0)        (0.631951,0)        (-0.421537,0)       (0.21,0)            (0.27,0)            
(1.00363,0)         (0.295474,0)        (-0.377873,0)       (0.457867,0)        (-0.367446,0)       (0.24,0)            (0.25,0)            
(0.982921,0)        (0.217017,0)        (-0.357473,0)       (0.548476,0)        (-0.400134,0)       (0.19,0)            (0.3,0)             
(0.9889,0)          (0.195598,0)        (-0.345084,0)       (0.545116,0)        (-0.387924,0)       (0.2,0)             (0.28,0)            
(0.995726,0)        (0.177305,0)        (-0.3893,0)         (0.607642,0)        (-0.386508,0)       (0.23,0)            (0.29,0)            
(0.988757,0)        (0.234701,0)        (-0.394785,0)       (0.533173,0)        (-0.364131,0)       (0.24,0)            (0.32,0)            
(1.01055,0)         (0.167782,0)        (-0.297792,0)       (0.588709,0)        (-0.452363,0)       (0.15,0)            (0.15,0)            
(0.992061,0)        (0.00610206,0)      (-0.211437,0)       (0.648453,0)        (-0.438142,0)       (0.11,0)            (0.18,0)            
(1.01448,0)         (0.283224,0)        (-0.459338,0)       (0.554748,0)        (-0.368131,0)       (0.29,0)            (0.27,0)            
(1.00631,0)         (0.108056,0)        (-0.307828,0)       (0.61195,0)         (-0.404996,0)       (0.19,0)            (0.2,0)             
(0.984508,0)        (0.207241,0)        (-0.345067,0)       (0.540261,0)        (-0.394829,0)       (0.19,0)            (0.29,0)            
(1.00483,0)         (0.178375,0)        (-0.304771,0)       (0.568714,0)        (-0.435806,0)       (0.16,0)            (0.18,0)            
(0.990224,0)        (0.17418,0)         (-0.332634,0)       (0.575359,0)        (-0.409471,0)       (0.18,0)            (0.26,0)            
(0.989113,0)        (0.226814,0)        (-0.292345,0)       (0.502623,0)        (-0.431274,0)       (0.14,0)            (0.22,0)            
(1.01351,0)         (0.229352,0)        (-0.352987,0)       (0.539262,0)        (-0.407981,0)       (0.21,0)            (0.19,0)            
(0.974279,0)        (0.0888615,0)       (-0.280471,0)       (0.626221,0)        (-0.428161,0)       (0.13,0)            (0.28,0)            
(1.01196,0)         (0.229352,0)        (-0.352967,0)       (0.550463,0)        (-0.419233,0)       (0.2,0)             (0.19,0)            
(1.01045,0)         (0.322117,0)        (-0.432997,0)       (0.490189,0)        (-0.369861,0)       (0.27,0)            (0.26,0)            
(1.01123,0)         (0.277392,0)        (-0.498093,0)       (0.59541,0)         (-0.363013,0)       (0.31,0)            (0.31,0)            
(0.97287,0)         (0.0946942,0)       (-0.241657,0)       (0.619161,0)        (-0.467037,0)       (0.08,0)            (0.24,0)            
(1.02469,0)         (0.209192,0)        (-0.409645,0)       (0.603657,0)        (-0.393711,0)       (0.26,0)            (0.2,0)             
(1.02164,0)         (0.324425,0)        (-0.495109,0)       (0.539482,0)        (-0.357506,0)       (0.32,0)            (0.27,0)            
(0.975604,0)        (0.112379,0)        (-0.278929,0)       (0.626259,0)        (-0.453539,0)       (0.11,0)            (0.26,0)            
(0.987455,0)        (0.211206,0)        (-0.318694,0)       (0.535071,0)        (-0.420851,0)       (0.16,0)            (0.25,0)            
(1.02646,0)         (0.195473,0)        (-0.34602,0)        (0.580167,0)        (-0.421978,0)       (0.21,0)            (0.14,0)            
(0.981561,0)        (0.315614,0)        (-0.398708,0)       (0.469942,0)        (-0.378384,0)       (0.22,0)            (0.33,0)            
(1.00178,0)         (0.158802,0)        (-0.357514,0)       (0.595152,0)        (-0.388109,0)       (0.22,0)            (0.25,0)            
(1.01912,0)         (0.180683,0)        (-0.366923,0)       (0.595606,0)        (-0.400947,0)       (0.23,0)            (0.19,0)            
(0.988864,0)        (0.272777,0)        (-0.37387,0)        (0.496824,0)        (-0.387721,0)       (0.21,0)            (0.29,0)            
(1.00042,0)         (0.302335,0)        (-0.409656,0)       (0.486413,0)        (-0.370191,0)       (0.25,0)            (0.28,0)            
(0.999342,0)        (0.255322,0)        (-0.335127,0)       (0.477072,0)        (-0.39028,0)        (0.2,0)             (0.23,0)            
(1.00793,0)         (0.200842,0)        (-0.310265,0)       (0.531211,0)        (-0.415217,0)       (0.18,0)            (0.18,0)            
(1.02339,0)         (0.0958266,0)       (-0.31174,0)        (0.665963,0)        (-0.44277,0)        (0.18,0)            (0.13,0)            
(1.01495,0)         (0.258679,0)        (-0.390283,0)       (0.519104,0)        (-0.378884,0)       (0.25,0)            (0.22,0)            
(1.01494,0)         (0.111203,0)        (-0.286901,0)       (0.623768,0)        (-0.441626,0)       (0.16,0)            (0.14,0)            
(0.982992,0)        (0.219933,0)        (-0.338076,0)       (0.539346,0)        (-0.413945,0)       (0.17,0)            (0.28,0)            
(1.00765,0)         (0.301516,0)        (-0.415122,0)       (0.492222,0)        (-0.369547,0)       (0.26,0)            (0.26,0)            
(1.00344,0)         (0.241813,0)        (-0.347525,0)       (0.517398,0)        (-0.404278,0)       (0.2,0)             (0.22,0)            
(1.00495,0)         (0.274056,0)        (-0.365424,0)       (0.48811,0)         (-0.388993,0)       (0.22,0)            (0.23,0)            
(1.00172,0)         (0.393232,0)        (-0.502107,0)       (0.439209,0)        (-0.319217,0)       (0.33,0)            (0.35,0)            
(0.988672,0)        (0.17418,0)         (-0.332614,0)       (0.586559,0)        (-0.420723,0)       (0.17,0)            (0.26,0)            
(0.994687,0)        (0.210388,0)        (-0.32416,0)        (0.540879,0)        (-0.420207,0)       (0.17,0)            (0.23,0)            
(0.968002,0)        (0.0859469,0)       (-0.299789,0)       (0.680154,0)        (-0.459359,0)       (0.11,0)            (0.3,0)             
(0.966043,0)        (0.0455836,0)       (-0.18108,0)        (0.601941,0)        (-0.462706,0)       (0.05,0)            (0.23,0)            
(1.00174,0)         (0.235981,0)        (-0.3863,0)         (0.54686,0)         (-0.387907,0)       (0.23,0)            (0.26,0)            
(0.998994,0)        (0.00341764,0)      (-0.229284,0)       (0.689733,0)        (-0.458401,0)       (0.11,0)            (0.16,0)            
(1.00623,0)         (0.0924703,0)       (-0.256564,0)       (0.635133,0)        (-0.465419,0)       (0.12,0)            (0.14,0)            
(1.00871,0)         (0.223521,0)        (-0.391722,0)       (0.591125,0)        (-0.414115,0)       (0.22,0)            (0.23,0)            
(0.959815,0)        (0.157901,0)        (-0.2859,0)         (0.569298,0)        (-0.435195,0)       (0.11,0)            (0.32,0)            
(0.999008,0)        (0.218296,0)        (-0.349027,0)       (0.539762,0)        (-0.401405,0)       (0.2,0)             (0.24,0)            
(0.990166,0)        (0.363674,0)        (-0.466321,0)       (0.44962,0)         (-0.336747,0)       (0.29,0)            (0.36,0)            
(1.00615,0)         (0.394281,0)        (-0.495151,0)       (0.431948,0)        (-0.320174,0)       (0.33,0)            (0.33,0)            
(1.01298,0)         (0.0937294,0)       (-0.325632,0)       (0.691687,0)        (-0.452107,0)       (0.17,0)            (0.17,0)            
(1.00194,0)         (0.0523184,0)       (-0.213818,0)       (0.654337,0)        (-0.488254,0)       (0.08,0)            (0.12,0)            
(1.01329,0)         (0.243071,0)        (-0.416632,0)       (0.551551,0)        (-0.368461,0)       (0.27,0)            (0.25,0)            
(0.996167,0)        (0.274875,0)        (-0.359938,0)       (0.493502,0)        (-0.400889,0)       (0.2,0)             (0.25,0)            
(1.0203,0)          (0.1759,0)          (-0.398722,0)       (0.629007,0)        (-0.396786,0)       (0.25,0)            (0.21,0)            
(1.0279,0)          (0.179864,0)        (-0.372409,0)       (0.590213,0)        (-0.389051,0)       (0.25,0)            (0.17,0)            
(0.980031,0)        (0.113428,0)        (-0.271973,0)       (0.618997,0)        (-0.454497,0)       (0.11,0)            (0.24,0)            
(1.01889,0)         (0.136797,0)        (-0.349,0)          (0.652151,0)        (-0.431831,0)       (0.2,0)             (0.17,0)            
(1.00901,0)         (0.225387,0)        (-0.37934,0)        (0.555654,0)        (-0.393211,0)       (0.23,0)            (0.23,0)            
(1.00606,0)         (0.266357,0)        (-0.41662,0)        (0.530641,0)        (-0.37102,0)        (0.26,0)            (0.27,0)            
(1.00444,0)         (0.240974,0)        (-0.430544,0)       (0.566074,0)        (-0.366546,0)       (0.27,0)            (0.29,0)            
(0.993398,0)        (0.266966,0)        (-0.335091,0)       (0.483418,0)        (-0.408439,0)       (0.18,0)            (0.24,0)            
