89
e_L                 onsite              nnhop               ospair              nnJastrow           
(1.04996,0)         (0.444878,0)        (-0.973267,0)       (0.160858,0)        (0.38,0)            
(1.04672,0)         (0.370602,0)        (-1.00937,0)        (0.261747,0)        (0.42,0)            
(1.05074,0)         (0.394681,0)        (-0.951311,0)       (0.199225,0)        (0.37,0)            
(1.05077,0)         (0.43117,0)         (-0.962671,0)       (0.168377,0)        (0.37,0)            
(1.04752,0)         (0.405179,0)        (-1.01149,0)        (0.226959,0)        (0.41,0)            
(1.04674,0)         (0.374442,0)        (-1.04117,0)        (0.278187,0)        (0.42,0)            
(1.04588,0)         (0.432705,0)        (-1.0314,0)         (0.210984,0)        (0.43,0)            
(1.04749,0)         (0.404164,0)        (-1.00251,0)        (0.222242,0)        (0.41,0)            
(1.04272,0)         (0.543972,0)        (-1.14392,0)        (0.16701,0)         (0.47,0)            
(1.04349,0)         (0.502637,0)        (-1.10179,0)        (0.183133,0)        (0.46,0)            
(1.05886,0)         (0.321577,0)        (-0.806452,0)       (0.182487,0)        (0.27,0)            
(1.05401,0)         (0.385089,0)        (-0.901393,0)       (0.177146,0)        (0.33,0)            
(1.0411,0)          (0.571444,0)        (-1.16447,0)        (0.151504,0)        (0.49,0)            
(1.04745,0)         (0.282297,0)        (-0.96742,0)        (0.327102,0)        (0.41,0)            
(1.05315,0)         (0.264749,0)        (-0.873326,0)       (0.284926,0)        (0.34,0)            
(1.04671,0)         (0.418887,0)        (-1.02209,0)        (0.21944,0)         (0.42,0)            
(1.03867,0)         (0.652596,0)        (-1.2288,0)         (0.108029,0)        (0.52,0)            
(1.04754,0)         (0.502738,0)        (-1.0388,0)         (0.142509,0)        (0.41,0)            
(1.04591,0)         (0.458138,0)        (-1.04689,0)        (0.194353,0)        (0.43,0)            
(1.05801,0)         (0.129056,0)        (-0.76721,0)        (0.358555,0)        (0.28,0)            
(1.04345,0)         (0.500552,0)        (-1.08446,0)        (0.174169,0)        (0.46,0)            
(1.04349,0)         (0.527054,0)        (-1.10829,0)        (0.161786,0)        (0.46,0)            
(1.05076,0)         (0.454517,0)        (-0.960834,0)       (0.142782,0)        (0.37,0)            
(1.05957,0)         (0.0596363,0)       (-0.694867,0)       (0.38461,0)         (0.26,0)            
(1.04431,0)         (0.573182,0)        (-1.10722,0)        (0.112862,0)        (0.45,0)            
(1.04914,0)         (0.339984,0)        (-0.97316,0)        (0.270473,0)        (0.39,0)            
(1.04105,0)         (0.543872,0)        (-1.1323,0)         (0.159639,0)        (0.49,0)            
(1.04754,0)         (0.417305,0)        (-1.01571,0)        (0.216989,0)        (0.41,0)            
(1.05079,0)         (0.456602,0)        (-0.978159,0)       (0.151747,0)        (0.37,0)            
(1.04186,0)         (0.492688,0)        (-1.10438,0)        (0.195206,0)        (0.48,0)            
(1.04349,0)         (0.47822,0)         (-1.09528,0)        (0.20448,0)         (0.46,0)            
(1.0524,0)          (0.403643,0)        (-0.942759,0)       (0.184352,0)        (0.35,0)            
(1.0427,0)          (0.602848,0)        (-1.14382,0)        (0.105382,0)        (0.47,0)            
(1.04511,0)         (0.509569,0)        (-1.07527,0)        (0.158827,0)        (0.44,0)            
(1.05322,0)         (0.343295,0)        (-0.935196,0)       (0.242591,0)        (0.34,0)            
(1.0524,0)          (0.390338,0)        (-0.931484,0)       (0.191013,0)        (0.35,0)            
(1.04916,0)         (0.387584,0)        (-0.97975,0)        (0.224938,0)        (0.39,0)            
(1.05397,0)         (0.296748,0)        (-0.853101,0)       (0.238455,0)        (0.33,0)            
(1.03786,0)         (0.726251,0)        (-1.24764,0)        (0.0431295,0)       (0.53,0)            
(1.04752,0)         (0.46507,0)         (-1.02038,0)        (0.170047,0)        (0.41,0)            
(1.04916,0)         (0.426432,0)        (-1.00523,0)        (0.200709,0)        (0.39,0)            
(1.0516,0)          (0.40624,0)         (-0.958125,0)       (0.19152,0)         (0.36,0)            
(1.04514,0)         (0.512778,0)        (-1.1003,0)         (0.17157,0)         (0.44,0)            
(1.04589,0)         (0.397177,0)        (-1.02967,0)        (0.247018,0)        (0.43,0)            
(1.05971,0)         (0.286606,0)        (-0.815018,0)       (0.224564,0)        (0.26,0)            
(1.05156,0)         (0.344264,0)        (-0.931917,0)       (0.239468,0)        (0.36,0)            
(1.05479,0)         (0.177276,0)        (-0.845173,0)       (0.358281,0)        (0.32,0)            
(1.04431,0)         (0.548765,0)        (-1.10071,0)        (0.134209,0)        (0.45,0)            
(1.04999,0)         (0.397361,0)        (-0.969063,0)       (0.207841,0)        (0.38,0)            
(1.05314,0)         (0.216271,0)        (-0.8595,0)         (0.326722,0)        (0.34,0)            
(1.05479,0)         (0.344823,0)        (-0.867607,0)       (0.197516,0)        (0.32,0)            
(1.04913,0)         (0.398805,0)        (-0.9737,0)         (0.209314,0)        (0.39,0)            
(1.0427,0)          (0.578431,0)        (-1.13731,0)        (0.126729,0)        (0.47,0)            
(1.05234,0)         (0.361696,0)        (-0.890968,0)       (0.194901,0)        (0.35,0)            
(1.04669,0)         (0.477763,0)        (-1.02199,0)        (0.157812,0)        (0.42,0)            
(1.05474,0)         (0.258485,0)        (-0.834253,0)       (0.266342,0)        (0.32,0)            
(1.0508,0)          (0.435504,0)        (-0.9954,0)         (0.184898,0)        (0.37,0)            
(1.03947,0)         (0.577872,0)        (-1.20162,0)        (0.168681,0)        (0.51,0)            
(1.05316,0)         (0.325764,0)        (-0.889911,0)       (0.231792,0)        (0.34,0)            
(1.05564,0)         (0.320964,0)        (-0.871403,0)       (0.224907,0)        (0.31,0)            
(1.04431,0)         (0.548765,0)        (-1.10071,0)        (0.134209,0)        (0.45,0)            
(1.04752,0)         (0.415111,0)        (-0.999661,0)       (0.208963,0)        (0.41,0)            
(1.04756,0)         (0.429377,0)        (-1.02056,0)        (0.207488,0)        (0.41,0)            
(1.0427,0)          (0.541832,0)        (-1.12723,0)        (0.158515,0)        (0.47,0)            
(1.04755,0)         (0.467209,0)        (-1.03706,0)        (0.178542,0)        (0.41,0)            
(1.04595,0)         (0.580005,0)        (-1.08198,0)        (0.0894941,0)       (0.43,0)            
(1.0435,0)          (0.502582,0)        (-1.10243,0)        (0.183602,0)        (0.46,0)            
(1.04992,0)         (0.336317,0)        (-0.949452,0)       (0.259057,0)        (0.38,0)            
(1.05486,0)         (0.375659,0)        (-0.924167,0)       (0.201655,0)        (0.32,0)            
(1.05799,0)         (0.213473,0)        (-0.781318,0)       (0.279358,0)        (0.28,0)            
(1.04995,0)         (0.241912,0)        (-0.947816,0)       (0.356719,0)        (0.38,0)            
(1.04675,0)         (0.446514,0)        (-1.05362,0)        (0.210836,0)        (0.42,0)            
(1.06451,0)         (0.146688,0)        (-0.674892,0)       (0.280734,0)        (0.2,0)             
(1.03949,0)         (0.638833,0)        (-1.21885,0)        (0.116016,0)        (0.51,0)            
(1.0459,0)          (0.469249,0)        (-1.04212,0)        (0.179667,0)        (0.43,0)            
(1.04672,0)         (0.50432,0)         (-1.04518,0)        (0.14496,0)         (0.42,0)            
(1.05479,0)         (0.199445,0)        (-0.836274,0)       (0.329377,0)        (0.32,0)            
(1.05236,0)         (0.351654,0)        (-0.90408,0)        (0.213835,0)        (0.35,0)            
(1.0419,0)          (0.640974,0)        (-1.16092,0)        (0.0765163,0)       (0.48,0)            
(1.0556,0)          (0.246752,0)        (-0.842263,0)       (0.283763,0)        (0.31,0)            
(1.05239,0)         (0.355988,0)        (-0.936809,0)       (0.230356,0)        (0.35,0)            
(1.04673,0)         (0.432138,0)        (-1.034,0)          (0.213249,0)        (0.42,0)            
(1.04998,0)         (0.458129,0)        (-0.985182,0)       (0.154667,0)        (0.38,0)            
(1.0427,0)          (0.554014,0)        (-1.1308,0)         (0.148076,0)        (0.47,0)            
(1.04594,0)         (0.496876,0)        (-1.07366,0)        (0.171062,0)        (0.43,0)            
(1.05715,0)         (0.165206,0)        (-0.765707,0)       (0.319787,0)        (0.29,0)            
(1.04835,0)         (0.487905,0)        (-1.0205,0)         (0.146249,0)        (0.4,0)             
(1.05315,0)         (0.263926,0)        (-0.865449,0)       (0.280719,0)        (0.34,0)            
(1.04836,0)         (0.392431,0)        (-1.01052,0)        (0.239663,0)        (0.4,0)             
(1.05074,0)         (0.369139,0)        (-0.937103,0)       (0.216794,0)        (0.37,0)            
(1.04028,0)         (0.62293,0)         (-1.19221,0)        (0.115509,0)        (0.5,0)             
(1.04596,0)         (0.497891,0)        (-1.08264,0)        (0.175779,0)        (0.43,0)            
(1.04992,0)         (0.309953,0)        (-0.927367,0)       (0.272419,0)        (0.38,0)            
(1.04835,0)         (0.451252,0)        (-1.01106,0)        (0.178504,0)        (0.4,0)             
(1.0451,0)          (0.484082,0)        (-1.06042,0)        (0.175927,0)        (0.44,0)            
(1.04586,0)         (0.38398,0)         (-1.01711,0)        (0.25274,0)         (0.43,0)            
(1.04993,0)         (0.336262,0)        (-0.950092,0)       (0.259526,0)        (0.38,0)            
(1.04676,0)         (0.469752,0)        (-1.05307,0)        (0.18618,0)         (0.42,0)            
(1.04425,0)         (0.473538,0)        (-1.06259,0)        (0.188348,0)        (0.45,0)            
(1.0588,0)          (0.173098,0)        (-0.748812,0)       (0.300667,0)        (0.27,0)            
(1.04271,0)         (0.615029,0)        (-1.14739,0)        (0.0949429,0)       (0.47,0)            
(1.04834,0)         (0.378055,0)        (-0.990902,0)       (0.242076,0)        (0.4,0)             
(1.04753,0)         (0.428417,0)        (-1.01094,0)        (0.202302,0)        (0.41,0)            
(1.05239,0)         (0.365975,0)        (-0.924338,0)       (0.211891,0)        (0.35,0)            
(1.04911,0)         (0.386679,0)        (-0.969487,0)       (0.219284,0)        (0.39,0)            
(1.04993,0)         (0.397333,0)        (-0.966037,0)       (0.205924,0)        (0.38,0)            
(1.05645,0)         (0.296144,0)        (-0.865576,0)       (0.247112,0)        (0.3,0)             
(1.0411,0)          (0.632459,0)        (-1.18105,0)        (0.0983709,0)       (0.49,0)            
(1.04832,0)         (0.462473,0)        (-1.00501,0)        (0.162879,0)        (0.4,0)             
(1.04758,0)         (0.457113,0)        (-1.05081,0)        (0.197946,0)        (0.41,0)            
(1.04595,0)         (0.447987,0)        (-1.06129,0)        (0.214226,0)        (0.43,0)            
(1.04514,0)         (0.52389,0)         (-1.09553,0)        (0.156883,0)        (0.44,0)            
(1.04269,0)         (0.578486,0)        (-1.13667,0)        (0.12626,0)         (0.47,0)            
(1.04191,0)         (0.583222,0)        (-1.16872,0)        (0.141923,0)        (0.48,0)            
(1.04194,0)         (0.679657,0)        (-1.18832,0)        (0.0536943,0)       (0.48,0)            
(1.04033,0)         (0.601668,0)        (-1.21137,0)        (0.150068,0)        (0.5,0)             
(1.05559,0)         (0.244557,0)        (-0.826218,0)       (0.275737,0)        (0.31,0)            
(1.06616,0)         (-0.0115394,0)      (-0.64309,0)        (0.425729,0)        (0.18,0)            
(1.0475,0)          (0.41522,0)         (-0.998381,0)       (0.208025,0)        (0.41,0)            
(1.0572,0)          (0.253793,0)        (-0.814464,0)       (0.258519,0)        (0.29,0)            
(1.05401,0)         (0.36292,0)         (-0.910292,0)       (0.20605,0)         (0.33,0)            
(1.04354,0)         (0.554626,0)        (-1.14047,0)        (0.153651,0)        (0.46,0)            
(1.037,0)           (0.534908,0)        (-1.21546,0)        (0.222508,0)        (0.54,0)            
(1.03866,0)         (0.64047,0)         (-1.22459,0)        (0.117999,0)        (0.52,0)            
(1.0435,0)          (0.490401,0)        (-1.09885,0)        (0.194041,0)        (0.46,0)            
(1.05479,0)         (0.261639,0)        (-0.859921,0)       (0.279554,0)        (0.32,0)            
(1.05474,0)         (0.184411,0)        (-0.806859,0)       (0.326176,0)        (0.32,0)            
(1.05804,0)         (0.215503,0)        (-0.799283,0)       (0.288791,0)        (0.28,0)            
(1.04751,0)         (0.464,0)           (-1.01203,0)        (0.1658,0)          (0.41,0)            
(1.05725,0)         (0.21917,0)         (-0.822991,0)       (0.300207,0)        (0.29,0)            
(1.05319,0)         (0.264887,0)        (-0.875072,0)       (0.285904,0)        (0.34,0)            
(1.04515,0)         (0.513848,0)        (-1.10864,0)        (0.175817,0)        (0.44,0)            
(1.04833,0)         (0.402527,0)        (-0.996768,0)       (0.22026,0)         (0.4,0)             
(1.04834,0)         (0.402472,0)        (-0.997408,0)       (0.220729,0)        (0.4,0)             
(1.04836,0)         (0.512267,0)        (-1.02764,0)        (0.125371,0)        (0.4,0)             
(1.05562,0)         (0.271114,0)        (-0.849409,0)       (0.262885,0)        (0.31,0)            
(1.04674,0)         (0.516447,0)        (-1.04939,0)        (0.13499,0)         (0.42,0)            
(1.05159,0)         (0.477298,0)        (-0.961597,0)       (0.119453,0)        (0.36,0)            
(1.04595,0)         (0.472706,0)        (-1.06762,0)        (0.19245,0)         (0.43,0)            
(1.04352,0)         (0.563543,0)        (-1.11965,0)        (0.130938,0)        (0.46,0)            
(1.04993,0)         (0.371791,0)        (-0.951829,0)       (0.223493,0)        (0.38,0)            
(1.04185,0)         (0.554581,0)        (-1.1282,0)         (0.145811,0)        (0.48,0)            
(1.06612,0)         (0.0704368,0)       (-0.640688,0)       (0.338466,0)        (0.18,0)            
(1.05235,0)         (0.303999,0)        (-0.89813,0)        (0.259838,0)        (0.35,0)            
(1.0427,0)          (0.613959,0)        (-1.13905,0)        (0.0906953,0)       (0.47,0)            
(1.04357,0)         (0.604421,0)        (-1.1631,0)         (0.116142,0)        (0.46,0)            
(1.05399,0)         (0.34742,0)         (-0.882972,0)       (0.204684,0)        (0.33,0)            
(1.04994,0)         (0.372861,0)        (-0.960171,0)       (0.22774,0)         (0.38,0)            
(1.05483,0)         (0.348033,0)        (-0.892634,0)       (0.210259,0)        (0.32,0)            
(1.04914,0)         (0.425417,0)        (-0.99625,0)        (0.195993,0)        (0.39,0)            
(1.04107,0)         (0.557123,0)        (-1.14421,0)        (0.153448,0)        (0.49,0)            
(1.04836,0)         (0.44014,0)         (-1.01583,0)        (0.193191,0)        (0.4,0)             
(1.04834,0)         (0.404721,0)        (-1.01281,0)        (0.228286,0)        (0.4,0)             
(1.05564,0)         (0.262142,0)        (-0.870863,0)       (0.286066,0)        (0.31,0)            
(1.05078,0)         (0.433364,0)        (-0.978715,0)       (0.176403,0)        (0.37,0)            
(1.04913,0)         (0.376637,0)        (-0.982598,0)       (0.238218,0)        (0.39,0)            
(1.05235,0)         (0.376126,0)        (-0.909946,0)       (0.192019,0)        (0.35,0)            
(1.05167,0)         (0.437076,0)        (-1.01468,0)        (0.195659,0)        (0.36,0)            
(1.05318,0)         (0.302362,0)        (-0.892388,0)       (0.257856,0)        (0.34,0)            
(1.05637,0)         (0.278668,0)        (-0.819651,0)       (0.235844,0)        (0.3,0)             
(1.05238,0)         (0.319444,0)        (-0.92609,0)        (0.261673,0)        (0.35,0)            
(1.05639,0)         (0.170958,0)        (-0.80674,0)        (0.340167,0)        (0.3,0)             
(1.04348,0)         (0.514873,0)        (-1.10472,0)        (0.172225,0)        (0.46,0)            
(1.06045,0)         (0.109166,0)        (-0.719927,0)       (0.348938,0)        (0.25,0)            
(1.04432,0)         (0.524595,0)        (-1.09467,0)        (0.155597,0)        (0.45,0)            
(1.04434,0)         (0.45436,0)         (-1.09908,0)        (0.231871,0)        (0.45,0)            
(1.04429,0)         (0.524457,0)        (-1.09293,0)        (0.154618,0)        (0.45,0)            
(1.04351,0)         (0.563598,0)        (-1.11901,0)        (0.130469,0)        (0.46,0)            
(1.04915,0)         (0.410932,0)        (-0.977913,0)       (0.199344,0)        (0.39,0)            
(1.05484,0)         (0.252558,0)        (-0.882655,0)       (0.303673,0)        (0.32,0)            
(1.04519,0)         (0.611353,0)        (-1.13658,0)        (0.0918362,0)       (0.44,0)            
(1.05078,0)         (0.38453,0)         (-0.965704,0)       (0.219097,0)        (0.37,0)            
(1.04273,0)         (0.616044,0)        (-1.15637,0)        (0.0996595,0)       (0.47,0)            
(1.04838,0)         (0.441156,0)        (-1.02481,0)        (0.197907,0)        (0.4,0)             
(1.04589,0)         (0.457068,0)        (-1.03855,0)        (0.190106,0)        (0.43,0)            
(1.04827,0)         (0.386121,0)        (-0.959185,0)       (0.21324,0)         (0.4,0)             
(1.04832,0)         (0.365928,0)        (-0.986689,0)       (0.252046,0)        (0.4,0)             
(1.04432,0)         (0.440286,0)        (-1.07929,0)        (0.233856,0)        (0.45,0)            
(1.04755,0)         (0.490502,0)        (-1.03586,0)        (0.153417,0)        (0.41,0)            
(1.0524,0)          (0.341805,0)        (-0.918297,0)       (0.233279,0)        (0.35,0)            
(1.04912,0)         (0.397735,0)        (-0.965357,0)       (0.205066,0)        (0.39,0)            
(1.04272,0)         (0.603863,0)        (-1.1528,0)         (0.110099,0)        (0.47,0)            
(1.04757,0)         (0.517059,0)        (-1.05905,0)        (0.140565,0)        (0.41,0)            
(1.04352,0)         (0.564668,0)        (-1.12735,0)        (0.134717,0)        (0.46,0)            
(1.04509,0)         (0.496318,0)        (-1.06335,0)        (0.165019,0)        (0.44,0)            
(1.05074,0)         (0.393556,0)        (-0.943609,0)       (0.195447,0)        (0.37,0)            
(1.05081,0)         (0.422143,0)        (-0.984765,0)       (0.192028,0)        (0.37,0)            
(1.05075,0)         (0.393502,0)        (-0.944249,0)       (0.195916,0)        (0.37,0)            
(1.04431,0)         (0.49993,0)         (-1.0877,0)         (0.176903,0)        (0.45,0)            
(1.04916,0)         (0.388709,0)        (-0.987452,0)       (0.228717,0)        (0.39,0)            
(1.04912,0)         (0.44657,0)         (-0.978369,0)       (0.162372,0)        (0.39,0)            
(1.04269,0)         (0.505234,0)        (-1.11715,0)        (0.190301,0)        (0.47,0)            
(1.05073,0)         (0.369194,0)        (-0.936463,0)       (0.216325,0)        (0.37,0)            
(1.05318,0)         (0.373365,0)        (-0.896501,0)       (0.186258,0)        (0.34,0)            
(1.05238,0)         (0.378211,0)        (-0.927271,0)       (0.200983,0)        (0.35,0)            
(1.05233,0)         (0.240789,0)        (-0.865501,0)       (0.304945,0)        (0.35,0)            
(1.05232,0)         (0.314095,0)        (-0.884378,0)       (0.240435,0)        (0.35,0)            
(1.0564,0)          (0.292989,0)        (-0.839909,0)       (0.233901,0)        (0.3,0)             
(1.05479,0)         (0.297113,0)        (-0.862297,0)       (0.243989,0)        (0.32,0)            
(1.04994,0)         (0.349568,0)        (-0.961367,0)       (0.252866,0)        (0.38,0)            
(1.04511,0)         (0.509569,0)        (-1.07527,0)        (0.158827,0)        (0.44,0)            
(1.0395,0)          (0.66432,0)         (-1.23369,0)        (0.0989169,0)       (0.51,0)            
(1.0427,0)          (0.56625,0)         (-1.13374,0)        (0.137168,0)        (0.47,0)            
(1.04913,0)         (0.397681,0)        (-0.965998,0)       (0.205535,0)        (0.39,0)            
(1.05401,0)         (0.361796,0)        (-0.90259,0)        (0.202271,0)        (0.33,0)            
(1.04673,0)         (0.455431,0)        (-1.03281,0)        (0.188123,0)        (0.42,0)            
(1.04267,0)         (0.56411,0)         (-1.11705,0)        (0.128673,0)        (0.47,0)            
(1.04676,0)         (0.495294,0)        (-1.06727,0)        (0.168611,0)        (0.42,0)            
(1.05313,0)         (0.262609,0)        (-0.856641,0)       (0.27643,0)         (0.34,0)            
(1.04758,0)         (0.541421,0)        (-1.0662,0)         (0.119687,0)        (0.41,0)            
(1.04918,0)         (0.29318,0)         (-0.978114,0)       (0.3226,0)          (0.39,0)            
(1.04917,0)         (0.439738,0)        (-1.01651,0)        (0.194049,0)        (0.39,0)            
(1.04758,0)         (0.52924,0)         (-1.06263,0)        (0.130126,0)        (0.41,0)            
(1.05644,0)         (0.282838,0)        (-0.854301,0)       (0.253773,0)        (0.3,0)             
(1.04593,0)         (0.484694,0)        (-1.07008,0)        (0.181501,0)        (0.43,0)            
(1.05723,0)         (0.242572,0)        (-0.820514,0)       (0.274143,0)        (0.29,0)            
(1.04507,0)         (0.423176,0)        (-1.04256,0)        (0.228122,0)        (0.44,0)            
(1.05325,0)         (0.403076,0)        (-0.945359,0)       (0.186617,0)        (0.34,0)            
(1.0467,0)          (0.466652,0)        (-1.02676,0)        (0.172499,0)        (0.42,0)            
(1.05233,0)         (0.350639,0)        (-0.895097,0)       (0.209118,0)        (0.35,0)            
(1.04351,0)         (0.588015,0)        (-1.12552,0)        (0.109122,0)        (0.46,0)            
(1.04025,0)         (0.644138,0)        (-1.17368,0)        (0.0814191,0)       (0.5,0)             
(1.05643,0)         (0.30731,0)         (-0.860167,0)       (0.231957,0)        (0.3,0)             
(1.05082,0)         (0.409907,0)        (-0.981832,0)       (0.202936,0)        (0.37,0)            
(1.04431,0)         (0.525472,0)        (-1.10191,0)        (0.159335,0)        (0.45,0)            
(1.04672,0)         (0.515377,0)        (-1.04105,0)        (0.130743,0)        (0.42,0)            
(1.05637,0)         (0.206541,0)        (-0.807836,0)       (0.303664,0)        (0.3,0)             
(1.05072,0)         (0.368124,0)        (-0.928121,0)       (0.212077,0)        (0.37,0)            
(1.0564,0)          (0.207556,0)        (-0.816818,0)       (0.308381,0)        (0.3,0)             
(1.05072,0)         (0.379181,0)        (-0.923992,0)       (0.197859,0)        (0.37,0)            
(1.04991,0)         (0.321941,0)        (-0.929834,0)       (0.26147,0)         (0.38,0)            
(1.05078,0)         (0.467768,0)        (-0.972749,0)       (0.136591,0)        (0.37,0)            
(1.05078,0)         (0.360113,0)        (-0.959198,0)       (0.240444,0)        (0.37,0)            
(1.04828,0)         (0.329494,0)        (-0.974689,0)       (0.282425,0)        (0.4,0)             
(1.05081,0)         (0.423268,0)        (-0.992467,0)       (0.195806,0)        (0.37,0)            
(1.04351,0)         (0.575779,0)        (-1.12259,0)        (0.12003,0)         (0.46,0)            
(1.04835,0)         (0.464612,0)        (-1.02169,0)        (0.171374,0)        (0.4,0)             
(1.04432,0)         (0.574252,0)        (-1.11556,0)        (0.11711,0)         (0.45,0)            
(1.04998,0)         (0.447073,0)        (-0.989311,0)       (0.168885,0)        (0.38,0)            
(1.04595,0)         (0.496821,0)        (-1.0743,0)         (0.171531,0)        (0.43,0)            
(1.05556,0)         (0.111524,0)        (-0.796538,0)       (0.395752,0)        (0.31,0)            
(1.05158,0)         (0.405225,0)        (-0.949142,0)       (0.186804,0)        (0.36,0)            
(1.04109,0)         (0.63139,0)         (-1.17271,0)        (0.0941233,0)       (0.49,0)            
(1.04356,0)         (0.639949,0)        (-1.16484,0)        (0.0801086,0)       (0.46,0)            
(1.05642,0)         (0.160039,0)        (-0.812614,0)       (0.355363,0)        (0.3,0)             
(1.03947,0)         (0.624457,0)        (-1.19923,0)        (0.118429,0)        (0.51,0)            
(1.05082,0)         (0.435449,0)        (-0.99604,0)        (0.185367,0)        (0.37,0)            
(1.04754,0)         (0.394013,0)        (-1.0169,0)         (0.242115,0)        (0.41,0)            
(1.03868,0)         (0.665902,0)        (-1.24008,0)        (0.101368,0)        (0.52,0)            
(1.05963,0)         (0.185947,0)        (-0.761406,0)       (0.295333,0)        (0.26,0)            
(1.04513,0)         (0.559419,0)        (-1.09726,0)        (0.12085,0)         (0.44,0)            
(1.03626,0)         (0.683735,0)        (-1.27306,0)        (0.103938,0)        (0.55,0)            
(1.04505,0)         (0.409925,0)        (-1.03064,0)        (0.234313,0)        (0.44,0)            
(1.05641,0)         (0.207501,0)        (-0.817459,0)       (0.30885,0)         (0.3,0)             
(1.04991,0)         (0.384082,0)        (-0.954121,0)       (0.212116,0)        (0.38,0)            
(1.04991,0)         (0.323066,0)        (-0.937537,0)       (0.265249,0)        (0.38,0)            
(1.04351,0)         (0.503652,0)        (-1.11077,0)        (0.18785,0)         (0.46,0)            
(1.04509,0)         (0.471901,0)        (-1.05685,0)        (0.186366,0)        (0.44,0)            
(1.05968,0)         (0.2257,0)          (-0.797153,0)       (0.276759,0)        (0.26,0)            
(1.04673,0)         (0.45768,0)         (-1.04821,0)        (0.195681,0)        (0.42,0)            
(1.05564,0)         (0.334269,0)        (-0.882678,0)       (0.218247,0)        (0.31,0)            
(1.05803,0)         (0.18003,0)         (-0.796907,0)       (0.324356,0)        (0.28,0)            
(1.05078,0)         (0.407822,0)        (-0.964507,0)       (0.193972,0)        (0.37,0)            
(1.04999,0)         (0.399308,0)        (-0.984642,0)       (0.215826,0)        (0.38,0)            
(1.058,0)           (0.189001,0)        (-0.775452,0)       (0.301174,0)        (0.28,0)            
(1.04755,0)         (0.443917,0)        (-1.03826,0)        (0.203668,0)        (0.41,0)            
(1.04758,0)         (0.444877,0)        (-1.04788,0)        (0.208854,0)        (0.41,0)            
(1.058,0)           (0.248947,0)        (-0.783695,0)       (0.243794,0)        (0.28,0)            
(1.04916,0)         (0.389011,0)        (-0.987277,0)       (0.228289,0)        (0.39,0)            
(1.03941,0)         (0.574772,0)        (-1.17531,0)        (0.155,0)           (0.51,0)            
(1.04591,0)         (0.530265,0)        (-1.05871,0)        (0.126534,0)        (0.43,0)            
(1.05558,0)         (0.270154,0)        (-0.839786,0)       (0.257699,0)        (0.31,0)            
(1.05159,0)         (0.381878,0)        (-0.950978,0)       (0.212398,0)        (0.36,0)            
(1.04591,0)         (0.458138,0)        (-1.04689,0)        (0.194353,0)        (0.43,0)            
(1.0475,0)          (0.438513,0)        (-0.997184,0)       (0.182899,0)        (0.41,0)            
(1.05562,0)         (0.246999,0)        (-0.842728,0)       (0.283804,0)        (0.31,0)            
(1.04589,0)         (0.444887,0)        (-1.03498,0)        (0.200545,0)        (0.43,0)            
(1.04997,0)         (0.459309,0)        (-0.992244,0)       (0.157977,0)        (0.38,0)            
(1.04508,0)         (0.485261,0)        (-1.06748,0)        (0.179236,0)        (0.44,0)            
(1.05403,0)         (0.277378,0)        (-0.888482,0)       (0.281468,0)        (0.33,0)            
(1.04754,0)         (0.51385,0)         (-1.03403,0)        (0.127822,0)        (0.41,0)            
(1.04594,0)         (0.44497,0)         (-1.03736,0)        (0.201993,0)        (0.43,0)            
(1.04916,0)         (0.437543,0)        (-1.00046,0)        (0.186023,0)        (0.39,0)            
(1.04189,0)         (0.555541,0)        (-1.13783,0)        (0.150997,0)        (0.48,0)            
(1.04835,0)         (0.439071,0)        (-1.00749,0)        (0.188943,0)        (0.4,0)             
(1.05486,0)         (0.348993,0)        (-0.902257,0)       (0.215445,0)        (0.32,0)            
(1.04919,0)         (0.475157,0)        (-1.01952,0)        (0.158953,0)        (0.39,0)            
(1.0548,0)          (0.188333,0)        (-0.841043,0)       (0.344064,0)        (0.32,0)            
(1.04676,0)         (0.530767,0)        (-1.06965,0)        (0.133046,0)        (0.42,0)            
(1.04348,0)         (0.515997,0)        (-1.11242,0)        (0.176004,0)        (0.46,0)            
(1.04351,0)         (0.552486,0)        (-1.12378,0)        (0.145156,0)        (0.46,0)            
(1.05476,0)         (0.270611,0)        (-0.838466,0)       (0.256372,0)        (0.32,0)            
(1.04028,0)         (0.658459,0)        (-1.19394,0)        (0.0794752,0)       (0.5,0)             
(1.0419,0)          (0.629862,0)        (-1.16569,0)        (0.0912029,0)       (0.48,0)            
(1.04833,0)         (0.403651,0)        (-1.00447,0)        (0.224039,0)        (0.4,0)             
(1.0443,0)          (0.511096,0)        (-1.08229,0)        (0.161748,0)        (0.45,0)            
(1.0451,0)          (0.508499,0)        (-1.06693,0)        (0.15458,0)         (0.44,0)            
(1.05397,0)         (0.254359,0)        (-0.886477,0)       (0.304249,0)        (0.33,0)            
(1.04752,0)         (0.488363,0)        (-1.01918,0)        (0.144922,0)        (0.41,0)            
(1.04751,0)         (0.427402,0)        (-1.00195,0)        (0.197586,0)        (0.41,0)            
