83
e_L                 onsite              nnhop               ospair              nnJastrow           
(1.0459,0)          (0.409372,0)        (-1.03329,0)        (0.236618,0)        (0.43,0)            
(1.05235,0)         (0.328427,0)        (-0.904682,0)       (0.238528,0)        (0.35,0)            
(1.04999,0)         (0.449281,0)        (-1.00541,0)        (0.176947,0)        (0.38,0)            
(1.04434,0)         (0.563103,0)        (-1.12103,0)        (0.132302,0)        (0.45,0)            
(1.0548,0)          (0.26047,0)         (-0.852902,0)       (0.276282,0)        (0.32,0)            
(1.05799,0)         (0.0505973,0)       (-0.70776,0)        (0.402377,0)        (0.28,0)            
(1.0459,0)          (0.313128,0)        (-1.0148,0)         (0.325362,0)        (0.43,0)            
(1.05399,0)         (0.261174,0)        (-0.852047,0)       (0.274995,0)        (0.33,0)            
(1.05239,0)         (0.341569,0)        (-0.917879,0)       (0.233275,0)        (0.35,0)            
(1.05161,0)         (0.418435,0)        (-0.961747,0)       (0.181116,0)        (0.36,0)            
(1.05237,0)         (0.366096,0)        (-0.923104,0)       (0.210988,0)        (0.35,0)            
(1.04509,0)         (0.507445,0)        (-1.05864,0)        (0.150367,0)        (0.44,0)            
(1.04026,0)         (0.620809,0)        (-1.17558,0)        (0.107049,0)        (0.5,0)             
(1.05729,0)         (0.342227,0)        (-0.865187,0)       (0.198691,0)        (0.29,0)            
(1.04752,0)         (0.476196,0)        (-1.01566,0)        (0.155395,0)        (0.41,0)            
(1.04835,0)         (0.476808,0)        (-1.02532,0)        (0.160971,0)        (0.4,0)             
(1.04913,0)         (0.375525,0)        (-0.974947,0)       (0.234477,0)        (0.39,0)            
(1.04351,0)         (0.491487,0)        (-1.10726,0)        (0.198329,0)        (0.46,0)            
(1.04431,0)         (0.474706,0)        (-1.07338,0)        (0.194082,0)        (0.45,0)            
(1.05078,0)         (0.323828,0)        (-0.948994,0)       (0.271842,0)        (0.37,0)            
(1.06128,0)         (0.181665,0)        (-0.740975,0)       (0.286687,0)        (0.24,0)            
(1.04919,0)         (0.499589,0)        (-1.02608,0)        (0.13764,0)         (0.39,0)            
(1.0451,0)          (0.495456,0)        (-1.05617,0)        (0.161316,0)        (0.44,0)            
(1.04515,0)         (0.449776,0)        (-1.06883,0)        (0.217227,0)        (0.44,0)            
(1.04351,0)         (0.504793,0)        (-1.11853,0)        (0.191668,0)        (0.46,0)            
(1.04514,0)         (0.499489,0)        (-1.08908,0)        (0.178269,0)        (0.44,0)            
(1.04838,0)         (0.465587,0)        (-1.03137,0)        (0.176597,0)        (0.4,0)             
(1.05315,0)         (0.229284,0)        (-0.870995,0)       (0.320531,0)        (0.34,0)            
(1.0556,0)          (0.33,0)            (-0.849349,0)       (0.201289,0)        (0.31,0)            
(1.05482,0)         (0.274846,0)        (-0.872521,0)       (0.273869,0)        (0.32,0)            
(1.04269,0)         (0.491944,0)        (-1.10594,0)        (0.197001,0)        (0.47,0)            
(1.05797,0)         (0.138088,0)        (-0.745152,0)       (0.334942,0)        (0.28,0)            
(1.05393,0)         (0.282189,0)        (-0.832417,0)       (0.240392,0)        (0.33,0)            
(1.04914,0)         (0.387707,0)        (-0.97852,0)        (0.224038,0)        (0.39,0)            
(1.04918,0)         (0.439697,0)        (-1.0172,0)         (0.194555,0)        (0.39,0)            
(1.04995,0)         (0.335397,0)        (-0.942904,0)       (0.255827,0)        (0.38,0)            
(1.03789,0)         (0.703994,0)        (-1.25789,0)        (0.0730081,0)       (0.53,0)            
(1.05162,0)         (0.4065,0)          (-0.958639,0)       (0.191597,0)        (0.36,0)            
(1.05321,0)         (0.401058,0)        (-0.92744,0)        (0.177218,0)        (0.34,0)            
(1.04029,0)         (0.564127,0)        (-1.19173,0)        (0.17671,0)         (0.5,0)             
(1.04671,0)         (0.443319,0)        (-1.02865,0)        (0.198131,0)        (0.42,0)            
(1.05641,0)         (0.38617,0)         (-0.835161,0)       (0.133425,0)        (0.3,0)             
(1.03943,0)         (0.586917,0)        (-1.17959,0)        (0.145068,0)        (0.51,0)            
(1.04755,0)         (0.406153,0)        (-1.02117,0)        (0.232184,0)        (0.41,0)            
(1.05079,0)         (0.385613,0)        (-0.974097,0)       (0.223383,0)        (0.37,0)            
(1.0419,0)          (0.582171,0)        (-1.16044,0)        (0.137713,0)        (0.48,0)            
(1.05151,0)         (0.306771,0)        (-0.911622,0)       (0.265638,0)        (0.36,0)            
(1.04432,0)         (0.562088,0)        (-1.11205,0)        (0.127584,0)        (0.45,0)            
(1.04751,0)         (0.416304,0)        (-1.00678,0)        (0.21231,0)         (0.41,0)            
(1.04749,0)         (0.379814,0)        (-0.995416,0)       (0.24316,0)         (0.41,0)            
(1.05153,0)         (0.316649,0)        (-0.900429,0)       (0.248109,0)        (0.36,0)            
(1.05077,0)         (0.371291,0)        (-0.953837,0)       (0.225326,0)        (0.37,0)            
(1.03947,0)         (0.636713,0)        (-1.20222,0)        (0.107558,0)        (0.51,0)            
(1.04672,0)         (0.432207,0)        (-1.03342,0)        (0.212819,0)        (0.42,0)            
(1.04749,0)         (0.366453,0)        (-0.98478,0)        (0.250289,0)        (0.41,0)            
(1.04351,0)         (0.529211,0)        (-1.12504,0)        (0.17032,0)         (0.46,0)            
(1.0524,0)          (0.366234,0)        (-0.92485,0)        (0.211967,0)        (0.35,0)            
(1.04106,0)         (0.559445,0)        (-1.15904,0)        (0.160575,0)        (0.49,0)            
(1.04187,0)         (0.530126,0)        (-1.1224,0)         (0.167665,0)        (0.48,0)            
(1.04353,0)         (0.577991,0)        (-1.13869,0)        (0.128093,0)        (0.46,0)            
(1.04351,0)         (0.465122,0)        (-1.08517,0)        (0.21169,0)         (0.46,0)            
(1.05323,0)         (0.426491,0)        (-0.94293,0)        (0.160587,0)        (0.34,0)            
(1.04674,0)         (0.517587,0)        (-1.05715,0)        (0.138804,0)        (0.42,0)            
(1.05159,0)         (0.358598,0)        (-0.952225,0)       (0.237562,0)        (0.36,0)            
(1.04348,0)         (0.479415,0)        (-1.1024,0)         (0.20783,0)         (0.46,0)            
(1.05319,0)         (0.326736,0)        (-0.899579,0)       (0.237014,0)        (0.34,0)            
(1.04993,0)         (0.374053,0)        (-0.967283,0)       (0.231088,0)        (0.38,0)            
(1.04833,0)         (0.426958,0)        (-1.00332,0)        (0.19895,0)         (0.4,0)             
(1.04753,0)         (0.416249,0)        (-1.00742,0)        (0.212779,0)        (0.41,0)            
(1.05402,0)         (0.373989,0)        (-0.906208,0)       (0.191866,0)        (0.33,0)            
(1.04913,0)         (0.362219,0)        (-0.96367,0)        (0.241138,0)        (0.39,0)            
(1.0451,0)          (0.448568,0)        (-1.05874,0)        (0.212,0)           (0.44,0)            
(1.05966,0)         (0.222443,0)        (-0.772804,0)       (0.26452,0)         (0.26,0)            
(1.05077,0)         (0.372416,0)        (-0.961541,0)       (0.229105,0)        (0.37,0)            
(1.05158,0)         (0.369764,0)        (-0.946814,0)       (0.222405,0)        (0.36,0)            
(1.05404,0)         (0.305125,0)        (-0.918784,0)       (0.271966,0)        (0.33,0)            
(1.0564,0)          (0.279692,0)        (-0.828674,0)       (0.240595,0)        (0.3,0)             
(1.04998,0)         (0.339429,0)        (-0.975812,0)       (0.272779,0)        (0.38,0)            
(1.03704,0)         (0.655726,0)        (-1.24227,0)        (0.113439,0)        (0.54,0)            
(1.04833,0)         (0.474668,0)        (-1.00863,0)        (0.152474,0)        (0.4,0)             
(1.04913,0)         (0.423236,0)        (-0.980255,0)       (0.188002,0)        (0.39,0)            
(1.04188,0)         (0.626616,0)        (-1.14136,0)        (0.0789619,0)       (0.48,0)            
(1.03865,0)         (0.590584,0)        (-1.2033,0)         (0.156485,0)        (0.52,0)            
(1.0532,0)          (0.388877,0)        (-0.923867,0)       (0.187658,0)        (0.34,0)            
(1.04587,0)         (0.394228,0)        (-1.00516,0)        (0.234354,0)        (0.43,0)            
(1.04353,0)         (0.600159,0)        (-1.12979,0)        (0.0991863,0)       (0.46,0)            
(1.04196,0)         (0.585271,0)        (-1.18675,0)        (0.151396,0)        (0.48,0)            
(1.0484,0)          (0.562078,0)        (-1.05033,0)        (0.0878939,0)       (0.4,0)             
(1.04753,0)         (0.536088,0)        (-1.02454,0)        (0.0984797,0)       (0.41,0)            
(1.05316,0)         (0.349068,0)        (-0.888758,0)       (0.2067,0)          (0.34,0)            
(1.03862,0)         (0.613987,0)        (-1.20082,0)        (0.13042,0)         (0.52,0)            
(1.04507,0)         (0.458665,0)        (-1.04499,0)        (0.192594,0)        (0.44,0)            
(1.05885,0)         (0.115189,0)        (-0.758574,0)       (0.367521,0)        (0.27,0)            
(1.03141,0)         (0.808341,0)        (-1.38402,0)        (0.0450333,0)       (0.61,0)            
(1.0548,0)          (0.357015,0)        (-0.871222,0)       (0.187109,0)        (0.32,0)            
(1.05083,0)         (0.435408,0)        (-0.996733,0)       (0.185873,0)        (0.37,0)            
(1.04751,0)         (0.391886,0)        (-1.00027,0)        (0.233658,0)        (0.41,0)            
(1.0443,0)          (0.525543,0)        (-1.10133,0)        (0.158903,0)        (0.45,0)            
(1.03304,0)         (0.815218,0)        (-1.35814,0)        (0.0211941,0)       (0.59,0)            
(1.05727,0)         (0.281266,0)        (-0.847962,0)       (0.251358,0)        (0.29,0)            
(1.0403,0)          (0.648437,0)        (-1.20712,0)        (0.0984461,0)       (0.5,0)             
(1.04351,0)         (0.56474,0)         (-1.12677,0)        (0.134284,0)        (0.46,0)            
(1.04834,0)         (0.380317,0)        (-1.00636,0)        (0.249674,0)        (0.4,0)             
(1.0572,0)          (0.204967,0)        (-0.801493,0)       (0.30125,0)         (0.29,0)            
(1.04674,0)         (0.493169,0)        (-1.05064,0)        (0.160152,0)        (0.42,0)            
(1.05724,0)         (0.219234,0)        (-0.822393,0)       (0.299777,0)        (0.29,0)            
(1.04918,0)         (0.46299,0)         (-1.016,0)          (0.169428,0)        (0.39,0)            
(1.05155,0)         (0.319913,0)        (-0.924819,0)       (0.260384,0)        (0.36,0)            
(1.05077,0)         (0.394584,0)        (-0.95264,0)        (0.200199,0)        (0.37,0)            
(1.04993,0)         (0.371803,0)        (-0.951877,0)       (0.223529,0)        (0.38,0)            
(1.05236,0)         (0.30508,0)         (-0.906519,0)       (0.264124,0)        (0.35,0)            
(1.05559,0)         (0.256802,0)        (-0.829192,0)       (0.264864,0)        (0.31,0)            
(1.05324,0)         (0.426437,0)        (-0.94357,0)        (0.161056,0)        (0.34,0)            
(1.05313,0)         (0.310329,0)        (-0.861992,0)       (0.229992,0)        (0.34,0)            
(1.04749,0)         (0.367578,0)        (-0.992483,0)       (0.254068,0)        (0.41,0)            
(1.04509,0)         (0.470791,0)        (-1.0492,0)         (0.182624,0)        (0.44,0)            
(1.04835,0)         (0.403556,0)        (-1.0058,0)         (0.225015,0)        (0.4,0)             
(1.05075,0)         (0.344981,0)        (-0.93111,0)        (0.238219,0)        (0.37,0)            
(1.05961,0)         (0.220413,0)        (-0.754836,0)       (0.255085,0)        (0.26,0)            
(1.05158,0)         (0.295688,0)        (-0.919419,0)       (0.282243,0)        (0.36,0)            
(1.04353,0)         (0.506988,0)        (-1.13458,0)        (0.199696,0)        (0.46,0)            
(1.03383,0)         (0.752729,0)        (-1.33389,0)        (0.0709403,0)       (0.58,0)            
(1.05237,0)         (0.318386,0)        (-0.917796,0)       (0.257464,0)        (0.35,0)            
(1.05397,0)         (0.324248,0)        (-0.882932,0)       (0.228907,0)        (0.33,0)            
(1.05481,0)         (0.322611,0)        (-0.87719,0)        (0.226925,0)        (0.32,0)            
(1.02497,0)         (0.902592,0)        (-1.52391,0)        (0.0364637,0)       (0.69,0)            
(1.04997,0)         (0.373889,0)        (-0.969204,0)       (0.232495,0)        (0.38,0)            
(1.05635,0)         (0.227702,0)        (-0.789992,0)       (0.270078,0)        (0.3,0)             
(1.06281,0)         (0.0879355,0)       (-0.660841,0)       (0.333151,0)        (0.22,0)            
(1.04998,0)         (0.398251,0)        (-0.97635,0)        (0.211616,0)        (0.38,0)            
(1.05472,0)         (0.244118,0)        (-0.814674,0)       (0.26879,0)         (0.32,0)            
(1.04993,0)         (0.371803,0)        (-0.951877,0)       (0.223529,0)        (0.38,0)            
(1.04911,0)         (0.362274,0)        (-0.96303,0)        (0.240669,0)        (0.39,0)            
(1.0443,0)          (0.512237,0)        (-1.09005,0)        (0.165563,0)        (0.45,0)            
(1.04427,0)         (0.450205,0)        (-1.06448,0)        (0.213982,0)        (0.45,0)            
(1.05648,0)         (0.381479,0)        (-0.889992,0)       (0.173603,0)        (0.3,0)             
(1.0516,0)          (0.346361,0)        (-0.949292,0)       (0.248471,0)        (0.36,0)            
(1.04833,0)         (0.451376,0)        (-1.00983,0)        (0.177602,0)        (0.4,0)             
(1.05555,0)         (0.242536,0)        (-0.808291,0)       (0.266338,0)        (0.31,0)            
(1.05158,0)         (0.379696,0)        (-0.934981,0)       (0.204407,0)        (0.36,0)            
(1.04754,0)         (0.453918,0)        (-1.02584,0)        (0.18524,0)         (0.41,0)            
(1.04995,0)         (0.372819,0)        (-0.960861,0)       (0.228247,0)        (0.38,0)            
(1.05079,0)         (0.372306,0)        (-0.962821,0)       (0.230043,0)        (0.37,0)            
(1.05239,0)         (0.354875,0)        (-0.929155,0)       (0.226614,0)        (0.35,0)            
(1.05071,0)         (0.355954,0)        (-0.924594,0)       (0.222552,0)        (0.37,0)            
(1.04509,0)         (0.50632,0)         (-1.05094,0)        (0.146588,0)        (0.44,0)            
(1.05239,0)         (0.414822,0)        (-0.937396,0)       (0.16923,0)         (0.35,0)            
(1.05475,0)         (0.0745119,0)       (-0.777942,0)       (0.422516,0)        (0.32,0)            
(1.05401,0)         (0.348501,0)        (-0.891359,0)       (0.208966,0)        (0.33,0)            
(1.05481,0)         (0.30925,0)         (-0.866554,0)       (0.234054,0)        (0.32,0)            
(1.05157,0)         (0.390862,0)        (-0.92957,0)        (0.18925,0)         (0.36,0)            
(1.03946,0)         (0.648949,0)        (-1.20516,0)        (0.0966494,0)       (0.51,0)            
(1.05313,0)         (0.262619,0)        (-0.856684,0)       (0.276467,0)        (0.34,0)            
(1.0508,0)          (0.373376,0)        (-0.971165,0)       (0.234292,0)        (0.37,0)            
(1.0443,0)          (0.533583,0)        (-1.07327,0)        (0.132449,0)        (0.45,0)            
(1.05479,0)         (0.287191,0)        (-0.874174,0)       (0.262023,0)        (0.32,0)            
(1.05398,0)         (0.312012,0)        (-0.879999,0)       (0.239816,0)        (0.33,0)            
(1.0459,0)          (0.494806,0)        (-1.05639,0)        (0.162134,0)        (0.43,0)            
(1.05639,0)         (0.289679,0)        (-0.816201,0)       (0.222128,0)        (0.3,0)             
(1.04515,0)         (0.487198,0)        (-1.08679,0)        (0.189647,0)        (0.44,0)            
(1.05238,0)         (0.331637,0)        (-0.929712,0)       (0.251273,0)        (0.35,0)            
(1.04591,0)         (0.460402,0)        (-1.06235,0)        (0.201949,0)        (0.43,0)            
(1.0508,0)          (0.445504,0)        (-0.982979,0)       (0.166468,0)        (0.37,0)            
(1.05322,0)         (0.342182,0)        (-0.927543,0)       (0.238851,0)        (0.34,0)            
(1.05239,0)         (0.38928,0)         (-0.923187,0)       (0.186799,0)        (0.35,0)            
(1.04832,0)         (0.473598,0)        (-1.00029,0)        (0.148226,0)        (0.4,0)             
(1.04591,0)         (0.529156,0)        (-1.05106,0)        (0.122788,0)        (0.43,0)            
(1.05965,0)         (0.199205,0)        (-0.773361,0)       (0.289178,0)        (0.26,0)            
(1.04186,0)         (0.553473,0)        (-1.12056,0)        (0.142068,0)        (0.48,0)            
(1.04593,0)         (0.555713,0)        (-1.07425,0)        (0.109936,0)        (0.43,0)            
(1.05,0)            (0.459213,0)        (-0.993575,0)       (0.158949,0)        (0.38,0)            
(1.05474,0)         (0.232952,0)        (-0.820085,0)       (0.283947,0)        (0.32,0)            
(1.05237,0)         (0.340554,0)        (-0.908895,0)       (0.228557,0)        (0.35,0)            
(1.04838,0)         (0.332443,0)        (-1.00297,0)        (0.297557,0)        (0.4,0)             
(1.05241,0)         (0.380363,0)        (-0.944004,0)       (0.209514,0)        (0.35,0)            
(1.04834,0)         (0.451321,0)        (-1.01047,0)        (0.178071,0)        (0.4,0)             
(1.05158,0)         (0.38307,0)         (-0.95809,0)        (0.215745,0)        (0.36,0)            
(1.0427,0)          (0.554031,0)        (-1.13086,0)        (0.148113,0)        (0.47,0)            
(1.06123,0)         (0.201803,0)        (-0.714107,0)       (0.248346,0)        (0.24,0)            
(1.04993,0)         (0.360747,0)        (-0.956007,0)       (0.237748,0)        (0.38,0)            
(1.04673,0)         (0.504281,0)        (-1.04587,0)        (0.145464,0)        (0.42,0)            
(1.04912,0)         (0.398873,0)        (-0.973109,0)       (0.208881,0)        (0.39,0)            
(1.04754,0)         (0.478336,0)        (-1.03234,0)        (0.163891,0)        (0.41,0)            
(1.03622,0)         (0.670614,0)        (-1.25993,0)        (0.10923,0)         (0.55,0)            
(1.05077,0)         (0.419002,0)        (-0.959146,0)       (0.17885,0)         (0.37,0)            
(1.046,0)           (0.53884,0)         (-1.12551,0)        (0.160553,0)        (0.43,0)            
(1.04349,0)         (0.514889,0)        (-1.10478,0)        (0.172263,0)        (0.46,0)            
(1.04911,0)         (0.409984,0)        (-0.968339,0)       (0.194193,0)        (0.39,0)            
(1.04185,0)         (0.458107,0)        (-1.1093,0)         (0.234551,0)        (0.48,0)            
(1.04105,0)         (0.458757,0)        (-1.10909,0)        (0.233733,0)        (0.49,0)            
(1.04351,0)         (0.504793,0)        (-1.11853,0)        (0.191668,0)        (0.46,0)            
(1.05727,0)         (0.305683,0)        (-0.854468,0)       (0.23001,0)         (0.29,0)            
(1.05642,0)         (0.329543,0)        (-0.85067,0)        (0.202616,0)        (0.3,0)             
(1.04595,0)         (0.496837,0)        (-1.07435,0)        (0.171569,0)        (0.43,0)            
(1.04837,0)         (0.356915,0)        (-1.00884,0)        (0.275739,0)        (0.4,0)             
(1.04914,0)         (0.290338,0)        (-0.952321,0)       (0.309002,0)        (0.39,0)            
(1.05721,0)         (0.288152,0)        (-0.809178,0)       (0.219208,0)        (0.29,0)            
(1.0451,0)          (0.45968,0)         (-1.05397,0)        (0.197312,0)        (0.44,0)            
(1.05233,0)         (0.290758,0)        (-0.886259,0)       (0.266067,0)        (0.35,0)            
(1.04191,0)         (0.581293,0)        (-1.1532,0)         (0.133975,0)        (0.48,0)            
(1.05157,0)         (0.356458,0)        (-0.935538,0)       (0.229066,0)        (0.36,0)            
(1.04186,0)         (0.48247,0)         (-1.11645,0)        (0.213671,0)        (0.48,0)            
(1.04997,0)         (0.434905,0)        (-0.985789,0)       (0.179359,0)        (0.38,0)            
(1.04998,0)         (0.423794,0)        (-0.990559,0)       (0.194047,0)        (0.38,0)            
(1.04429,0)         (0.473691,0)        (-1.06439,0)        (0.189365,0)        (0.45,0)            
(1.05313,0)         (0.322565,0)        (-0.864925,0)       (0.219083,0)        (0.34,0)            
(1.04107,0)         (0.605976,0)        (-1.15728,0)        (0.110789,0)        (0.49,0)            
(1.04355,0)         (0.603424,0)        (-1.15418,0)        (0.111462,0)        (0.46,0)            
(1.05,0)            (0.43592,0)         (-0.994773,0)       (0.184076,0)        (0.38,0)            
(1.03869,0)         (0.689161,0)        (-1.23959,0)        (0.0767479,0)       (0.52,0)            
(1.05562,0)         (0.308847,0)        (-0.867234,0)       (0.234913,0)        (0.31,0)            
(1.04594,0)         (0.496891,0)        (-1.07371,0)        (0.1711,0)          (0.43,0)            
(1.04997,0)         (0.446017,0)        (-0.981018,0)       (0.164671,0)        (0.38,0)            
(1.05803,0)         (0.28657,0)         (-0.802795,0)       (0.216756,0)        (0.28,0)            
(1.04189,0)         (0.544502,0)        (-1.14202,0)        (0.165253,0)        (0.48,0)            
(1.04346,0)         (0.537167,0)        (-1.0946,0)         (0.142418,0)        (0.46,0)            
(1.03868,0)         (0.688091,0)        (-1.23124,0)        (0.0724996,0)       (0.52,0)            
(1.04673,0)         (0.455446,0)        (-1.03286,0)        (0.18816,0)         (0.42,0)            
(1.04994,0)         (0.348456,0)        (-0.953714,0)       (0.249126,0)        (0.38,0)            
(1.03869,0)         (0.676979,0)        (-1.23601,0)        (0.0871874,0)       (0.52,0)            
(1.05558,0)         (0.148075,0)        (-0.807298,0)       (0.364476,0)        (0.31,0)            
(1.04588,0)         (0.468249,0)        (-1.03319,0)        (0.174986,0)        (0.43,0)            
(1.0314,0)          (0.831689,0)        (-1.38218,0)        (0.0194368,0)       (0.61,0)            
(1.05238,0)         (0.341624,0)        (-0.917239,0)       (0.232805,0)        (0.35,0)            
(1.05236,0)         (0.351665,0)        (-0.904125,0)       (0.213869,0)        (0.35,0)            
(1.04027,0)         (0.620754,0)        (-1.17622,0)        (0.107519,0)        (0.5,0)             
(1.05001,0)         (0.5213,0)          (-1.0185,0)         (0.110061,0)        (0.38,0)            
(1.04993,0)         (0.420638,0)        (-0.964889,0)       (0.180833,0)        (0.38,0)            
(1.05474,0)         (0.256244,0)        (-0.818888,0)       (0.258819,0)        (0.32,0)            
(1.04344,0)         (0.500623,0)        (-1.08388,0)        (0.173737,0)        (0.46,0)            
(1.04349,0)         (0.392801,0)        (-1.07225,0)        (0.279004,0)        (0.46,0)            
(1.05723,0)         (0.241457,0)        (-0.812853,0)       (0.270401,0)        (0.29,0)            
(1.05078,0)         (0.298286,0)        (-0.934785,0)       (0.289412,0)        (0.37,0)            
(1.05237,0)         (0.341679,0)        (-0.916598,0)       (0.232336,0)        (0.35,0)            
(1.04921,0)         (0.464005,0)        (-1.02499,0)        (0.174145,0)        (0.39,0)            
(1.04834,0)         (0.451321,0)        (-1.01047,0)        (0.178071,0)        (0.4,0)             
(1.04999,0)         (0.374904,0)        (-0.978188,0)       (0.237212,0)        (0.38,0)            
(1.04027,0)         (0.609698,0)        (-1.18035,0)        (0.121737,0)        (0.5,0)             
(1.05156,0)         (0.356512,0)        (-0.934898,0)       (0.228597,0)        (0.36,0)            
(1.05719,0)         (0.205022,0)        (-0.800853,0)       (0.300781,0)        (0.29,0)            
(1.04598,0)         (0.512283,0)        (-1.10232,0)        (0.173405,0)        (0.43,0)            
(1.04995,0)         (0.360637,0)        (-0.957287,0)       (0.238686,0)        (0.38,0)            
(1.04594,0)         (0.520184,0)        (-1.07252,0)        (0.145972,0)        (0.43,0)            
(1.04756,0)         (0.465222,0)        (-1.02217,0)        (0.171062,0)        (0.41,0)            
(1.03947,0)         (0.612295,0)        (-1.19572,0)        (0.128906,0)        (0.51,0)            
(1.04832,0)         (0.450306,0)        (-1.00149,0)        (0.173353,0)        (0.4,0)             
(1.05076,0)         (0.334692,0)        (-0.943758,0)       (0.257114,0)        (0.37,0)            
(1.04837,0)         (0.535521,0)        (-1.02714,0)        (0.100746,0)        (0.4,0)             
(1.05561,0)         (0.224593,0)        (-0.851206,0)       (0.312707,0)        (0.31,0)            
(1.05882,0)         (0.222956,0)        (-0.770843,0)       (0.262723,0)        (0.27,0)            
(1.04265,0)         (0.515401,0)        (-1.10282,0)        (0.170466,0)        (0.47,0)            
(1.05798,0)         (0.187993,0)        (-0.766507,0)       (0.296494,0)        (0.28,0)            
(1.05315,0)         (0.262509,0)        (-0.857964,0)       (0.277405,0)        (0.34,0)            
(1.06122,0)         (0.130854,0)        (-0.709356,0)       (0.31948,0)         (0.24,0)            
(1.03626,0)         (0.673824,0)        (-1.28496,0)        (0.121975,0)        (0.55,0)            
(1.04592,0)         (0.459222,0)        (-1.05529,0)        (0.198639,0)        (0.43,0)            
(1.05235,0)         (0.281842,0)        (-0.907076,0)       (0.288782,0)        (0.35,0)            
(1.04998,0)         (0.374958,0)        (-0.977547,0)       (0.236743,0)        (0.38,0)            
(1.0451,0)          (0.484097,0)        (-1.06048,0)        (0.175963,0)        (0.44,0)            
(1.04753,0)         (0.453973,0)        (-1.0252,0)         (0.184771,0)        (0.41,0)            
(1.04507,0)         (0.470901,0)        (-1.04792,0)        (0.181686,0)        (0.44,0)            
(1.04837,0)         (0.441225,0)        (-1.02423,0)        (0.197476,0)        (0.4,0)             
(1.04834,0)         (0.426903,0)        (-1.00397,0)        (0.199419,0)        (0.4,0)             
(1.04836,0)         (0.416862,0)        (-1.01708,0)        (0.218355,0)        (0.4,0)             
(1.05161,0)         (0.296649,0)        (-0.929043,0)       (0.287429,0)        (0.36,0)            
(1.05402,0)         (0.302985,0)        (-0.902097,0)       (0.263469,0)        (0.33,0)            
(1.04915,0)         (0.410122,0)        (-0.970085,0)       (0.195172,0)        (0.39,0)            
(1.04591,0)         (0.493627,0)        (-1.04932,0)        (0.158824,0)        (0.43,0)            
(1.05238,0)         (0.306095,0)        (-0.915503,0)       (0.268842,0)        (0.35,0)            
(1.04758,0)         (0.481546,0)        (-1.05737,0)        (0.176636,0)        (0.41,0)            
(1.05564,0)         (0.356503,0)        (-0.873182,0)       (0.188906,0)        (0.31,0)            
(1.04269,0)         (0.493069,0)        (-1.11364,0)        (0.20078,0)         (0.47,0)            
(1.04755,0)         (0.478281,0)        (-1.03298,0)        (0.164361,0)        (0.41,0)            
(1.05161,0)         (0.418435,0)        (-0.961747,0)       (0.181116,0)        (0.36,0)            
(1.04676,0)         (0.518602,0)        (-1.06613,0)        (0.143521,0)        (0.42,0)            
(1.0419,0)          (0.571114,0)        (-1.16457,0)        (0.151932,0)        (0.48,0)            
(1.05157,0)         (0.393111,0)        (-0.944977,0)       (0.196809,0)        (0.36,0)            
(1.04271,0)         (0.579518,0)        (-1.14571,0)        (0.131014,0)        (0.47,0)            
(1.0507,0)          (0.354884,0)        (-0.91625,0)        (0.218303,0)        (0.37,0)            
(1.04029,0)         (0.624074,0)        (-1.19997,0)        (0.119325,0)        (0.5,0)             
(1.04994,0)         (0.443877,0)        (-0.964332,0)       (0.156175,0)        (0.38,0)            
(1.04594,0)         (0.482708,0)        (-1.0552,0)         (0.174022,0)        (0.43,0)            
(1.04754,0)         (0.466154,0)        (-1.02877,0)        (0.174331,0)        (0.41,0)            
(1.04191,0)         (0.654244,0)        (-1.17289,0)        (0.0703586,0)       (0.48,0)            
(1.05644,0)         (0.221831,0)        (-0.83776,0)        (0.306945,0)        (0.3,0)             
(1.0419,0)          (0.533335,0)        (-1.14743,0)        (0.18041,0)         (0.48,0)            
(1.04427,0)         (0.534515,0)        (-1.07987,0)        (0.135719,0)        (0.45,0)            
(1.05077,0)         (0.383473,0)        (-0.95741,0)        (0.214886,0)        (0.37,0)            
(1.05641,0)         (0.256345,0)        (-0.830512,0)       (0.266192,0)        (0.3,0)             
(1.05157,0)         (0.389737,0)        (-0.921867,0)       (0.185471,0)        (0.36,0)            
(1.04352,0)         (0.564685,0)        (-1.12741,0)        (0.134753,0)        (0.46,0)            
(1.05083,0)         (0.412115,0)        (-0.99793,0)        (0.211,0)           (0.37,0)            
(1.04344,0)         (0.487316,0)        (-1.0726,0)         (0.180397,0)        (0.46,0)            
(1.0467,0)          (0.404525,0)        (-1.00252,0)        (0.221891,0)        (0.42,0)            
(1.05159,0)         (0.345291,0)        (-0.940949,0)       (0.244223,0)        (0.36,0)            
(1.05073,0)         (0.369206,0)        (-0.93651,0)        (0.21636,0)         (0.37,0)            
(1.05317,0)         (0.336832,0)        (-0.885825,0)       (0.217609,0)        (0.34,0)            
(1.04109,0)         (0.632533,0)        (-1.18047,0)        (0.0979375,0)       (0.49,0)            
(1.0468,0)          (0.471852,0)        (-1.07045,0)        (0.195183,0)        (0.42,0)            
(1.04915,0)         (0.424251,0)        (-0.989239,0)       (0.192719,0)        (0.39,0)            
