78
e_L                 onsite              nnhop               ospair              nnJastrow           
(1.05073,0)         (0.392512,0)        (-0.935356,0)       (0.191264,0)        (0.37,0)            
(1.04429,0)         (0.547783,0)        (-1.09184,0)        (0.129559,0)        (0.45,0)            
(1.05396,0)         (0.225517,0)        (-0.848606,0)       (0.310087,0)        (0.33,0)            
(1.04672,0)         (0.478808,0)        (-1.03107,0)        (0.162596,0)        (0.42,0)            
(1.03466,0)         (0.725626,0)        (-1.31337,0)        (0.0860938,0)       (0.57,0)            
(1.04592,0)         (0.471474,0)        (-1.05827,0)        (0.187765,0)        (0.43,0)            
(1.04836,0)         (0.475699,0)        (-1.01767,0)        (0.157223,0)        (0.4,0)             
(1.05638,0)         (0.229851,0)        (-0.806716,0)       (0.278607,0)        (0.3,0)             
(1.05236,0)         (0.351677,0)        (-0.904167,0)       (0.213901,0)        (0.35,0)            
(1.04512,0)         (0.48543,0)         (-1.06934,0)        (0.180287,0)        (0.44,0)            
(1.04592,0)         (0.399345,0)        (-1.04646,0)        (0.255593,0)        (0.43,0)            
(1.04753,0)         (0.478406,0)        (-1.03175,0)        (0.163455,0)        (0.41,0)            
(1.03866,0)         (0.56838,0)         (-1.2129,0)         (0.1859,0)          (0.52,0)            
(1.04832,0)         (0.437013,0)        (-0.990258,0)       (0.180046,0)        (0.4,0)             
(1.06047,0)         (0.147973,0)        (-0.746124,0)       (0.32525,0)         (0.25,0)            
(1.04992,0)         (0.369621,0)        (-0.935874,0)       (0.215534,0)        (0.38,0)            
(1.05162,0)         (0.382919,0)        (-0.960058,0)       (0.217186,0)        (0.36,0)            
(1.05398,0)         (0.252076,0)        (-0.871801,0)       (0.297236,0)        (0.33,0)            
(1.04591,0)         (0.482585,0)        (-1.0535,0)         (0.173076,0)        (0.43,0)            
(1.05322,0)         (0.401017,0)        (-0.928125,0)       (0.177718,0)        (0.34,0)            
(1.04752,0)         (0.477335,0)        (-1.02341,0)        (0.159206,0)        (0.41,0)            
(1.04911,0)         (0.372273,0)        (-0.950601,0)       (0.222235,0)        (0.39,0)            
(1.04673,0)         (0.468822,0)        (-1.04355,0)        (0.181065,0)        (0.42,0)            
(1.03948,0)         (0.685513,0)        (-1.21593,0)        (0.0653627,0)       (0.51,0)            
(1.04996,0)         (0.420543,0)        (-0.966215,0)       (0.181803,0)        (0.38,0)            
(1.04186,0)         (0.591215,0)        (-1.1384,0)         (0.114092,0)        (0.48,0)            
(1.03948,0)         (0.615634,0)        (-1.21953,0)        (0.14075,0)         (0.51,0)            
(1.0548,0)          (0.297134,0)        (-0.862381,0)       (0.244057,0)        (0.32,0)            
(1.04433,0)         (0.538757,0)        (-1.11394,0)        (0.153215,0)        (0.45,0)            
(1.05238,0)         (0.402654,0)        (-0.933868,0)       (0.1797,0)          (0.35,0)            
(1.05319,0)         (0.386695,0)        (-0.907863,0)       (0.17966,0)         (0.34,0)            
(1.04678,0)         (0.579581,0)        (-1.08341,0)        (0.0908842,0)       (0.42,0)            
(1.05482,0)         (0.334749,0)        (-0.881445,0)       (0.216986,0)        (0.32,0)            
(1.05406,0)         (0.413811,0)        (-0.941363,0)       (0.172855,0)        (0.33,0)            
(1.0564,0)          (0.229742,0)        (-0.807997,0)       (0.279545,0)        (0.3,0)             
(1.04833,0)         (0.352895,0)        (-0.975977,0)       (0.258823,0)        (0.4,0)             
(1.05076,0)         (0.334705,0)        (-0.943805,0)       (0.257149,0)        (0.37,0)            
(1.05316,0)         (0.372373,0)        (-0.887601,0)       (0.181602,0)        (0.34,0)            
(1.04834,0)         (0.440279,0)        (-1.01465,0)        (0.192323,0)        (0.4,0)             
(1.0435,0)          (0.539269,0)        (-1.11198,0)        (0.151418,0)        (0.46,0)            
(1.05078,0)         (0.456685,0)        (-0.977615,0)       (0.151341,0)        (0.37,0)            
(1.04913,0)         (0.374414,0)        (-0.96729,0)        (0.230732,0)        (0.39,0)            
(1.05488,0)         (0.387811,0)        (-0.928475,0)       (0.191752,0)        (0.32,0)            
(1.04914,0)         (0.398777,0)        (-0.974436,0)       (0.209852,0)        (0.39,0)            
(1.05073,0)         (0.354787,0)        (-0.917573,0)       (0.219273,0)        (0.37,0)            
(1.04913,0)         (0.398832,0)        (-0.973796,0)       (0.209383,0)        (0.39,0)            
(1.04107,0)         (0.509447,0)        (-1.13902,0)        (0.199999,0)        (0.49,0)            
(1.04352,0)         (0.612413,0)        (-1.13278,0)        (0.0883087,0)       (0.46,0)            
(1.05077,0)         (0.372429,0)        (-0.961588,0)       (0.22914,0)         (0.37,0)            
(1.054,0)           (0.335207,0)        (-0.880124,0)       (0.215658,0)        (0.33,0)            
(1.04834,0)         (0.414736,0)        (-1.00044,0)        (0.209893,0)        (0.4,0)             
(1.03945,0)         (0.62348,0)         (-1.19037,0)        (0.113783,0)        (0.51,0)            
(1.04108,0)         (0.571589,0)        (-1.16331,0)        (0.15064,0)         (0.49,0)            
(1.05723,0)         (0.170462,0)        (-0.808782,0)       (0.342041,0)        (0.29,0)            
(1.05234,0)         (0.327369,0)        (-0.89638,0)        (0.234312,0)        (0.35,0)            
(1.0451,0)          (0.484113,0)        (-1.06053,0)        (0.175997,0)        (0.44,0)            
(1.04272,0)         (0.553993,0)        (-1.13156,0)        (0.148617,0)        (0.47,0)            
(1.04514,0)         (0.473962,0)        (-1.07492,0)        (0.195873,0)        (0.44,0)            
(1.05154,0)         (0.365441,0)        (-0.914123,0)       (0.205913,0)        (0.36,0)            
(1.04432,0)         (0.52663,0)         (-1.10973,0)        (0.163186,0)        (0.45,0)            
(1.03381,0)         (0.716261,0)        (-1.3226,0)         (0.101827,0)        (0.58,0)            
(1.04673,0)         (0.505421,0)        (-1.05363,0)        (0.149275,0)        (0.42,0)            
(1.04994,0)         (0.300757,0)        (-0.948453,0)       (0.295639,0)        (0.38,0)            
(1.05075,0)         (0.258433,0)        (-0.900359,0)       (0.30896,0)         (0.37,0)            
(1.05001,0)         (0.412587,0)        (-0.996659,0)       (0.209708,0)        (0.38,0)            
(1.04995,0)         (0.432779,0)        (-0.969147,0)       (0.170893,0)        (0.38,0)            
(1.05238,0)         (0.306107,0)        (-0.915548,0)       (0.268877,0)        (0.35,0)            
(1.05562,0)         (0.272259,0)        (-0.857196,0)       (0.266734,0)        (0.31,0)            
(1.05155,0)         (0.378748,0)        (-0.9254,0)         (0.199252,0)        (0.36,0)            
(1.05889,0)         (0.264915,0)        (-0.82268,0)        (0.25221,0)         (0.27,0)            
(1.04833,0)         (0.438084,0)        (-0.998602,0)       (0.184295,0)        (0.4,0)             
(1.05158,0)         (0.415238,0)        (-0.93676,0)        (0.168401,0)        (0.36,0)            
(1.04674,0)         (0.517603,0)        (-1.0572,0)         (0.138835,0)        (0.42,0)            
(1.04112,0)         (0.633567,0)        (-1.18952,0)        (0.102689,0)        (0.49,0)            
(1.04669,0)         (0.4179,0)          (-1.01321,0)        (0.214796,0)        (0.42,0)            
(1.04509,0)         (0.496349,0)        (-1.06346,0)        (0.165088,0)        (0.44,0)            
(1.054,0)           (0.277564,0)        (-0.886651,0)       (0.280136,0)        (0.33,0)            
(1.04836,0)         (0.36804,0)         (-1.00412,0)        (0.261089,0)        (0.4,0)             
(1.05077,0)         (0.395722,0)        (-0.96039,0)        (0.204011,0)        (0.37,0)            
(1.05156,0)         (0.379818,0)        (-0.933745,0)       (0.203501,0)        (0.36,0)            
(1.04186,0)         (0.505779,0)        (-1.11531,0)        (0.18858,0)         (0.48,0)            
(1.05077,0)         (0.41789,0)         (-0.951487,0)       (0.175102,0)        (0.37,0)            
(1.04511,0)         (0.509601,0)        (-1.07538,0)        (0.158897,0)        (0.44,0)            
(1.04909,0)         (0.384565,0)        (-0.952894,0)       (0.210856,0)        (0.39,0)            
(1.04433,0)         (0.574286,0)        (-1.11567,0)        (0.117177,0)        (0.45,0)            
(1.04915,0)         (0.389915,0)        (-0.994616,0)       (0.232101,0)        (0.39,0)            
(1.05397,0)         (0.275423,0)        (-0.869962,0)       (0.271638,0)        (0.33,0)            
(1.05004,0)         (0.499038,0)        (-1.02873,0)        (0.139938,0)        (0.38,0)            
(1.04675,0)         (0.446544,0)        (-1.05373,0)        (0.210912,0)        (0.42,0)            
(1.05155,0)         (0.378748,0)        (-0.9254,0)         (0.199252,0)        (0.36,0)            
(1.04516,0)         (0.573774,0)        (-1.11764,0)        (0.118974,0)        (0.44,0)            
(1.0427,0)          (0.555173,0)        (-1.13862,0)        (0.151928,0)        (0.47,0)            
(1.04511,0)         (0.534019,0)        (-1.08188,0)        (0.137548,0)        (0.44,0)            
(1.04676,0)         (0.530855,0)        (-1.06912,0)        (0.132644,0)        (0.42,0)            
(1.05154,0)         (0.292187,0)        (-0.894605,0)       (0.26996,0)         (0.36,0)            
(1.04836,0)         (0.512298,0)        (-1.02774,0)        (0.125434,0)        (0.4,0)             
(1.04919,0)         (0.499604,0)        (-1.02613,0)        (0.137672,0)        (0.39,0)            
(1.05396,0)         (0.299896,0)        (-0.875828,0)       (0.249819,0)        (0.33,0)            
(1.05075,0)         (0.429056,0)        (-0.946076,0)       (0.159944,0)        (0.37,0)            
(1.04513,0)         (0.487323,0)        (-1.08556,0)        (0.188744,0)        (0.44,0)            
(1.03948,0)         (0.590091,0)        (-1.20532,0)        (0.158319,0)        (0.51,0)            
(1.04186,0)         (0.554615,0)        (-1.12832,0)        (0.145881,0)        (0.48,0)            
(1.04593,0)         (0.566841,0)        (-1.06953,0)        (0.095278,0)        (0.43,0)            
(1.04914,0)         (0.362177,0)        (-0.964357,0)       (0.241642,0)        (0.39,0)            
(1.04598,0)         (0.534468,0)        (-1.09347,0)        (0.144532,0)        (0.43,0)            
(1.04674,0)         (0.504242,0)        (-1.04656,0)        (0.145965,0)        (0.42,0)            
(1.04992,0)         (0.381857,0)        (-0.938807,0)       (0.204625,0)        (0.38,0)            
(1.0475,0)          (0.39083,0)         (-0.991973,0)       (0.229445,0)        (0.41,0)            
(1.04429,0)         (0.462347,0)        (-1.06875,0)        (0.204047,0)        (0.45,0)            
(1.05404,0)         (0.36396,0)         (-0.919367,0)       (0.210835,0)        (0.33,0)            
(1.04914,0)         (0.401027,0)        (-0.989844,0)       (0.217412,0)        (0.39,0)            
(1.05404,0)         (0.339542,0)        (-0.912861,0)       (0.232184,0)        (0.33,0)            
(1.05162,0)         (0.445061,0)        (-0.984347,0)       (0.167828,0)        (0.36,0)            
(1.04837,0)         (0.464532,0)        (-1.02308,0)        (0.172382,0)        (0.4,0)             
(1.04028,0)         (0.561951,0)        (-1.17574,0)        (0.168719,0)        (0.5,0)             
(1.04269,0)         (0.589632,0)        (-1.13201,0)        (0.11164,0)         (0.47,0)            
(1.04995,0)         (0.385068,0)        (-0.96384,0)        (0.217372,0)        (0.38,0)            
(1.04192,0)         (0.642026,0)        (-1.17002,0)        (0.0812991,0)       (0.48,0)            
(1.05156,0)         (0.261103,0)        (-0.924327,0)       (0.321587,0)        (0.36,0)            
(1.04351,0)         (0.539214,0)        (-1.11262,0)        (0.151887,0)        (0.46,0)            
(1.04917,0)         (0.413099,0)        (-0.994698,0)       (0.20791,0)         (0.39,0)            
(1.05238,0)         (0.330525,0)        (-0.922054,0)       (0.247528,0)        (0.35,0)            
(1.05162,0)         (0.43063,0)         (-0.965366,0)       (0.170708,0)        (0.36,0)            
(1.04268,0)         (0.444304,0)        (-1.10004,0)        (0.243046,0)        (0.47,0)            
(1.04429,0)         (0.48564,0)         (-1.06755,0)        (0.178918,0)        (0.45,0)            
(1.05962,0)         (0.134931,0)        (-0.73242,0)        (0.330072,0)        (0.26,0)            
(1.04275,0)         (0.582747,0)        (-1.1708,0)         (0.143794,0)        (0.47,0)            
(1.05236,0)         (0.388332,0)        (-0.913606,0)       (0.181642,0)        (0.35,0)            
(1.04109,0)         (0.643663,0)        (-1.17576,0)        (0.0832816,0)       (0.49,0)            
(1.04749,0)         (0.439721,0)        (-1.00434,0)        (0.186277,0)        (0.41,0)            
(1.05079,0)         (0.421155,0)        (-0.97588,0)        (0.18738,0)         (0.37,0)            
(1.0467,0)          (0.4545,0)          (-1.02329,0)        (0.183007,0)        (0.42,0)            
(1.04672,0)         (0.468876,0)        (-1.04291,0)        (0.180596,0)        (0.42,0)            
(1.04508,0)         (0.471986,0)        (-1.05631,0)        (0.185968,0)        (0.44,0)            
(1.04995,0)         (0.48049,0)         (-0.974455,0)       (0.124415,0)        (0.38,0)            
(1.04671,0)         (0.383441,0)        (-1.01982,0)        (0.255083,0)        (0.42,0)            
(1.0549,0)          (0.389951,0)        (-0.945163,0)       (0.20025,0)         (0.32,0)            
(1.04429,0)         (0.512308,0)        (-1.08946,0)        (0.165128,0)        (0.45,0)            
(1.04433,0)         (0.56205,0)         (-1.11274,0)        (0.128086,0)        (0.45,0)            
(1.04914,0)         (0.425445,0)        (-0.99635,0)        (0.196063,0)        (0.39,0)            
(1.0427,0)          (0.577341,0)        (-1.12972,0)        (0.123019,0)        (0.47,0)            
(1.04835,0)         (0.439099,0)        (-1.00759,0)        (0.189013,0)        (0.4,0)             
(1.05236,0)         (0.352802,0)        (-0.911871,0)       (0.217681,0)        (0.35,0)            
(1.05077,0)         (0.357943,0)        (-0.943247,0)       (0.232489,0)        (0.37,0)            
(1.04997,0)         (0.458212,0)        (-0.984638,0)       (0.154262,0)        (0.38,0)            
(1.04909,0)         (0.432276,0)        (-0.958201,0)       (0.164378,0)        (0.39,0)            
(1.05152,0)         (0.328951,0)        (-0.902763,0)       (0.236763,0)        (0.36,0)            
(1.04429,0)         (0.512308,0)        (-1.08946,0)        (0.165128,0)        (0.45,0)            
(1.04354,0)         (0.551588,0)        (-1.1173,0)         (0.141957,0)        (0.46,0)            
(1.04757,0)         (0.517091,0)        (-1.05916,0)        (0.140633,0)        (0.41,0)            
(1.05881,0)         (0.234131,0)        (-0.765467,0)       (0.247596,0)        (0.27,0)            
(1.05562,0)         (0.31997,0)         (-0.862504,0)       (0.220256,0)        (0.31,0)            
(1.04913,0)         (0.446543,0)        (-0.979104,0)       (0.162905,0)        (0.39,0)            
(1.04835,0)         (0.415806,0)        (-1.00879,0)        (0.214142,0)        (0.4,0)             
(1.04993,0)         (0.406221,0)        (-0.945953,0)       (0.183745,0)        (0.38,0)            
(1.04274,0)         (0.60497,0)         (-1.16126,0)        (0.114416,0)        (0.47,0)            
(1.05074,0)         (0.418,0)           (-0.950207,0)       (0.174164,0)        (0.37,0)            
(1.04993,0)         (0.32523,0)         (-0.954318,0)       (0.273821,0)        (0.38,0)            
(1.04674,0)         (0.517603,0)        (-1.0572,0)         (0.138835,0)        (0.42,0)            
(1.04348,0)         (0.500474,0)        (-1.08585,0)        (0.175179,0)        (0.46,0)            
(1.04509,0)         (0.508586,0)        (-1.06639,0)        (0.154179,0)        (0.44,0)            
(1.05473,0)         (0.258559,0)        (-0.833692,0)       (0.265941,0)        (0.32,0)            
(1.05239,0)         (0.29387,0)         (-0.912615,0)       (0.279786,0)        (0.35,0)            
(1.05237,0)         (0.351623,0)        (-0.904807,0)       (0.21437,0)         (0.35,0)            
(1.0467,0)          (0.442263,0)        (-1.02035,0)        (0.193916,0)        (0.42,0)            
(1.05158,0)         (0.406376,0)        (-0.956939,0)       (0.19065,0)         (0.36,0)            
(1.05319,0)         (0.243562,0)        (-0.89194,0)        (0.319095,0)        (0.34,0)            
(1.05158,0)         (0.356415,0)        (-0.936223,0)       (0.229569,0)        (0.36,0)            
(1.04752,0)         (0.440736,0)        (-1.01333,0)        (0.190995,0)        (0.41,0)            
(1.05075,0)         (0.383595,0)        (-0.956176,0)       (0.213982,0)        (0.37,0)            
(1.0379,0)          (0.656249,0)        (-1.25328,0)        (0.119989,0)        (0.53,0)            
(1.04027,0)         (0.586423,0)        (-1.18161,0)        (0.1469,0)          (0.5,0)             
(1.04431,0)         (0.537741,0)        (-1.10495,0)        (0.148497,0)        (0.45,0)            
(1.03625,0)         (0.732667,0)        (-1.28556,0)        (0.0608451,0)       (0.55,0)            
(1.05076,0)         (0.346941,0)        (-0.946737,0)       (0.24624,0)         (0.37,0)            
(1.05236,0)         (0.365039,0)        (-0.914804,0)       (0.206771,0)        (0.35,0)            
(1.04676,0)         (0.458726,0)        (-1.0573,0)         (0.200472,0)        (0.42,0)            
(1.05323,0)         (0.329135,0)        (-0.916777,0)       (0.245586,0)        (0.34,0)            
(1.04109,0)         (0.546294,0)        (-1.14956,0)        (0.16825,0)         (0.49,0)            
(1.03781,0)         (0.581183,0)        (-1.21323,0)        (0.172724,0)        (0.53,0)            
(1.0548,0)          (0.259355,0)        (-0.845238,0)       (0.272536,0)        (0.32,0)            
(1.04673,0)         (0.49324,0)         (-1.05005,0)        (0.159716,0)        (0.42,0)            
(1.04352,0)         (0.587995,0)        (-1.12627,0)        (0.109658,0)        (0.46,0)            
(1.05157,0)         (0.390875,0)        (-0.929614,0)       (0.189281,0)        (0.36,0)            
(1.04753,0)         (0.501699,0)        (-1.03055,0)        (0.138326,0)        (0.41,0)            
(1.05561,0)         (0.295607,0)        (-0.855358,0)       (0.241136,0)        (0.31,0)            
(1.04759,0)         (0.455964,0)        (-1.04386,0)        (0.194709,0)        (0.41,0)            
(1.05798,0)         (0.21017,0)         (-0.75764,0)        (0.267617,0)        (0.28,0)            
(1.04665,0)         (0.38034,0)         (-0.993503,0)       (0.241398,0)        (0.42,0)            
(1.04914,0)         (0.401027,0)        (-0.989844,0)       (0.217412,0)        (0.39,0)            
(1.05482,0)         (0.299274,0)        (-0.87907,0)        (0.252555,0)        (0.32,0)            
(1.0516,0)          (0.381903,0)        (-0.951074,0)       (0.212468,0)        (0.36,0)            
(1.05962,0)         (0.148238,0)        (-0.743697,0)       (0.323412,0)        (0.26,0)            
(1.05078,0)         (0.432267,0)        (-0.971109,0)       (0.172691,0)        (0.37,0)            
(1.04836,0)         (0.475699,0)        (-1.01767,0)        (0.157223,0)        (0.4,0)             
(1.05158,0)         (0.380833,0)        (-0.942729,0)       (0.208219,0)        (0.36,0)            
(1.04834,0)         (0.342607,0)        (-0.988627,0)       (0.27772,0)         (0.4,0)             
(1.05482,0)         (0.311456,0)        (-0.882643,0)       (0.242115,0)        (0.32,0)            
(1.04838,0)         (0.537731,0)        (-1.04324,0)        (0.108803,0)        (0.4,0)             
(1.05318,0)         (0.350095,0)        (-0.897784,0)       (0.211449,0)        (0.34,0)            
(1.0508,0)          (0.45663,0)         (-0.978255,0)       (0.151811,0)        (0.37,0)            
(1.05316,0)         (0.350205,0)        (-0.896503,0)       (0.210511,0)        (0.34,0)            
(1.04346,0)         (0.451748,0)        (-1.07156,0)        (0.216939,0)        (0.46,0)            
(1.04672,0)         (0.443334,0)        (-1.0287,0)         (0.198165,0)        (0.42,0)            
(1.04751,0)         (0.428554,0)        (-1.00976,0)        (0.201435,0)        (0.41,0)            
(1.04914,0)         (0.459849,0)        (-0.990381,0)       (0.156245,0)        (0.39,0)            
(1.03945,0)         (0.611299,0)        (-1.18679,0)        (0.124223,0)        (0.51,0)            
(1.04917,0)         (0.461935,0)        (-1.00771,0)        (0.165212,0)        (0.39,0)            
(1.04349,0)         (0.502669,0)        (-1.1019,0)         (0.183207,0)        (0.46,0)            
(1.04511,0)         (0.485183,0)        (-1.06887,0)        (0.180246,0)        (0.44,0)            
(1.04029,0)         (0.682861,0)        (-1.20121,0)        (0.0586621,0)       (0.5,0)             
(1.04266,0)         (0.502057,0)        (-1.09223,0)        (0.17763,0)         (0.47,0)            
(1.04918,0)         (0.510716,0)        (-1.02136,0)        (0.122983,0)        (0.39,0)            
(1.04831,0)         (0.375996,0)        (-0.973673,0)       (0.233184,0)        (0.4,0)             
(1.04189,0)         (0.604412,0)        (-1.15095,0)        (0.10837,0)         (0.48,0)            
(1.04754,0)         (0.392916,0)        (-1.0093,0)         (0.238412,0)        (0.41,0)            
(1.05078,0)         (0.418137,0)        (-0.951953,0)       (0.175143,0)        (0.37,0)            
(1.05397,0)         (0.28766,0)         (-0.872895,0)       (0.260729,0)        (0.33,0)            
(1.04109,0)         (0.609259,0)        (-1.18173,0)        (0.1231,0)          (0.49,0)            
(1.04354,0)         (0.601247,0)        (-1.13819,0)        (0.103467,0)        (0.46,0)            
(1.05479,0)         (0.186458,0)        (-0.824905,0)       (0.335686,0)        (0.32,0)            
(1.06122,0)         (0.177447,0)        (-0.706993,0)       (0.269254,0)        (0.24,0)            
(1.05641,0)         (0.134567,0)        (-0.797847,0)       (0.372543,0)        (0.3,0)             
(1.04594,0)         (0.507964,0)        (-1.06963,0)        (0.156914,0)        (0.43,0)            
(1.05481,0)         (0.370333,0)        (-0.882539,0)       (0.180479,0)        (0.32,0)            
(1.04838,0)         (0.524425,0)        (-1.03196,0)        (0.115463,0)        (0.4,0)             
(1.05881,0)         (0.187544,0)        (-0.767863,0)       (0.297854,0)        (0.27,0)            
(1.03866,0)         (0.687095,0)        (-1.22232,0)        (0.0678144,0)       (0.52,0)            
(1.03866,0)         (0.652691,0)        (-1.22829,0)        (0.107632,0)        (0.52,0)            
(1.05641,0)         (0.217506,0)        (-0.805064,0)       (0.290455,0)        (0.3,0)             
(1.0435,0)          (0.58698,0)         (-1.11729,0)        (0.10494,0)         (0.46,0)            
(1.05483,0)         (0.300345,0)        (-0.887414,0)       (0.256804,0)        (0.32,0)            
(1.04753,0)         (0.477281,0)        (-1.02405,0)        (0.159675,0)        (0.41,0)            
(1.0548,0)          (0.358152,0)        (-0.878966,0)       (0.190919,0)        (0.32,0)            
(1.0435,0)          (0.599162,0)        (-1.12086,0)        (0.0944998,0)       (0.46,0)            
(1.04507,0)         (0.45868,0)         (-1.04504,0)        (0.192628,0)        (0.44,0)            
(1.04994,0)         (0.419472,0)        (-0.95787,0)        (0.177554,0)        (0.38,0)            
(1.04357,0)         (0.593401,0)        (-1.16735,0)        (0.130434,0)        (0.46,0)            
(1.04679,0)         (0.556233,0)        (-1.08525,0)        (0.116482,0)        (0.42,0)            
(1.04838,0)         (0.466727,0)        (-1.03913,0)        (0.18041,0)         (0.4,0)             
(1.0508,0)          (0.411169,0)        (-0.988355,0)       (0.205848,0)        (0.37,0)            
(1.04756,0)         (0.491603,0)        (-1.04431,0)        (0.157733,0)        (0.41,0)            
(1.05477,0)         (0.308355,0)        (-0.856329,0)       (0.22843,0)         (0.32,0)            
(1.0459,0)          (0.518115,0)        (-1.05524,0)        (0.137038,0)        (0.43,0)            
(1.05077,0)         (0.455615,0)        (-0.96927,0)        (0.147093,0)        (0.37,0)            
(1.04434,0)         (0.538702,0)        (-1.11458,0)        (0.153685,0)        (0.45,0)            
(1.04272,0)         (0.5307,0)          (-1.13276,0)        (0.173746,0)        (0.47,0)            
(1.0508,0)          (0.422225,0)        (-0.984224,0)       (0.191629,0)        (0.37,0)            
(1.05076,0)         (0.323648,0)        (-0.947936,0)       (0.271369,0)        (0.37,0)            
(1.0451,0)          (0.521837,0)        (-1.07831,0)        (0.147988,0)        (0.44,0)            
(1.05558,0)         (0.28016,0)         (-0.827392,0)       (0.239299,0)        (0.31,0)            
(1.04834,0)         (0.474628,0)        (-1.00932,0)        (0.152975,0)        (0.4,0)             
(1.04678,0)         (0.483034,0)        (-1.06509,0)        (0.180061,0)        (0.42,0)            
(1.04753,0)         (0.430695,0)        (-1.02645,0)        (0.209933,0)        (0.41,0)            
(1.05476,0)         (0.197377,0)        (-0.819028,0)       (0.320487,0)        (0.32,0)            
(1.04516,0)         (0.549356,0)        (-1.11113,0)        (0.140324,0)        (0.44,0)            
(1.04268,0)         (0.576326,0)        (-1.12074,0)        (0.118301,0)        (0.47,0)            
(1.05078,0)         (0.456685,0)        (-0.977615,0)       (0.151341,0)        (0.37,0)            
(1.04027,0)         (0.558933,0)        (-1.15181,0)        (0.156482,0)        (0.5,0)             
(1.04595,0)         (0.521271,0)        (-1.08091,0)        (0.150254,0)        (0.43,0)            
(1.06053,0)         (0.272862,0)        (-0.805142,0)       (0.232617,0)        (0.25,0)            
(1.04672,0)         (0.504351,0)        (-1.04528,0)        (0.145027,0)        (0.42,0)            
(1.04591,0)         (0.481461,0)        (-1.0458,0)         (0.169297,0)        (0.43,0)            
(1.04837,0)         (0.476769,0)        (-1.02601,0)        (0.161472,0)        (0.4,0)             
(1.0483,0)          (0.340521,0)        (-0.971298,0)       (0.268753,0)        (0.4,0)             
(1.04669,0)         (0.406844,0)        (-1.01734,0)        (0.229016,0)        (0.42,0)            
(1.0516,0)          (0.406321,0)        (-0.95758,0)        (0.191119,0)        (0.36,0)            
(1.04676,0)         (0.530855,0)        (-1.06912,0)        (0.132644,0)        (0.42,0)            
(1.05314,0)         (0.299229,0)        (-0.866803,0)       (0.244711,0)        (0.34,0)            
(1.05401,0)         (0.267522,0)        (-0.899767,0)       (0.299074,0)        (0.33,0)            
(1.05642,0)         (0.317372,0)        (-0.847136,0)       (0.213086,0)        (0.3,0)             
(1.05798,0)         (0.114748,0)        (-0.747025,0)       (0.360574,0)        (0.28,0)            
(1.0492,0)          (0.464075,0)        (-1.0244,0)         (0.17371,0)         (0.39,0)            
(1.04996,0)         (0.338729,0)        (-0.966701,0)       (0.26767,0)         (0.38,0)            
(1.05235,0)         (0.327314,0)        (-0.897021,0)       (0.234781,0)        (0.35,0)            
(1.04434,0)         (0.575356,0)        (-1.12402,0)        (0.121426,0)        (0.45,0)            
(1.04912,0)         (0.300392,0)        (-0.939253,0)       (0.290103,0)        (0.39,0)            
(1.04752,0)         (0.477335,0)        (-1.02341,0)        (0.159206,0)        (0.41,0)            
(1.04752,0)         (0.439611,0)        (-1.00563,0)        (0.187215,0)        (0.41,0)            
(1.04511,0)         (0.508476,0)        (-1.06767,0)        (0.155117,0)        (0.44,0)            
(1.05158,0)         (0.356415,0)        (-0.936223,0)       (0.229569,0)        (0.36,0)            
(1.04349,0)         (0.55038,0)         (-1.10721,0)        (0.136729,0)        (0.46,0)            
(1.05158,0)         (0.322066,0)        (-0.941553,0)       (0.268917,0)        (0.36,0)            
(1.04999,0)         (0.449296,0)        (-1.00546,0)        (0.17698,0)         (0.38,0)            
(1.05245,0)         (0.442354,0)        (-0.97026,0)        (0.161596,0)        (0.35,0)            
(1.04672,0)         (0.418916,0)        (-1.02219,0)        (0.219514,0)        (0.42,0)            
(1.0467,0)          (0.41897,0)         (-1.02155,0)        (0.219045,0)        (0.42,0)            
(1.04749,0)         (0.463014,0)        (-1.00315,0)        (0.161148,0)        (0.41,0)            
(1.04268,0)         (0.565269,0)        (-1.12487,0)        (0.132521,0)        (0.47,0)            
(1.05242,0)         (0.392503,0)        (-0.948264,0)       (0.199577,0)        (0.35,0)            
(1.04914,0)         (0.447613,0)        (-0.987448,0)       (0.167154,0)        (0.39,0)            
(1.05884,0)         (0.139971,0)        (-0.764302,0)       (0.345311,0)        (0.27,0)            
(1.03949,0)         (0.638872,0)        (-1.21897,0)        (0.11609,0)         (0.51,0)            
(1.04917,0)         (0.400917,0)        (-0.991125,0)       (0.21835,0)         (0.39,0)            
(1.04995,0)         (0.310689,0)        (-0.936618,0)       (0.277639,0)        (0.38,0)            
(1.04593,0)         (0.508019,0)        (-1.06899,0)        (0.156445,0)        (0.43,0)            
(1.06529,0)         (0.0376786,0)       (-0.652462,0)       (0.380334,0)        (0.19,0)            
(1.03946,0)         (0.658955,0)        (-1.19274,0)        (0.078214,0)        (0.51,0)            
(1.04352,0)         (0.53916,0)         (-1.11326,0)        (0.152356,0)        (0.46,0)            
(1.04912,0)         (0.397762,0)        (-0.965451,0)       (0.205134,0)        (0.39,0)            
