69
e_L                 onsite              nnhop               ospair              ophop               nnJastrow           nnnJastrow          
(0.968244,0)        (0.193562,0)        (-0.31014,0)        (0.671857,0)        (-0.30386,0)        (0.11,0)            (0.25,0)            
(0.971833,0)        (0.243947,0)        (-0.283704,0)       (0.671504,0)        (-0.394274,0)       (0.06,0)            (0.22,0)            
(1.02884,0)         (0.20859,0)         (-0.262998,0)       (0.658056,0)        (-0.37812,0)        (0.08,0)            (0.15,0)            
(1.04361,0)         (0.169713,0)        (-0.296291,0)       (0.766052,0)        (-0.381019,0)       (0.09,0)            (0.17,0)            
(0.934742,0)        (0.279594,0)        (-0.342143,0)       (0.663639,0)        (-0.335806,0)       (0.1,0)             (0.3,0)             
(0.888815,0)        (0.23663,0)         (-0.269233,0)       (0.638886,0)        (-0.380745,0)       (0.03,0)            (0.29,0)            
(0.923065,0)        (0.29497,0)         (-0.378377,0)       (0.684787,0)        (-0.314984,0)       (0.12,0)            (0.34,0)            
(0.924095,0)        (0.287136,0)        (-0.401552,0)       (0.727835,0)        (-0.30901,0)        (0.13,0)            (0.36,0)            
(1.00571,0)         (0.282397,0)        (-0.330096,0)       (0.668992,0)        (-0.361321,0)       (0.11,0)            (0.22,0)            
(0.90483,0)         (0.180677,0)        (-0.31251,0)        (0.78814,0)         (-0.386614,0)       (0.04,0)            (0.32,0)            
(0.955692,0)        (0.324348,0)        (-0.410874,0)       (0.655802,0)        (-0.27111,0)        (0.17,0)            (0.33,0)            
(0.954035,0)        (0.0588749,0)       (-0.183631,0)       (0.800852,0)        (-0.467893,0)       (-0.04,0)           (0.18,0)            
(0.889563,0)        (0.250261,0)        (-0.390824,0)       (0.750498,0)        (-0.307179,0)       (0.11,0)            (0.39,0)            
(0.911451,0)        (0.245826,0)        (-0.321565,0)       (0.668731,0)        (-0.336909,0)       (0.08,0)            (0.31,0)            
(0.914822,0)        (0.148562,0)        (-0.284854,0)       (0.758882,0)        (-0.370677,0)       (0.04,0)            (0.29,0)            
(0.970085,0)        (0.239432,0)        (-0.377505,0)       (0.73017,0)         (-0.298867,0)       (0.14,0)            (0.3,0)             
(1.05338,0)         (0.172987,0)        (-0.285738,0)       (0.723795,0)        (-0.364087,0)       (0.1,0)             (0.15,0)            
(0.945764,0)        (0.291942,0)        (-0.345485,0)       (0.647856,0)        (-0.329795,0)       (0.11,0)            (0.29,0)            
(0.871547,0)        (0.126727,0)        (-0.311766,0)       (0.852063,0)        (-0.387754,0)       (0.02,0)            (0.36,0)            
(0.938706,0)        (0.19298,0)         (-0.354992,0)       (0.800414,0)        (-0.345711,0)       (0.09,0)            (0.32,0)            
(0.958252,0)        (0.304122,0)        (-0.349529,0)       (0.656758,0)        (-0.343648,0)       (0.11,0)            (0.28,0)            
(0.947075,0)        (0.262643,0)        (-0.270245,0)       (0.622339,0)        (-0.391412,0)       (0.05,0)            (0.23,0)            
(0.986007,0)        (0.168272,0)        (-0.263527,0)       (0.747661,0)        (-0.413086,0)       (0.04,0)            (0.2,0)             
(0.93702,0)         (0.254685,0)        (-0.375302,0)       (0.747946,0)        (-0.332802,0)       (0.11,0)            (0.33,0)            
(0.994532,0)        (0.21477,0)         (-0.2469,0)         (0.649359,0)        (-0.401134,0)       (0.05,0)            (0.17,0)            
(0.913792,0)        (0.130248,0)        (-0.257767,0)       (0.73062,0)         (-0.368701,0)       (0.03,0)            (0.27,0)            
(1.01542,0)         (0.219452,0)        (-0.393033,0)       (0.73787,0)         (-0.261891,0)       (0.18,0)            (0.27,0)            
(0.854876,0)        (0.210403,0)        (-0.308065,0)       (0.708174,0)        (-0.355051,0)       (0.04,0)            (0.36,0)            
(0.981169,0)        (0.239556,0)        (-0.295623,0)       (0.647611,0)        (-0.351503,0)       (0.09,0)            (0.22,0)            
(0.912043,0)        (0.230326,0)        (-0.367213,0)       (0.730142,0)        (-0.305095,0)       (0.11,0)            (0.35,0)            
(0.915477,0)        (0.199283,0)        (-0.257012,0)       (0.709158,0)        (-0.421361,0)       (0.01,0)            (0.26,0)            
(0.922909,0)        (0.213543,0)        (-0.294612,0)       (0.664157,0)        (-0.340836,0)       (0.07,0)            (0.28,0)            
(0.991691,0)        (0.334906,0)        (-0.418394,0)       (0.672609,0)        (-0.284856,0)       (0.18,0)            (0.3,0)             
(0.973519,0)        (0.129945,0)        (-0.255571,0)       (0.753544,0)        (-0.391283,0)       (0.04,0)            (0.21,0)            
(0.945389,0)        (0.245904,0)        (-0.278822,0)       (0.614229,0)        (-0.354652,0)       (0.07,0)            (0.24,0)            
(0.924813,0)        (0.168744,0)        (-0.26502,0)        (0.700051,0)        (-0.37064,0)        (0.04,0)            (0.26,0)            
(0.994469,0)        (0.253143,0)        (-0.336035,0)       (0.701349,0)        (-0.350437,0)       (0.11,0)            (0.24,0)            
(1.02535,0)         (0.408746,0)        (-0.48189,0)        (0.6571,0)          (-0.250908,0)       (0.24,0)            (0.31,0)            
(0.902989,0)        (0.134807,0)        (-0.245145,0)       (0.729828,0)        (-0.391607,0)       (0.01,0)            (0.27,0)            
(0.923128,0)        (0.23045,0)         (-0.285331,0)       (0.647583,0)        (-0.357731,0)       (0.06,0)            (0.27,0)            
(0.924751,0)        (0.180968,0)        (-0.350244,0)       (0.766827,0)        (-0.311993,0)       (0.1,0)             (0.33,0)            
(0.921005,0)        (0.232193,0)        (-0.320292,0)       (0.643049,0)        (-0.303082,0)       (0.1,0)             (0.3,0)             
(0.90277,0)         (0.222493,0)        (-0.27007,0)        (0.687259,0)        (-0.406513,0)       (0.02,0)            (0.28,0)            
(1.0946,0)          (0.106005,0)        (-0.320002,0)       (0.903852,0)        (-0.398658,0)       (0.1,0)             (0.15,0)            
(0.895338,0)        (0.0513444,0)       (-0.209004,0)       (0.820975,0)        (-0.439337,0)       (-0.04,0)           (0.26,0)            
(0.935553,0)        (0.30715,0)         (-0.382422,0)       (0.693689,0)        (-0.328837,0)       (0.12,0)            (0.33,0)            
(0.989413,0)        (0.385963,0)        (-0.389146,0)       (0.573516,0)        (-0.29581,0)        (0.17,0)            (0.27,0)            
(0.909765,0)        (0.281383,0)        (-0.337965,0)       (0.631048,0)        (-0.316049,0)       (0.1,0)             (0.32,0)            
(0.97911,0)         (0.229075,0)        (-0.245361,0)       (0.576301,0)        (-0.355501,0)       (0.07,0)            (0.18,0)            
(0.925406,0)        (0.100948,0)        (-0.302846,0)       (0.791033,0)        (-0.322926,0)       (0.07,0)            (0.3,0)             
(0.933275,0)        (0.332059,0)        (-0.349262,0)       (0.609382,0)        (-0.331842,0)       (0.11,0)            (0.3,0)             
(0.922035,0)        (0.328952,0)        (-0.359112,0)       (0.626953,0)        (-0.328909,0)       (0.11,0)            (0.32,0)            
(0.967151,0)        (0.265916,0)        (-0.38001,0)        (0.666014,0)        (-0.267088,0)       (0.16,0)            (0.3,0)             
(0.957222,0)        (0.259659,0)        (-0.318531,0)       (0.643282,0)        (-0.333722,0)       (0.1,0)             (0.26,0)            
(0.946856,0)        (0.193439,0)        (-0.271703,0)       (0.668485,0)        (-0.358617,0)       (0.06,0)            (0.24,0)            
(0.924813,0)        (0.22104,0)         (-0.272842,0)       (0.670479,0)        (-0.38654,0)        (0.04,0)            (0.26,0)            
(0.999341,0)        (0.392221,0)        (-0.450624,0)       (0.596248,0)        (-0.229175,0)       (0.23,0)            (0.31,0)            
(0.960156,0)        (0.207026,0)        (-0.312115,0)       (0.722224,0)        (-0.357551,0)       (0.08,0)            (0.26,0)            
(0.945389,0)        (0.245904,0)        (-0.278822,0)       (0.614229,0)        (-0.354652,0)       (0.07,0)            (0.24,0)            
(0.974986,0)        (0.155925,0)        (-0.260185,0)       (0.763443,0)        (-0.419098,0)       (0.03,0)            (0.21,0)            
(0.933868,0)        (0.15967,0)         (-0.371444,0)       (0.759508,0)        (-0.252327,0)       (0.14,0)            (0.34,0)            
(0.854876,0)        (0.184255,0)        (-0.304153,0)       (0.722959,0)        (-0.347101,0)       (0.04,0)            (0.36,0)            
(1.0098,0)          (0.0405934,0)       (-0.152942,0)       (0.746145,0)        (-0.448769,0)       (-0.02,0)           (0.1,0)             
(0.980232,0)        (0.262597,0)        (-0.429703,0)       (0.736327,0)        (-0.249127,0)       (0.19,0)            (0.33,0)            
(1.06821,0)         (0.121886,0)        (-0.233807,0)       (0.765015,0)        (-0.425634,0)       (0.05,0)            (0.1,0)             
(1.01651,0)         (0.199394,0)        (-0.330985,0)       (0.714142,0)        (-0.314564,0)       (0.13,0)            (0.22,0)            
(0.983885,0)        (0.196164,0)        (-0.302399,0)       (0.728341,0)        (-0.366388,0)       (0.08,0)            (0.23,0)            
(0.889408,0)        (0.22113,0)         (-0.314881,0)       (0.700296,0)        (-0.348932,0)       (0.06,0)            (0.33,0)            
(0.876264,0)        (0.262822,0)        (-0.354323,0)       (0.681974,0)        (-0.316195,0)       (0.09,0)            (0.37,0)            
(0.97964,0)         (0.173503,0)        (-0.36841,0)        (0.73406,0)         (-0.24914,0)        (0.16,0)            (0.29,0)            
(0.918411,0)        (0.0943543,0)       (-0.242774,0)       (0.817672,0)        (-0.42929,0)        (-0.01,0)           (0.26,0)            
(0.962279,0)        (0.0745418,0)       (-0.257599,0)       (0.800687,0)        (-0.372449,0)       (0.04,0)            (0.23,0)            
(1.01483,0)         (0.234951,0)        (-0.347385,0)       (0.676459,0)        (-0.293705,0)       (0.15,0)            (0.23,0)            
(0.909512,0)        (0.0802629,0)       (-0.204471,0)       (0.837988,0)        (-0.48995,0)        (-0.06,0)           (0.24,0)            
(0.996592,0)        (0.199103,0)        (-0.293252,0)       (0.735455,0)        (-0.389186,0)       (0.07,0)            (0.21,0)            
(0.950539,0)        (0.180587,0)        (-0.39079,0)        (0.844254,0)        (-0.31683,0)        (0.12,0)            (0.34,0)            
(0.947668,0)        (0.194847,0)        (-0.308071,0)       (0.713322,0)        (-0.343698,0)       (0.08,0)            (0.27,0)            
(0.886255,0)        (0.309152,0)        (-0.3384,0)         (0.608357,0)        (-0.324108,0)       (0.09,0)            (0.34,0)            
(0.948479,0)        (0.248551,0)        (-0.35226,0)        (0.728586,0)        (-0.34468,0)        (0.1,0)             (0.3,0)             
(0.900429,0)        (0.192974,0)        (-0.312951,0)       (0.536444,0)        (-0.18334,0)        (0.07,0)            (0.32,0)            
(0.9038,0)          (0.188511,0)        (-0.289335,0)       (0.745092,0)        (-0.392589,0)       (0.03,0)            (0.3,0)             
(0.991754,0)        (0.270386,0)        (-0.325348,0)       (0.635405,0)        (-0.327602,0)       (0.12,0)            (0.23,0)            
(0.95441,0)         (0.0526166,0)       (-0.242471,0)       (0.864051,0)        (-0.427135,0)       (0,0)               (0.23,0)            
(0.937957,0)        (0.1532,0)          (-0.229489,0)       (0.703588,0)        (-0.411327,0)       (0.01,0)            (0.22,0)            
(0.991535,0)        (0.279627,0)        (-0.33854,0)        (0.637194,0)        (-0.318658,0)       (0.13,0)            (0.24,0)            
(1.01548,0)         (0.285672,0)        (-0.319543,0)       (0.626736,0)        (-0.344389,0)       (0.12,0)            (0.2,0)             
(0.969274,0)        (0.316469,0)        (-0.352871,0)       (0.640976,0)        (-0.337637,0)       (0.12,0)            (0.27,0)            
(0.917571,0)        (0.393977,0)        (-0.450049,0)       (0.590103,0)        (-0.226567,0)       (0.2,0)             (0.39,0)            
(0.933615,0)        (0.0108462,0)       (-0.245772,0)       (0.936876,0)        (-0.442128,0)       (-0.02,0)           (0.26,0)            
(0.922191,0)        (0.279639,0)        (-0.423322,0)       (0.721513,0)        (-0.263305,0)       (0.16,0)            (0.38,0)            
(1.00153,0)         (0.169068,0)        (-0.299151,0)       (0.652292,0)        (-0.27887,0)        (0.13,0)            (0.21,0)            
(0.856562,0)        (0.227142,0)        (-0.299487,0)       (0.716284,0)        (-0.391811,0)       (0.02,0)            (0.35,0)            
(1.06244,0)         (0.242358,0)        (-0.403895,0)       (0.738895,0)        (-0.269625,0)       (0.2,0)             (0.23,0)            
(1.00278,0)         (0.308882,0)        (-0.332601,0)       (0.604836,0)        (-0.329541,0)       (0.13,0)            (0.22,0)            
(0.924376,0)        (0.239523,0)        (-0.299226,0)       (0.674056,0)        (-0.368651,0)       (0.06,0)            (0.28,0)            
(1.00446,0)         (0.168731,0)        (-0.300557,0)       (0.701662,0)        (-0.3186,0)         (0.11,0)            (0.21,0)            
(0.823341,0)        (0.108671,0)        (-0.205697,0)       (0.743002,0)        (-0.435697,0)       (-0.06,0)           (0.32,0)            
(1.05935,0)         (0.292008,0)        (-0.338279,0)       (0.594966,0)        (-0.295498,0)       (0.17,0)            (0.17,0)            
(0.951039,0)        (0.0714353,0)       (-0.267449,0)       (0.818258,0)        (-0.369516,0)       (0.04,0)            (0.25,0)            
(0.996966,0)        (0.218993,0)        (-0.356003,0)       (0.783868,0)        (-0.356378,0)       (0.11,0)            (0.26,0)            
(0.887067,0)        (0.284411,0)        (-0.370857,0)       (0.667979,0)        (-0.301239,0)       (0.11,0)            (0.37,0)            
(0.934524,0)        (0.314984,0)        (-0.359246,0)       (0.650641,0)        (-0.334812,0)       (0.11,0)            (0.31,0)            
(0.935335,0)        (0.290243,0)        (-0.391702,0)       (0.710264,0)        (-0.311943,0)       (0.13,0)            (0.34,0)            
(0.888971,0)        (0.213464,0)        (-0.337354,0)       (0.718659,0)        (-0.323092,0)       (0.08,0)            (0.35,0)            
(0.936053,0)        (0.17185,0)         (-0.25517,0)        (0.68248,0)         (-0.373573,0)       (0.04,0)            (0.24,0)            
(0.921224,0)        (0.275248,0)        (-0.314923,0)       (0.611689,0)        (-0.327927,0)       (0.09,0)            (0.29,0)            
(0.992502,0)        (0.362462,0)        (-0.458673,0)       (0.70266,0)         (-0.277887,0)       (0.2,0)             (0.33,0)            
(0.956722,0)        (0.316514,0)        (-0.43405,0)        (0.69885,0)         (-0.265136,0)       (0.18,0)            (0.35,0)            
(0.957222,0)        (0.259659,0)        (-0.318531,0)       (0.643282,0)        (-0.333722,0)       (0.1,0)             (0.26,0)            
(1.00402,0)         (0.317955,0)        (-0.346496,0)       (0.63131,0)         (-0.340461,0)       (0.13,0)            (0.23,0)            
(1.01651,0)         (0.303986,0)        (-0.34663,0)        (0.654998,0)        (-0.346365,0)       (0.13,0)            (0.22,0)            
(0.923939,0)        (0.258005,0)        (-0.325609,0)       (0.677633,0)        (-0.350762,0)       (0.08,0)            (0.3,0)             
(0.864212,0)        (0.284457,0)        (-0.331717,0)       (0.639923,0)        (-0.336131,0)       (0.07,0)            (0.36,0)            
(0.97433,0)         (0.131352,0)        (-0.291938,0)       (0.798381,0)        (-0.376364,0)       (0.06,0)            (0.24,0)            
(0.937083,0)        (0.190165,0)        (-0.282257,0)       (0.710742,0)        (-0.375549,0)       (0.05,0)            (0.26,0)            
(0.995718,0)        (0.262216,0)        (-0.34993,0)        (0.727823,0)        (-0.361358,0)       (0.11,0)            (0.25,0)            
(0.956567,0)        (0.287383,0)        (-0.358107,0)       (0.648648,0)        (-0.306888,0)       (0.13,0)            (0.29,0)            
(0.923065,0)        (0.29497,0)         (-0.378377,0)       (0.684787,0)        (-0.314984,0)       (0.12,0)            (0.34,0)            
(0.943641,0)        (0.37213,0)         (-0.392179,0)       (0.598965,0)        (-0.298997,0)       (0.15,0)            (0.32,0)            
(0.981981,0)        (0.267111,0)        (-0.335902,0)       (0.677661,0)        (-0.344534,0)       (0.11,0)            (0.25,0)            
(0.991317,0)        (0.315016,0)        (-0.355643,0)       (0.624196,0)        (-0.317663,0)       (0.14,0)            (0.25,0)            
(0.911232,0)        (0.20277,0)         (-0.326934,0)       (0.700091,0)        (-0.312064,0)       (0.09,0)            (0.32,0)            
(0.925625,0)        (0.1963,0)          (-0.305299,0)       (0.730101,0)        (-0.363671,0)       (0.06,0)            (0.29,0)            
(1.02069,0)         (0.155834,0)        (-0.338464,0)       (0.819557,0)        (-0.349314,0)       (0.11,0)            (0.23,0)            
(0.902489,0)        (0.191662,0)        (-0.360663,0)       (0.785395,0)        (-0.323021,0)       (0.09,0)            (0.36,0)            
(1.02725,0)         (0.363948,0)        (-0.452298,0)       (0.692994,0)        (-0.280712,0)       (0.21,0)            (0.29,0)            
(0.900866,0)        (0.214995,0)        (-0.291839,0)       (0.680937,0)        (-0.360809,0)       (0.05,0)            (0.3,0)             
(0.999123,0)        (0.42761,0)         (-0.467727,0)       (0.58325,0)         (-0.228181,0)       (0.24,0)            (0.32,0)            
(0.921098,0)        (0.351993,0)        (-0.493192,0)       (0.715669,0)        (-0.226533,0)       (0.21,0)            (0.43,0)            
(1.02313,0)         (0.369135,0)        (-0.355684,0)       (0.535589,0)        (-0.296659,0)       (0.17,0)            (0.21,0)            
(0.991098,0)        (0.271961,0)        (-0.361013,0)       (0.655556,0)        (-0.292819,0)       (0.15,0)            (0.26,0)            
(0.95082,0)         (0.0545284,0)       (-0.27673,0)        (0.834833,0)        (-0.352621,0)       (0.05,0)            (0.26,0)            
(0.891967,0)        (0.200904,0)        (-0.253536,0)       (0.701253,0)        (-0.421469,0)       (0,0)               (0.28,0)            
(0.935991,0)        (0.262519,0)        (-0.352127,0)       (0.704898,0)        (-0.338776,0)       (0.1,0)             (0.31,0)            
(0.968837,0)        (0.282655,0)        (-0.371432,0)       (0.674124,0)        (-0.303847,0)       (0.14,0)            (0.29,0)            
(0.965431,0)        (0.117261,0)        (-0.253635,0)       (0.818697,0)        (-0.437024,0)       (0.01,0)            (0.22,0)            
(0.835174,0)        (0.0962784,0)       (-0.241495,0)       (0.786842,0)        (-0.406817,0)       (-0.03,0)           (0.34,0)            
(0.923783,0)        (0.228874,0)        (-0.249666,0)       (0.627431,0)        (-0.392515,0)       (0.03,0)            (0.24,0)            
(1.0118,0)          (0.0632982,0)       (-0.288428,0)       (0.884231,0)        (-0.386123,0)       (0.06,0)            (0.21,0)            
(0.958034,0)        (0.261066,0)        (-0.354899,0)       (0.688119,0)        (-0.318803,0)       (0.12,0)            (0.29,0)            
(0.83224,0)         (0.201207,0)        (-0.255733,0)       (0.678328,0)        (-0.398888,0)       (-0.01,0)           (0.34,0)            
(0.949572,0)        (0.228493,0)        (-0.290212,0)       (0.704858,0)        (-0.397352,0)       (0.05,0)            (0.25,0)            
(1.01033,0)         (0.141911,0)        (-0.299458,0)       (0.815188,0)        (-0.390109,0)       (0.07,0)            (0.21,0)            
(1.00696,0)         (0.265322,0)        (-0.34008,0)        (0.710252,0)        (-0.364291,0)       (0.11,0)            (0.23,0)            
(0.915477,0)        (0.120839,0)        (-0.245279,0)       (0.753516,0)        (-0.397511,0)       (0.01,0)            (0.26,0)            
(0.935179,0)        (0.208815,0)        (-0.307937,0)       (0.689634,0)        (-0.337795,0)       (0.08,0)            (0.28,0)            
(0.958689,0)        (0.285639,0)        (-0.323146,0)       (0.653181,0)        (-0.361537,0)       (0.09,0)            (0.26,0)            
(0.856187,0)        (0.154956,0)        (-0.228914,0)       (0.697443,0)        (-0.408718,0)       (-0.02,0)           (0.3,0)             
(0.953414,0)        (0.401553,0)        (-0.385537,0)       (0.541923,0)        (-0.290015,0)       (0.16,0)            (0.3,0)             
(0.934087,0)        (0.255022,0)        (-0.373896,0)       (0.698576,0)        (-0.293072,0)       (0.13,0)            (0.33,0)            
(0.996155,0)        (0.191437,0)        (-0.315724,0)       (0.753818,0)        (-0.363346,0)       (0.09,0)            (0.23,0)            
(0.968244,0)        (0.272007,0)        (-0.321873,0)       (0.6275,0)          (-0.327711,0)       (0.11,0)            (0.25,0)            
(0.948105,0)        (0.202512,0)        (-0.285598,0)       (0.694959,0)        (-0.369537,0)       (0.06,0)            (0.25,0)            
(0.848537,0)        (-0.0330997,0)      (-0.177128,0)       (0.847734,0)        (-0.424648,0)       (-0.07,0)           (0.29,0)            
(1.03784,0)         (0.394778,0)        (-0.482023,0)       (0.680788,0)        (-0.256811,0)       (0.24,0)            (0.3,0)             
(0.923284,0)        (0.285729,0)        (-0.365185,0)       (0.682999,0)        (-0.323929,0)       (0.11,0)            (0.33,0)            
(0.922191,0)        (0.358083,0)        (-0.435055,0)       (0.677155,0)        (-0.287156,0)       (0.16,0)            (0.38,0)            
(0.926436,0)        (0.197707,0)        (-0.341666,0)       (0.774938,0)        (-0.348752,0)       (0.08,0)            (0.32,0)            
(0.921661,0)        (0.256766,0)        (-0.288539,0)       (0.608112,0)        (-0.345816,0)       (0.07,0)            (0.27,0)            
(0.994032,0)        (0.297773,0)        (-0.36633,0)        (0.690141,0)        (-0.340499,0)       (0.13,0)            (0.26,0)            
(1.00777,0)         (0.188285,0)        (-0.364714,0)       (0.799446,0)        (-0.325521,0)       (0.13,0)            (0.26,0)            
(0.921442,0)        (0.213711,0)        (-0.293909,0)       (0.639472,0)        (-0.320971,0)       (0.08,0)            (0.28,0)            
(0.922691,0)        (0.27508,0)         (-0.315626,0)       (0.636374,0)        (-0.347792,0)       (0.08,0)            (0.29,0)            
(0.879479,0)        (0.0579835,0)       (-0.229936,0)       (0.76628,0)         (-0.367865,0)       (0,0)               (0.29,0)            
(0.985352,0)        (0.117552,0)        (-0.291369,0)       (0.797384,0)        (-0.362402,0)       (0.07,0)            (0.23,0)            
(0.879635,0)        (0.244004,0)        (-0.329346,0)       (0.727767,0)        (-0.373814,0)       (0.05,0)            (0.35,0)            
(0.966403,0)        (0.330729,0)        (-0.270152,0)       (0.510044,0)        (-0.364504,0)       (0.08,0)            (0.2,0)             
(0.897869,0)        (0.358297,0)        (-0.395212,0)       (0.624413,0)        (-0.302183,0)       (0.13,0)            (0.37,0)            
(0.921068,0)        (0.298414,0)        (-0.246802,0)       (0.531915,0)        (-0.38558,0)        (0.04,0)            (0.23,0)            
(0.993876,0)        (0.190198,0)        (-0.278654,0)       (0.684296,0)        (-0.3584,0)         (0.08,0)            (0.2,0)             
(0.969774,0)        (0.233466,0)        (-0.233441,0)       (0.600194,0)        (-0.398272,0)       (0.04,0)            (0.18,0)            
(0.979858,0)        (0.295003,0)        (-0.374774,0)       (0.658342,0)        (-0.297836,0)       (0.15,0)            (0.28,0)            
(0.925843,0)        (0.213206,0)        (-0.296018,0)       (0.713527,0)        (-0.380566,0)       (0.05,0)            (0.28,0)            
(0.971552,0)        (0.265412,0)        (-0.382119,0)       (0.740069,0)        (-0.326682,0)       (0.13,0)            (0.3,0)             
(0.973082,0)        (0.200724,0)        (-0.289777,0)       (0.727549,0)        (-0.389294,0)       (0.06,0)            (0.23,0)            
(0.933057,0)        (0.289004,0)        (-0.354632,0)       (0.640742,0)        (-0.306997,0)       (0.12,0)            (0.31,0)            
(0.826275,0)        (0.0821871,0)       (-0.203192,0)       (0.807158,0)        (-0.467477,0)       (-0.08,0)           (0.32,0)            
(0.950009,0)        (0.131566,0)        (-0.252095,0)       (0.745639,0)        (-0.391391,0)       (0.03,0)            (0.23,0)            
(1.04105,0)         (0.294532,0)        (-0.373281,0)       (0.705951,0)        (-0.340282,0)       (0.15,0)            (0.22,0)            
(0.877575,0)        (0.233523,0)        (-0.279083,0)       (0.656457,0)        (-0.377812,0)       (0.03,0)            (0.31,0)            
(0.991691,0)        (0.334906,0)        (-0.418394,0)       (0.672609,0)        (-0.284856,0)       (0.18,0)            (0.3,0)             
(1.01395,0)         (0.298064,0)        (-0.404064,0)       (0.668827,0)        (-0.265877,0)       (0.19,0)            (0.27,0)            
(0.922035,0)        (0.250508,0)        (-0.347379,0)       (0.671311,0)        (-0.305058,0)       (0.11,0)            (0.32,0)            
(1.03937,0)         (0.330089,0)        (-0.38968,0)        (0.668269,0)        (-0.319423,0)       (0.17,0)            (0.23,0)            
(0.914822,0)        (0.148562,0)        (-0.284854,0)       (0.758882,0)        (-0.370677,0)       (0.04,0)            (0.29,0)            
(0.904893,0)        (0.0900084,0)       (-0.215553,0)       (0.765722,0)        (-0.421411,0)       (-0.02,0)           (0.25,0)            
(0.926499,0)        (0.133186,0)        (-0.24862,0)        (0.737733,0)        (-0.391499,0)       (0.02,0)            (0.25,0)            
(0.977361,0)        (0.355301,0)        (-0.358717,0)       (0.561037,0)        (-0.299846,0)       (0.15,0)            (0.26,0)            
(0.919101,0)        (0.329288,0)        (-0.357706,0)       (0.577583,0)        (-0.289179,0)       (0.13,0)            (0.32,0)            
(0.902333,0)        (0.214827,0)        (-0.292543,0)       (0.705622,0)        (-0.380674,0)       (0.04,0)            (0.3,0)             
(0.936209,0)        (0.279426,0)        (-0.342846,0)       (0.688324,0)        (-0.355671,0)       (0.09,0)            (0.3,0)             
(0.902926,0)        (0.17318,0)         (-0.33428,0)        (0.781818,0)        (-0.34091,0)        (0.07,0)            (0.34,0)            
(0.968462,0)        (0.288914,0)        (-0.312592,0)       (0.610925,0)        (-0.344605,0)       (0.1,0)             (0.24,0)            
(0.994469,0)        (0.226994,0)        (-0.332124,0)       (0.716135,0)        (-0.342487,0)       (0.11,0)            (0.24,0)            
(0.94386,0)         (0.336741,0)        (-0.375076,0)       (0.611962,0)        (-0.299991,0)       (0.14,0)            (0.31,0)            
(0.990661,0)        (0.264296,0)        (-0.383485,0)       (0.673919,0)        (-0.266979,0)       (0.17,0)            (0.28,0)            
(0.955474,0)        (0.385885,0)        (-0.431888,0)       (0.628018,0)        (-0.278066,0)       (0.18,0)            (0.34,0)            
(1.00187,0)         (0.0831888,0)       (-0.230861,0)       (0.846714,0)        (-0.460708,0)       (0,0)               (0.17,0)            
(0.976268,0)        (0.323063,0)        (-0.412943,0)       (0.614337,0)        (-0.231272,0)       (0.2,0)             (0.31,0)            
(0.921005,0)        (0.336786,0)        (-0.335936,0)       (0.583905,0)        (-0.334883,0)       (0.1,0)             (0.3,0)             
(1.09419,0)         (0.360997,0)        (-0.496982,0)       (0.687492,0)        (-0.205873,0)       (0.29,0)            (0.26,0)            
(0.960749,0)        (0.13923,0)         (-0.349942,0)       (0.813207,0)        (-0.309837,0)       (0.11,0)            (0.3,0)             
(1.04914,0)         (0.307216,0)        (-0.375216,0)       (0.640799,0)        (-0.294541,0)       (0.18,0)            (0.21,0)            
(0.950383,0)        (0.177604,0)        (-0.318758,0)       (0.779266,0)        (-0.366533,0)       (0.07,0)            (0.28,0)            
(0.878605,0)        (0.199541,0)        (-0.298348,0)       (0.71429,0)         (-0.363888,0)       (0.04,0)            (0.33,0)            
(0.911451,0)        (0.271974,0)        (-0.325476,0)       (0.653945,0)        (-0.344859,0)       (0.08,0)            (0.31,0)            
(1.03637,0)         (0.316501,0)        (-0.469587,0)       (0.700461,0)        (-0.213096,0)       (0.25,0)            (0.3,0)             
(0.926499,0)        (0.133186,0)        (-0.24862,0)        (0.737733,0)        (-0.391499,0)       (0.02,0)            (0.25,0)            
(0.947668,0)        (0.220995,0)        (-0.311982,0)       (0.698536,0)        (-0.351648,0)       (0.08,0)            (0.27,0)            
(0.975142,0)        (0.13276,0)         (-0.328306,0)       (0.843217,0)        (-0.361445,0)       (0.08,0)            (0.27,0)            
(0.932338,0)        (0.381248,0)        (-0.487253,0)       (0.683312,0)        (-0.237416,0)       (0.21,0)            (0.41,0)            
(1.00711,0)         (0.294453,0)        (-0.416023,0)       (0.760454,0)        (-0.322538,0)       (0.16,0)            (0.29,0)            
(0.890719,0)        (0.165683,0)        (-0.23573,0)        (0.689565,0)        (-0.402599,0)       (0,0)               (0.27,0)            
(0.998652,0)        (0.0788423,0)       (-0.323959,0)       (0.880694,0)        (-0.345436,0)       (0.09,0)            (0.25,0)            
(1.01314,0)         (0.348953,0)        (-0.375518,0)       (0.594419,0)        (-0.296696,0)       (0.17,0)            (0.24,0)            
(0.934524,0)        (0.210391,0)        (-0.343602,0)       (0.709785,0)        (-0.303011,0)       (0.11,0)            (0.31,0)            
(0.935398,0)        (0.225722,0)        (-0.298656,0)       (0.673059,0)        (-0.354689,0)       (0.07,0)            (0.27,0)            
(0.920568,0)        (0.32912,0)         (-0.358409,0)       (0.602268,0)        (-0.309044,0)       (0.12,0)            (0.32,0)            
(0.991317,0)        (0.315016,0)        (-0.355643,0)       (0.624196,0)        (-0.317663,0)       (0.14,0)            (0.25,0)            
(1.0019,0)          (0.241254,0)        (-0.369724,0)       (0.671134,0)        (-0.261962,0)       (0.17,0)            (0.26,0)            
(0.932182,0)        (0.352117,0)        (-0.41131,0)        (0.63311,0)         (-0.279169,0)       (0.16,0)            (0.35,0)            
(0.932838,0)        (0.272097,0)        (-0.363912,0)       (0.657317,0)        (-0.290102,0)       (0.13,0)            (0.32,0)            
(0.876919,0)        (0.235099,0)        (-0.314748,0)       (0.676608,0)        (-0.343028,0)       (0.06,0)            (0.34,0)            
(0.90636,0)         (0.0113958,0)       (-0.204523,0)       (0.834764,0)        (-0.417425,0)       (-0.03,0)           (0.25,0)            
(0.946856,0)        (0.141143,0)        (-0.263881,0)       (0.698057,0)        (-0.342717,0)       (0.06,0)            (0.24,0)            
(0.936646,0)        (0.182499,0)        (-0.304729,0)       (0.729105,0)        (-0.349709,0)       (0.07,0)            (0.28,0)            
(0.944889,0)        (0.27661,0)         (-0.39043,0)        (0.684582,0)        (-0.278116,0)       (0.15,0)            (0.33,0)            
(0.890063,0)        (0.193406,0)        (-0.275306,0)       (0.694931,0)        (-0.375765,0)       (0.03,0)            (0.3,0)             
(0.988476,0)        (0.435153,0)        (-0.527137,0)       (0.647446,0)        (-0.201385,0)       (0.27,0)            (0.38,0)            
(0.974767,0)        (0.0605732,0)       (-0.257732,0)       (0.824375,0)        (-0.378352,0)       (0.04,0)            (0.22,0)            
(0.924376,0)        (0.213375,0)        (-0.295315,0)       (0.688842,0)        (-0.360701,0)       (0.06,0)            (0.28,0)            
(1.03237,0)         (0.166606,0)        (-0.306142,0)       (0.783623,0)        (-0.378086,0)       (0.09,0)            (0.19,0)            
(0.960812,0)        (0.231599,0)        (-0.280362,0)       (0.687287,0)        (-0.400285,0)       (0.05,0)            (0.23,0)            
(0.950165,0)        (0.0561039,0)       (-0.312394,0)       (0.854984,0)        (-0.317838,0)       (0.08,0)            (0.29,0)            
(0.94386,0)         (0.362889,0)        (-0.378987,0)       (0.597176,0)        (-0.307941,0)       (0.14,0)            (0.31,0)            
(0.923502,0)        (0.302636,0)        (-0.355904,0)       (0.666424,0)        (-0.340823,0)       (0.1,0)             (0.32,0)            
(0.909391,0)        (0.287641,0)        (-0.279124,0)       (0.567849,0)        (-0.356808,0)       (0.06,0)            (0.27,0)            
(0.933931,0)        (0.22589,0)         (-0.297953,0)       (0.648374,0)        (-0.334825,0)       (0.08,0)            (0.27,0)            
(0.996155,0)        (0.165289,0)        (-0.311813,0)       (0.768604,0)        (-0.355396,0)       (0.09,0)            (0.23,0)            
(1.03449,0)         (0.164863,0)        (-0.27118,0)        (0.788157,0)        (-0.432735,0)       (0.05,0)            (0.16,0)            
(0.984259,0)        (0.268351,0)        (-0.372972,0)       (0.747183,0)        (-0.34948,0)        (0.12,0)            (0.28,0)            
(0.939362,0)        (0.139108,0)        (-0.311505,0)       (0.809835,0)        (-0.364594,0)       (0.06,0)            (0.29,0)            
(0.94876,0)         (0.174789,0)        (-0.246023,0)       (0.689594,0)        (-0.396371,0)       (0.03,0)            (0.22,0)            
(1.01776,0)         (0.234615,0)        (-0.348791,0)       (0.725829,0)        (-0.333434,0)       (0.13,0)            (0.23,0)            
(0.917163,0)        (0.0852811,0)       (-0.228879,0)       (0.791198,0)        (-0.41837,0)        (-0.01,0)           (0.25,0)            
(0.970741,0)        (0.290153,0)        (-0.349663,0)       (0.680447,0)        (-0.349551,0)       (0.11,0)            (0.27,0)            
(0.960375,0)        (0.197785,0)        (-0.298924,0)       (0.720436,0)        (-0.366496,0)       (0.07,0)            (0.25,0)            
(1.02438,0)         (0.378208,0)        (-0.369579,0)       (0.562062,0)        (-0.307579,0)       (0.17,0)            (0.22,0)            
(0.891967,0)        (0.174756,0)        (-0.249625,0)       (0.716039,0)        (-0.413519,0)       (0,0)               (0.28,0)            
(0.934524,0)        (0.314984,0)        (-0.359246,0)       (0.650641,0)        (-0.334812,0)       (0.11,0)            (0.31,0)            
(0.970522,0)        (0.273246,0)        (-0.358944,0)       (0.697021,0)        (-0.332657,0)       (0.12,0)            (0.28,0)            
(0.943204,0)        (0.28602,0)         (-0.402918,0)       (0.661685,0)        (-0.249307,0)       (0.17,0)            (0.34,0)            
(0.97227,0)         (0.173168,0)        (-0.249498,0)       (0.697499,0)        (-0.396263,0)       (0.04,0)            (0.2,0)             
(0.945982,0)        (0.256552,0)        (-0.328382,0)       (0.660854,0)        (-0.330789,0)       (0.1,0)             (0.28,0)            
(0.959938,0)        (0.190119,0)        (-0.321396,0)       (0.738798,0)        (-0.340657,0)       (0.09,0)            (0.27,0)            
(0.830773,0)        (0.227524,0)        (-0.258941,0)       (0.638857,0)        (-0.386973,0)       (0,0)               (0.34,0)            
(1.04193,0)         (0.179122,0)        (-0.30878,0)        (0.743155,0)        (-0.35221,0)        (0.11,0)            (0.18,0)            
(0.892779,0)        (0.176163,0)        (-0.285993,0)       (0.760875,0)        (-0.3986,0)         (0.02,0)            (0.31,0)            
(0.907608,0)        (0.0204689,0)       (-0.218418,0)       (0.861238,0)        (-0.428346,0)       (-0.03,0)           (0.26,0)            
(0.989534,0)        (0.152437,0)        (-0.310581,0)       (0.858441,0)        (-0.421002,0)       (0.05,0)            (0.24,0)            
(0.923721,0)        (0.21495,0)         (-0.330979,0)       (0.708993,0)        (-0.325917,0)       (0.09,0)            (0.31,0)            
(0.840012,0)        (0.0249953,0)       (-0.209398,0)       (0.886892,0)        (-0.4684,0)         (-0.08,0)           (0.32,0)            
(0.934087,0)        (0.228873,0)        (-0.369985,0)       (0.713362,0)        (-0.285122,0)       (0.13,0)            (0.33,0)            
(1.02004,0)         (0.235854,0)        (-0.385862,0)       (0.795351,0)        (-0.338381,0)       (0.14,0)            (0.26,0)            
(0.923128,0)        (0.178153,0)        (-0.277509,0)       (0.677154,0)        (-0.34183,0)        (0.06,0)            (0.27,0)            
(0.968244,0)        (0.272007,0)        (-0.321873,0)       (0.6275,0)          (-0.327711,0)       (0.11,0)            (0.25,0)            
(1.03306,0)         (0.453837,0)        (-0.428896,0)       (0.513962,0)        (-0.253875,0)       (0.23,0)            (0.25,0)            
(0.887285,0)        (0.327467,0)        (-0.365487,0)       (0.636619,0)        (-0.326084,0)       (0.1,0)             (0.36,0)            
(1.00315,0)         (0.328772,0)        (-0.395352,0)       (0.65325,0)         (-0.296733,0)       (0.17,0)            (0.27,0)            
(0.959938,0)        (0.242416,0)        (-0.329218,0)       (0.709227,0)        (-0.356557,0)       (0.09,0)            (0.27,0)            
(0.983666,0)        (0.126961,0)        (-0.303858,0)       (0.774487,0)        (-0.333593,0)       (0.09,0)            (0.24,0)            
(0.833707,0)        (0.122595,0)        (-0.244703,0)       (0.747371,0)        (-0.394902,0)       (-0.02,0)           (0.34,0)            
(0.940829,0)        (0.13894,0)         (-0.312208,0)       (0.83452,0)         (-0.384459,0)       (0.05,0)            (0.29,0)            
(0.956411,0)        (0.2844,0)          (-0.286075,0)       (0.58366,0)         (-0.356591,0)       (0.08,0)            (0.23,0)            
(0.937676,0)        (0.200813,0)        (-0.331816,0)       (0.757367,0)        (-0.351685,0)       (0.08,0)            (0.3,0)             
(0.945701,0)        (0.304166,0)        (-0.430708,0)       (0.714632,0)        (-0.271147,0)       (0.17,0)            (0.36,0)            
(0.888971,0)        (0.187316,0)        (-0.333443,0)       (0.733445,0)        (-0.315142,0)       (0.08,0)            (0.35,0)            
(1.00109,0)         (0.318291,0)        (-0.34509,0)        (0.58194,0)         (-0.300732,0)       (0.15,0)            (0.23,0)            
(0.974923,0)        (0.168149,0)        (-0.345409,0)       (0.83022,0)         (-0.360451,0)       (0.09,0)            (0.28,0)            
(0.941703,0)        (0.0758265,0)       (-0.25553,0)        (0.842152,0)        (-0.412287,0)       (0.01,0)            (0.25,0)            
(0.955911,0)        (0.367403,0)        (-0.405505,0)       (0.624441,0)        (-0.295955,0)       (0.16,0)            (0.32,0)            
(0.970522,0)        (0.247098,0)        (-0.355033,0)       (0.711807,0)        (-0.324706,0)       (0.12,0)            (0.28,0)            
(1.04908,0)         (0.371736,0)        (-0.468262,0)       (0.678003,0)        (-0.251794,0)       (0.24,0)            (0.28,0)            
(1.01373,0)         (0.359602,0)        (-0.425078,0)       (0.641044,0)        (-0.272833,0)       (0.2,0)             (0.28,0)            
(1.03112,0)         (0.183681,0)        (-0.296158,0)       (0.742364,0)        (-0.375116,0)       (0.09,0)            (0.18,0)            
(0.881102,0)        (0.165391,0)        (-0.318316,0)       (0.796809,0)        (-0.369828,0)       (0.04,0)            (0.35,0)            
(0.921345,0)        (0.0940181,0)       (-0.24418,0)        (0.867042,0)        (-0.46902,0)        (-0.03,0)           (0.26,0)            
(1.00315,0)         (0.328772,0)        (-0.395352,0)       (0.65325,0)         (-0.296733,0)       (0.17,0)            (0.27,0)            
(0.900429,0)        (0.285774,0)        (-0.326045,0)       (0.654942,0)        (-0.358821,0)       (0.07,0)            (0.32,0)            
(1.01286,0)         (0.34427,0)         (-0.470023,0)       (0.67777,0)         (-0.221154,0)       (0.24,0)            (0.32,0)            
(0.878386,0)        (0.208782,0)        (-0.31154,0)        (0.716079,0)        (-0.354943,0)       (0.05,0)            (0.34,0)            
(0.926062,0)        (0.177817,0)        (-0.278915,0)       (0.726524,0)        (-0.38156,0)        (0.04,0)            (0.27,0)            
(1.02944,0)         (0.193091,0)        (-0.308646,0)       (0.719467,0)        (-0.346306,0)       (0.11,0)            (0.19,0)            
(0.877731,0)        (0.236506,0)        (-0.351115,0)       (0.721444,0)        (-0.328109,0)       (0.08,0)            (0.37,0)            
(0.965466,0)        (0.327622,0)        (-0.400321,0)       (0.613545,0)        (-0.254178,0)       (0.18,0)            (0.31,0)            
(0.93702,0)         (0.254685,0)        (-0.375302,0)       (0.747946,0)        (-0.332802,0)       (0.11,0)            (0.33,0)            
(0.974549,0)        (0.174407,0)        (-0.286569,0)       (0.76702,0)         (-0.401209,0)       (0.05,0)            (0.23,0)            
(0.947449,0)        (0.282533,0)        (-0.332996,0)       (0.670753,0)        (-0.358604,0)       (0.09,0)            (0.28,0)            
(0.870361,0)        (0.157726,0)        (-0.22047,0)        (0.729241,0)        (-0.451381,0)       (-0.04,0)           (0.28,0)            
(0.832896,0)        (0.0688909,0)       (-0.200513,0)       (0.732106,0)        (-0.393921,0)       (-0.04,0)           (0.31,0)            
