67
e_L                 onsite              nnhop               ospair              nnJastrow           
(1.04273,0)         (0.627242,0)        (-1.15185,0)        (0.0851152,0)       (0.47,0)            
(1.04997,0)         (0.433833,0)        (-0.978248,0)       (0.175687,0)        (0.38,0)            
(1.04273,0)         (0.543999,0)        (-1.14482,0)        (0.167642,0)        (0.47,0)            
(1.04755,0)         (0.431751,0)        (-1.03556,0)        (0.214737,0)        (0.41,0)            
(1.04838,0)         (0.467895,0)        (-1.04696,0)        (0.184274,0)        (0.4,0)             
(1.05234,0)         (0.278566,0)        (-0.883474,0)       (0.277091,0)        (0.35,0)            
(1.04752,0)         (0.415232,0)        (-0.999238,0)       (0.208645,0)        (0.41,0)            
(1.04269,0)         (0.565261,0)        (-1.12564,0)        (0.13307,0)         (0.47,0)            
(1.05397,0)         (0.346461,0)        (-0.874173,0)       (0.200101,0)        (0.33,0)            
(1.04916,0)         (0.436486,0)        (-0.992978,0)       (0.18239,0)         (0.39,0)            
(1.04672,0)         (0.420081,0)        (-1.03002,0)        (0.223379,0)        (0.42,0)            
(1.05321,0)         (0.376689,0)        (-0.921089,0)       (0.198673,0)        (0.34,0)            
(1.04835,0)         (0.451321,0)        (-1.01128,0)        (0.178651,0)        (0.4,0)             
(1.05237,0)         (0.303122,0)        (-0.891727,0)       (0.256719,0)        (0.35,0)            
(1.03946,0)         (0.563582,0)        (-1.18227,0)        (0.17126,0)         (0.51,0)            
(1.03948,0)         (0.65009,0)         (-1.21371,0)        (0.101015,0)        (0.51,0)            
(1.04758,0)         (0.444949,0)        (-1.04812,0)        (0.209016,0)        (0.41,0)            
(1.04189,0)         (0.592278,0)        (-1.14752,0)        (0.11889,0)         (0.48,0)            
(1.05726,0)         (0.281363,0)        (-0.847467,0)       (0.251,0)           (0.29,0)            
(1.04189,0)         (0.520147,0)        (-1.13571,0)        (0.186726,0)        (0.48,0)            
(1.04513,0)         (0.547316,0)        (-1.09393,0)        (0.131435,0)        (0.44,0)            
(1.0532,0)          (0.267958,0)        (-0.899198,0)       (0.298301,0)        (0.34,0)            
(1.05319,0)         (0.315725,0)        (-0.903863,0)       (0.251348,0)        (0.34,0)            
(1.04833,0)         (0.401468,0)        (-0.989282,0)       (0.216634,0)        (0.4,0)             
(1.04432,0)         (0.52555,0)         (-1.10216,0)        (0.159489,0)        (0.45,0)            
(1.05317,0)         (0.289165,0)        (-0.880664,0)       (0.264198,0)        (0.34,0)            
(1.04912,0)         (0.313487,0)        (-0.95018,0)        (0.283488,0)        (0.39,0)            
(1.04917,0)         (0.438682,0)        (-1.00903,0)        (0.190422,0)        (0.39,0)            
(1.0475,0)          (0.474111,0)        (-0.99913,0)        (0.147,0)           (0.41,0)            
(1.0443,0)          (0.512298,0)        (-1.09024,0)        (0.16568,0)         (0.45,0)            
(1.0467,0)          (0.47896,0)         (-1.02991,0)        (0.161734,0)        (0.42,0)            
(1.05806,0)         (0.21769,0)         (-0.816153,0)       (0.297441,0)        (0.28,0)            
(1.05154,0)         (0.344434,0)        (-0.930842,0)       (0.238682,0)        (0.36,0)            
(1.04516,0)         (0.572696,0)        (-1.11006,0)        (0.115273,0)        (0.44,0)            
(1.04027,0)         (0.586473,0)        (-1.18175,0)        (0.146987,0)        (0.5,0)             
(1.05159,0)         (0.418596,0)        (-0.960628,0)       (0.180286,0)        (0.36,0)            
(1.04753,0)         (0.477322,0)        (-1.02417,0)        (0.159752,0)        (0.41,0)            
(1.04024,0)         (0.451483,0)        (-1.13649,0)        (0.259037,0)        (0.5,0)             
(1.04351,0)         (0.563679,0)        (-1.11926,0)        (0.130618,0)        (0.46,0)            
(1.05159,0)         (0.369759,0)        (-0.947616,0)       (0.222989,0)        (0.36,0)            
(1.03866,0)         (0.639436,0)        (-1.21716,0)        (0.114377,0)        (0.52,0)            
(1.05397,0)         (0.261325,0)        (-0.850907,0)       (0.274168,0)        (0.33,0)            
(1.05484,0)         (0.338049,0)        (-0.905949,0)       (0.229343,0)        (0.32,0)            
(1.04105,0)         (0.534021,0)        (-1.14438,0)        (0.177798,0)        (0.49,0)            
(1.04997,0)         (0.422777,0)        (-0.982381,0)       (0.18991,0)         (0.38,0)            
(1.04345,0)         (0.487321,0)        (-1.07342,0)        (0.180982,0)        (0.46,0)            
(1.04028,0)         (0.59978,0)         (-1.19303,0)        (0.140327,0)        (0.5,0)             
(1.04188,0)         (0.591208,0)        (-1.13917,0)        (0.11464,0)         (0.48,0)            
(1.04349,0)         (0.513826,0)        (-1.09726,0)        (0.168601,0)        (0.46,0)            
(1.05641,0)         (0.159013,0)        (-0.804453,0)       (0.351279,0)        (0.3,0)             
(1.04027,0)         (0.609766,0)        (-1.18055,0)        (0.121854,0)        (0.5,0)             
(1.06122,0)         (0.080922,0)        (-0.688756,0)       (0.358509,0)        (0.24,0)            
(1.04835,0)         (0.463558,0)        (-1.01421,0)        (0.167741,0)        (0.4,0)             
(1.05317,0)         (0.204798,0)        (-0.86592,0)        (0.342944,0)        (0.34,0)            
(1.05481,0)         (0.322656,0)        (-0.877337,0)       (0.227033,0)        (0.32,0)            
(1.05236,0)         (0.350587,0)        (-0.896567,0)       (0.210194,0)        (0.35,0)            
(1.04594,0)         (0.509133,0)        (-1.07747,0)        (0.160776,0)        (0.43,0)            
(1.03946,0)         (0.611294,0)        (-1.18757,0)        (0.124776,0)        (0.51,0)            
(1.05723,0)         (0.26704,0)         (-0.827201,0)       (0.25294,0)         (0.29,0)            
(1.0548,0)          (0.236394,0)        (-0.846364,0)       (0.297318,0)        (0.32,0)            
(1.05476,0)         (0.234061,0)        (-0.828565,0)       (0.288307,0)        (0.32,0)            
(1.04994,0)         (0.324388,0)        (-0.947195,0)       (0.270167,0)        (0.38,0)            
(1.04754,0)         (0.467336,0)        (-1.03665,0)        (0.178225,0)        (0.41,0)            
(1.04594,0)         (0.52137,0)         (-1.0804,0)         (0.149865,0)        (0.43,0)            
(1.0645,0)          (0.0513536,0)       (-0.663783,0)       (0.373364,0)        (0.2,0)             
(1.04833,0)         (0.474724,0)        (-1.0088,0)         (0.15258,0)         (0.4,0)             
(1.04192,0)         (0.619908,0)        (-1.17906,0)        (0.110291,0)        (0.48,0)            
(1.05727,0)         (0.305726,0)        (-0.854614,0)       (0.230118,0)        (0.29,0)            
(1.04996,0)         (0.387301,0)        (-0.980008,0)       (0.225483,0)        (0.38,0)            
(1.054,0)           (0.385203,0)        (-0.900945,0)       (0.17681,0)         (0.33,0)            
(1.04833,0)         (0.427012,0)        (-1.00349,0)        (0.199064,0)        (0.4,0)             
(1.04992,0)         (0.396326,0)        (-0.957901,0)       (0.201821,0)        (0.38,0)            
(1.04675,0)         (0.483187,0)        (-1.06394,0)        (0.179206,0)        (0.42,0)            
(1.0613,0)          (0.135002,0)        (-0.744781,0)       (0.337997,0)        (0.24,0)            
(1.05396,0)         (0.262203,0)        (-0.858148,0)       (0.277909,0)        (0.33,0)            
(1.05156,0)         (0.415385,0)        (-0.935588,0)       (0.167534,0)        (0.36,0)            
(1.03865,0)         (0.626129,0)        (-1.20588,0)        (0.121037,0)        (0.52,0)            
(1.04674,0)         (0.492102,0)        (-1.04311,0)        (0.156483,0)        (0.42,0)            
(1.05642,0)         (0.269692,0)        (-0.841931,0)       (0.259642,0)        (0.3,0)             
(1.04673,0)         (0.442497,0)        (-1.02158,0)        (0.194506,0)        (0.42,0)            
(1.04992,0)         (0.248689,0)        (-0.911159,0)       (0.326149,0)        (0.38,0)            
(1.04668,0)         (0.367209,0)        (-0.984088,0)       (0.249121,0)        (0.42,0)            
(1.04917,0)         (0.425375,0)        (-0.997751,0)       (0.197081,0)        (0.39,0)            
(1.05562,0)         (0.284473,0)        (-0.860874,0)       (0.256373,0)        (0.31,0)            
(1.04756,0)         (0.443933,0)        (-1.03913,0)        (0.204296,0)        (0.41,0)            
(1.04588,0)         (0.431705,0)        (-1.02328,0)        (0.206889,0)        (0.43,0)            
(1.04757,0)         (0.45724,0)         (-1.05041,0)        (0.197636,0)        (0.41,0)            
(1.04996,0)         (0.397287,0)        (-0.967528,0)       (0.20701,0)         (0.38,0)            
(1.05077,0)         (0.407942,0)        (-0.964078,0)       (0.193648,0)        (0.37,0)            
(1.04434,0)         (0.466617,0)        (-1.1029,0)         (0.221604,0)        (0.45,0)            
(1.05479,0)         (0.261691,0)        (-0.860111,0)       (0.279707,0)        (0.32,0)            
(1.05237,0)         (0.351657,0)        (-0.904913,0)       (0.214445,0)        (0.35,0)            
(1.05481,0)         (0.238288,0)        (-0.862592,0)       (0.305778,0)        (0.32,0)            
(1.05158,0)         (0.38087,0)         (-0.942842,0)       (0.208297,0)        (0.36,0)            
(1.046,0)           (0.562198,0)        (-1.12451,0)        (0.135544,0)        (0.43,0)            
(1.04027,0)         (0.631934,0)        (-1.17164,0)        (0.0929404,0)       (0.5,0)             
(1.05395,0)         (0.273315,0)        (-0.853374,0)       (0.263217,0)        (0.33,0)            
(1.04032,0)         (0.697236,0)        (-1.22161,0)        (0.0567987,0)       (0.5,0)             
(1.0451,0)          (0.473044,0)        (-1.06543,0)        (0.19077,0)         (0.44,0)            
(1.05316,0)         (0.324695,0)        (-0.882397,0)       (0.228155,0)        (0.34,0)            
(1.05073,0)         (0.295999,0)        (-0.917147,0)       (0.280525,0)        (0.37,0)            
(1.04267,0)         (0.55006,0)         (-1.09813,0)        (0.13127,0)         (0.47,0)            
(1.05477,0)         (0.320569,0)        (-0.860003,0)       (0.218062,0)        (0.32,0)            
(1.04108,0)         (0.607113,0)        (-1.16582,0)        (0.115152,0)        (0.49,0)            
(1.04835,0)         (0.428028,0)        (-1.01248,0)        (0.203784,0)        (0.4,0)             
(1.04834,0)         (0.438069,0)        (-0.999361,0)       (0.184842,0)        (0.4,0)             
(1.05079,0)         (0.397901,0)        (-0.977198,0)       (0.21259,0)         (0.37,0)            
(1.04832,0)         (0.424816,0)        (-0.987441,0)       (0.191032,0)        (0.4,0)             
(1.05235,0)         (0.327348,0)        (-0.897127,0)       (0.234858,0)        (0.35,0)            
(1.04995,0)         (0.361812,0)        (-0.965155,0)       (0.242584,0)        (0.38,0)            
(1.05238,0)         (0.292834,0)        (-0.904381,0)       (0.275621,0)        (0.35,0)            
(1.04346,0)         (0.500628,0)        (-1.0847,0)         (0.174322,0)        (0.46,0)            
(1.04992,0)         (0.309763,0)        (-0.927104,0)       (0.272535,0)        (0.38,0)            
(1.04997,0)         (0.436084,0)        (-0.99366,0)        (0.18325,0)         (0.38,0)            
(1.04915,0)         (0.401011,0)        (-0.990605,0)       (0.217964,0)        (0.39,0)            
(1.0411,0)          (0.608129,0)        (-1.17481,0)        (0.119872,0)        (0.49,0)            
(1.05313,0)         (0.287079,0)        (-0.863331,0)       (0.255228,0)        (0.34,0)            
(1.06291,0)         (0.178589,0)        (-0.727693,0)       (0.28142,0)         (0.22,0)            
(1.05076,0)         (0.33474,0)         (-0.94392,0)        (0.257233,0)        (0.37,0)            
(1.0484,0)          (0.503315,0)        (-1.04997,0)        (0.149169,0)        (0.4,0)             
(1.05643,0)         (0.2208,0)          (-0.829559,0)       (0.302814,0)        (0.3,0)             
(1.04834,0)         (0.485781,0)        (-1.00467,0)        (0.138358,0)        (0.4,0)             
(1.04746,0)         (0.364418,0)        (-0.967612,0)       (0.241439,0)        (0.41,0)            
(1.04915,0)         (0.410997,0)        (-0.978125,0)       (0.199491,0)        (0.39,0)            
(1.05321,0)         (0.354521,0)        (-0.929995,0)       (0.227587,0)        (0.34,0)            
(1.05239,0)         (0.366035,0)        (-0.924539,0)       (0.212036,0)        (0.35,0)            
(1.05159,0)         (0.407485,0)        (-0.965401,0)       (0.194977,0)        (0.36,0)            
(1.03783,0)         (0.628836,0)        (-1.21997,0)        (0.12727,0)         (0.53,0)            
(1.04512,0)         (0.47299,0)         (-1.06607,0)        (0.191239,0)        (0.44,0)            
(1.04752,0)         (0.402996,0)        (-0.996305,0)       (0.219556,0)        (0.41,0)            
(1.05079,0)         (0.434501,0)        (-0.987277,0)       (0.180798,0)        (0.37,0)            
(1.04029,0)         (0.613032,0)        (-1.20495,0)        (0.134137,0)        (0.5,0)             
(1.04993,0)         (0.358546,0)        (-0.940756,0)       (0.230302,0)        (0.38,0)            
(1.04997,0)         (0.360879,0)        (-0.958555,0)       (0.239313,0)        (0.38,0)            
(1.04593,0)         (0.483644,0)        (-1.06262,0)        (0.177877,0)        (0.43,0)            
(1.04994,0)         (0.409579,0)        (-0.969821,0)       (0.195631,0)        (0.38,0)            
(1.03626,0)         (0.70825,0)         (-1.27985,0)        (0.0827487,0)       (0.55,0)            
(1.04187,0)         (0.603444,0)        (-1.1421,0)         (0.103729,0)        (0.48,0)            
(1.0564,0)          (0.169053,0)        (-0.791333,0)       (0.332337,0)        (0.3,0)             
(1.05399,0)         (0.252053,0)        (-0.872548,0)       (0.297789,0)        (0.33,0)            
(1.04351,0)         (0.576986,0)        (-1.13054,0)        (0.123958,0)        (0.46,0)            
(1.05487,0)         (0.326828,0)        (-0.912004,0)       (0.244973,0)        (0.32,0)            
(1.04752,0)         (0.358659,0)        (-1.01412,0)        (0.277383,0)        (0.41,0)            
(1.04914,0)         (0.412177,0)        (-0.985191,0)       (0.202803,0)        (0.39,0)            
(1.05081,0)         (0.458865,0)        (-0.994423,0)       (0.159916,0)        (0.37,0)            
(1.04997,0)         (0.315116,0)        (-0.968837,0)       (0.293788,0)        (0.38,0)            
(1.05561,0)         (0.210146,0)        (-0.83301,0)        (0.316177,0)        (0.31,0)            
(1.0427,0)          (0.578514,0)        (-1.13756,0)        (0.126879,0)        (0.47,0)            
(1.0451,0)          (0.4475,0)          (-1.05121,0)        (0.20834,0)         (0.44,0)            
(1.0475,0)          (0.416412,0)        (-1.0063,0)         (0.211957,0)        (0.41,0)            
(1.04592,0)         (0.519229,0)        (-1.06371,0)        (0.141364,0)        (0.43,0)            
(1.05241,0)         (0.402581,0)        (-0.935259,0)       (0.180712,0)        (0.35,0)            
(1.04592,0)         (0.470391,0)        (-1.0507,0)         (0.184067,0)        (0.43,0)            
(1.04429,0)         (0.500116,0)        (-1.08666,0)        (0.176121,0)        (0.45,0)            
(1.05641,0)         (0.245329,0)        (-0.834784,0)       (0.280524,0)        (0.3,0)             
(1.05078,0)         (0.369036,0)        (-0.939227,0)       (0.218347,0)        (0.37,0)            
(1.04591,0)         (0.410497,0)        (-1.04182,0)        (0.240992,0)        (0.43,0)            
(1.05807,0)         (0.229872,0)        (-0.819726,0)       (0.287,0)           (0.28,0)            
(1.05239,0)         (0.366035,0)        (-0.924539,0)       (0.212036,0)        (0.35,0)            
(1.05398,0)         (0.300945,0)        (-0.88492,0)        (0.254617,0)        (0.33,0)            
(1.05162,0)         (0.420682,0)        (-0.977961,0)       (0.189256,0)        (0.36,0)            
(1.03869,0)         (0.690359,0)        (-1.2475,0)         (0.0806448,0)       (0.52,0)            
(1.04429,0)         (0.523409,0)        (-1.08546,0)        (0.150988,0)        (0.45,0)            
(1.05236,0)         (0.363949,0)        (-0.907206,0)       (0.203065,0)        (0.35,0)            
(1.04433,0)         (0.55104,0)         (-1.11701,0)        (0.142388,0)        (0.45,0)            
(1.0459,0)          (0.458264,0)        (-1.04648,0)        (0.194039,0)        (0.43,0)            
(1.04673,0)         (0.505464,0)        (-1.05375,0)        (0.149353,0)        (0.42,0)            
(1.04918,0)         (0.451989,0)        (-1.02031,0)        (0.183762,0)        (0.39,0)            
(1.03782,0)         (0.616654,0)        (-1.21639,0)        (0.137711,0)        (0.53,0)            
(1.03947,0)         (0.565777,0)        (-1.19832,0)        (0.179291,0)        (0.51,0)            
(1.05401,0)         (0.325254,0)        (-0.892707,0)       (0.234204,0)        (0.33,0)            
(1.04595,0)         (0.496896,0)        (-1.07454,0)        (0.171686,0)        (0.43,0)            
(1.04996,0)         (0.385051,0)        (-0.964596,0)       (0.217921,0)        (0.38,0)            
(1.0516,0)          (0.370829,0)        (-0.955962,0)       (0.227239,0)        (0.36,0)            
(1.04834,0)         (0.439194,0)        (-1.00707,0)        (0.188623,0)        (0.4,0)             
(1.04351,0)         (0.525075,0)        (-1.09423,0)        (0.154889,0)        (0.46,0)            
(1.04594,0)         (0.532427,0)        (-1.07627,0)        (0.135643,0)        (0.43,0)            
(1.054,0)           (0.311123,0)        (-0.873546,0)       (0.236654,0)        (0.33,0)            
(1.05484,0)         (0.372454,0)        (-0.899976,0)       (0.189519,0)        (0.32,0)            
(1.04834,0)         (0.403664,0)        (-1.00533,0)        (0.224666,0)        (0.4,0)             
(1.04431,0)         (0.561081,0)        (-1.10389,0)        (0.123446,0)        (0.45,0)            
(1.04511,0)         (0.557357,0)        (-1.08081,0)        (0.112493,0)        (0.44,0)            
(1.03545,0)         (0.686484,0)        (-1.28808,0)        (0.110803,0)        (0.56,0)            
(1.0459,0)          (0.446028,0)        (-1.04355,0)        (0.204949,0)        (0.43,0)            
(1.05241,0)         (0.380413,0)        (-0.944165,0)       (0.209626,0)        (0.35,0)            
(1.05885,0)         (0.297264,0)        (-0.799474,0)       (0.203492,0)        (0.27,0)            
(1.04431,0)         (0.464531,0)        (-1.08557,0)        (0.212633,0)        (0.45,0)            
(1.04756,0)         (0.539357,0)        (-1.04974,0)        (0.111328,0)        (0.41,0)            
(1.05079,0)         (0.384841,0)        (-0.966384,0)       (0.219291,0)        (0.37,0)            
(1.04026,0)         (0.573165,0)        (-1.17047,0)        (0.153647,0)        (0.5,0)             
(1.05077,0)         (0.431235,0)        (-0.962878,0)       (0.168516,0)        (0.37,0)            
(1.04511,0)         (0.485226,0)        (-1.069,0)          (0.180329,0)        (0.44,0)            
(1.04432,0)         (0.526676,0)        (-1.10986,0)        (0.16327,0)         (0.45,0)            
(1.06044,0)         (0.218866,0)        (-0.748575,0)       (0.252733,0)        (0.25,0)            
(1.0492,0)          (0.48848,0)         (-1.03167,0)        (0.152908,0)        (0.39,0)            
(1.05397,0)         (0.286567,0)        (-0.865294,0)       (0.257026,0)        (0.33,0)            
(1.04675,0)         (0.46988,0)         (-1.05266,0)        (0.185866,0)        (0.42,0)            
(1.04673,0)         (0.444445,0)        (-1.03717,0)        (0.202497,0)        (0.42,0)            
(1.04266,0)         (0.539827,0)        (-1.11015,0)        (0.149702,0)        (0.47,0)            
(1.05637,0)         (0.26541,0)         (-0.808545,0)       (0.24264,0)         (0.3,0)             
(1.04754,0)         (0.479518,0)        (-1.04022,0)        (0.167784,0)        (0.41,0)            
(1.04672,0)         (0.393412,0)        (-1.0081,0)         (0.237168,0)        (0.42,0)            
(1.05157,0)         (0.269943,0)        (-0.904899,0)       (0.299893,0)        (0.36,0)            
(1.05159,0)         (0.272386,0)        (-0.921417,0)       (0.307966,0)        (0.36,0)            
(1.04996,0)         (0.433888,0)        (-0.977608,0)       (0.175218,0)        (0.38,0)            
(1.04271,0)         (0.541858,0)        (-1.12812,0)        (0.159141,0)        (0.47,0)            
(1.05399,0)         (0.30089,0)         (-0.88556,0)        (0.255086,0)        (0.33,0)            
(1.05558,0)         (0.209185,0)        (-0.823382,0)       (0.310988,0)        (0.31,0)            
(1.04349,0)         (0.550426,0)        (-1.10734,0)        (0.136809,0)        (0.46,0)            
(1.04267,0)         (0.481003,0)        (-1.10962,0)        (0.210877,0)        (0.47,0)            
(1.05322,0)         (0.37776,0)         (-0.929435,0)       (0.202924,0)        (0.34,0)            
(1.05081,0)         (0.362316,0)        (-0.976106,0)       (0.249103,0)        (0.37,0)            
(1.04272,0)         (0.46885,0)         (-1.10907,0)        (0.223236,0)        (0.47,0)            
(1.05082,0)         (0.458811,0)        (-0.995064,0)       (0.160385,0)        (0.37,0)            
(1.05236,0)         (0.264628,0)        (-0.86542,0)        (0.280052,0)        (0.35,0)            
(1.05077,0)         (0.396885,0)        (-0.968211,0)       (0.20787,0)         (0.37,0)            
(1.0524,0)          (0.368231,0)        (-0.940592,0)       (0.220067,0)        (0.35,0)            
(1.05238,0)         (0.353853,0)        (-0.920966,0)       (0.222477,0)        (0.35,0)            
(1.04028,0)         (0.574236,0)        (-1.17882,0)        (0.157897,0)        (0.5,0)             
(1.04434,0)         (0.526566,0)        (-1.11114,0)        (0.164209,0)        (0.45,0)            
(1.05645,0)         (0.305058,0)        (-0.845585,0)       (0.225007,0)        (0.3,0)             
(1.04584,0)         (0.406325,0)        (-1.00715,0)        (0.223052,0)        (0.43,0)            
(1.05967,0)         (0.235733,0)        (-0.784852,0)       (0.258434,0)        (0.26,0)            
(1.04436,0)         (0.502038,0)        (-1.10592,0)        (0.186499,0)        (0.45,0)            
(1.04188,0)         (0.567914,0)        (-1.14037,0)        (0.139772,0)        (0.48,0)            
(1.05075,0)         (0.405801,0)        (-0.947385,0)       (0.185147,0)        (0.37,0)            
(1.04429,0)         (0.401316,0)        (-1.05293,0)        (0.257745,0)        (0.45,0)            
(1.04753,0)         (0.379648,0)        (-0.998146,0)       (0.245157,0)        (0.41,0)            
(1.05076,0)         (0.308373,0)        (-0.921827,0)       (0.270594,0)        (0.37,0)            
(1.05078,0)         (0.456724,0)        (-0.97773,0)        (0.151415,0)        (0.37,0)            
(1.05482,0)         (0.300433,0)        (-0.886883,0)       (0.256416,0)        (0.32,0)            
(1.05799,0)         (0.153624,0)        (-0.772606,0)       (0.336426,0)        (0.28,0)            
(1.05078,0)         (0.336881,0)        (-0.960613,0)       (0.265734,0)        (0.37,0)            
(1.054,0)           (0.26536,0)         (-0.883828,0)       (0.291129,0)        (0.33,0)            
(1.04356,0)         (0.579018,0)        (-1.14851,0)        (0.133398,0)        (0.46,0)            
(1.05404,0)         (0.38836,0)         (-0.926625,0)       (0.190031,0)        (0.33,0)            
(1.03868,0)         (0.66487,0)         (-1.23265,0)        (0.0977456,0)       (0.52,0)            
(1.05077,0)         (0.322504,0)        (-0.940987,0)       (0.268143,0)        (0.37,0)            
(1.04592,0)         (0.554704,0)        (-1.06608,0)        (0.105791,0)        (0.43,0)            
(1.03786,0)         (0.664202,0)        (-1.22362,0)        (0.0926351,0)       (0.53,0)            
(1.05477,0)         (0.200726,0)        (-0.842886,0)       (0.332382,0)        (0.32,0)            
(1.04668,0)         (0.404688,0)        (-1.00141,0)        (0.221069,0)        (0.42,0)            
(1.04673,0)         (0.432208,0)        (-1.03423,0)        (0.213408,0)        (0.42,0)            
(1.04111,0)         (0.55043,0)         (-1.18198,0)        (0.184829,0)        (0.49,0)            
(1.05155,0)         (0.257816,0)        (-0.900685,0)       (0.309865,0)        (0.36,0)            
(1.04918,0)         (0.475283,0)        (-1.01911,0)        (0.158629,0)        (0.39,0)            
(1.03863,0)         (0.576275,0)        (-1.18388,0)        (0.15902,0)         (0.52,0)            
(1.04992,0)         (0.357475,0)        (-0.93241,0)        (0.226051,0)        (0.38,0)            
(1.04835,0)         (0.487977,0)        (-1.02072,0)        (0.146389,0)        (0.4,0)             
(1.05883,0)         (0.271775,0)        (-0.784622,0)       (0.220593,0)        (0.27,0)            
(1.04591,0)         (0.458209,0)        (-1.04712,0)        (0.194508,0)        (0.43,0)            
(1.04753,0)         (0.478448,0)        (-1.03188,0)        (0.163533,0)        (0.41,0)            
(1.04755,0)         (0.406509,0)        (-1.02117,0)        (0.231879,0)        (0.41,0)            
(1.05159,0)         (0.429653,0)        (-0.956495,0)       (0.166064,0)        (0.36,0)            
(1.05156,0)         (0.332142,0)        (-0.92855,0)        (0.250061,0)        (0.36,0)            
(1.05078,0)         (0.39683,0)         (-0.968851,0)       (0.20834,0)         (0.37,0)            
(1.03871,0)         (0.629533,0)        (-1.23202,0)        (0.134299,0)        (0.52,0)            
(1.06121,0)         (0.140871,0)        (-0.696994,0)       (0.301114,0)        (0.24,0)            
(1.04512,0)         (0.450821,0)        (-1.07497,0)        (0.220153,0)        (0.44,0)            
(1.05476,0)         (0.284024,0)        (-0.849283,0)       (0.249385,0)        (0.32,0)            
(1.04509,0)         (0.484211,0)        (-1.06001,0)        (0.175609,0)        (0.44,0)            
(1.04108,0)         (0.607113,0)        (-1.16582,0)        (0.115152,0)        (0.49,0)            
(1.05073,0)         (0.333779,0)        (-0.934292,0)       (0.252044,0)        (0.37,0)            
(1.04592,0)         (0.508117,0)        (-1.06848,0)        (0.156056,0)        (0.43,0)            
(1.04433,0)         (0.514384,0)        (-1.10757,0)        (0.17465,0)         (0.45,0)            
(1.03788,0)         (0.691887,0)        (-1.25452,0)        (0.083566,0)        (0.53,0)            
(1.05398,0)         (0.325363,0)        (-0.891426,0)       (0.233266,0)        (0.33,0)            
(1.0459,0)          (0.470446,0)        (-1.05006,0)        (0.183598,0)        (0.43,0)            
(1.05073,0)         (0.381492,0)        (-0.939598,0)       (0.20556,0)         (0.37,0)            
(1.04675,0)         (0.455694,0)        (-1.03414,0)        (0.188785,0)        (0.42,0)            
(1.04026,0)         (0.633114,0)        (-1.17871,0)        (0.0962524,0)       (0.5,0)             
(1.04758,0)         (0.515955,0)        (-1.05222,0)        (0.137399,0)        (0.41,0)            
(1.03786,0)         (0.632048,0)        (-1.24501,0)        (0.140022,0)        (0.53,0)            
(1.05238,0)         (0.316127,0)        (-0.903181,0)       (0.250488,0)        (0.35,0)            
(1.04189,0)         (0.567859,0)        (-1.14101,0)        (0.140242,0)        (0.48,0)            
(1.05643,0)         (0.294056,0)        (-0.849077,0)       (0.23876,0)         (0.3,0)             
(1.04109,0)         (0.655896,0)        (-1.17947,0)        (0.0729183,0)       (0.49,0)            
(1.0459,0)          (0.481558,0)        (-1.04528,0)        (0.168906,0)        (0.43,0)            
(1.05314,0)         (0.299261,0)        (-0.866904,0)       (0.244787,0)        (0.34,0)            
(1.04351,0)         (0.60028,0)         (-1.12934,0)        (0.0988255,0)       (0.46,0)            
(1.04829,0)         (0.3872,0)          (-0.968375,0)       (0.218105,0)        (0.4,0)             
(1.04831,0)         (0.44929,0)         (-0.993307,0)       (0.169212,0)        (0.4,0)             
(1.04352,0)         (0.541456,0)        (-1.1288,0)         (0.160001,0)        (0.46,0)            
(1.04667,0)         (0.307068,0)        (-0.974744,0)       (0.306005,0)        (0.42,0)            
(1.05638,0)         (0.19435,0)         (-0.805079,0)       (0.314726,0)        (0.3,0)             
(1.04266,0)         (0.489041,0)        (-1.08155,0)        (0.184413,0)        (0.47,0)            
(1.03871,0)         (0.726905,0)        (-1.25822,0)        (0.0493216,0)       (0.52,0)            
(1.04672,0)         (0.442249,0)        (-1.02111,0)        (0.194466,0)        (0.42,0)            
(1.05483,0)         (0.371384,0)        (-0.891629,0)       (0.185268,0)        (0.32,0)            
(1.05154,0)         (0.305583,0)        (-0.90535,0)        (0.262912,0)        (0.36,0)            
(1.04672,0)         (0.467793,0)        (-1.03533,0)        (0.176895,0)        (0.42,0)            
(1.03861,0)         (0.565273,0)        (-1.18737,0)        (0.172773,0)        (0.52,0)            
(1.04837,0)         (0.501229,0)        (-1.03264,0)        (0.140199,0)        (0.4,0)             
(1.0467,0)          (0.491141,0)        (-1.03349,0)        (0.151293,0)        (0.42,0)            
(1.05159,0)         (0.358647,0)        (-0.952389,0)       (0.23768,0)         (0.36,0)            
(1.05073,0)         (0.358198,0)        (-0.940798,0)       (0.230693,0)        (0.37,0)            
(1.04757,0)         (0.563721,0)        (-1.05689,0)        (0.0904456,0)       (0.41,0)            
(1.04027,0)         (0.560929,0)        (-1.16754,0)        (0.164557,0)        (0.5,0)             
(1.04837,0)         (0.488992,0)        (-1.02971,0)        (0.151109,0)        (0.4,0)             
(1.04187,0)         (0.531314,0)        (-1.13029,0)        (0.171565,0)        (0.48,0)            
