68
e_L                 onsite              nnhop               ospair              nnJastrow           
(1.05721,0)         (0.241602,0)        (-0.811699,0)       (0.269564,0)        (0.29,0)            
(1.04028,0)         (0.63525,0)         (-1.19539,0)        (0.104746,0)        (0.5,0)             
(1.04185,0)         (0.481758,0)        (-1.10811,0)        (0.209111,0)        (0.48,0)            
(1.05481,0)         (0.261578,0)        (-0.861382,0)       (0.280638,0)        (0.32,0)            
(1.04753,0)         (0.501737,0)        (-1.03066,0)        (0.138393,0)        (0.41,0)            
(1.05478,0)         (0.286161,0)        (-0.865966,0)       (0.257879,0)        (0.32,0)            
(1.04354,0)         (0.614598,0)        (-1.14959,0)        (0.096878,0)        (0.46,0)            
(1.04424,0)         (0.435936,0)        (-1.04438,0)        (0.216036,0)        (0.45,0)            
(1.05561,0)         (0.271217,0)        (-0.848944,0)       (0.262556,0)        (0.31,0)            
(1.04427,0)         (0.399473,0)        (-1.03605,0)        (0.248807,0)        (0.45,0)            
(1.05881,0)         (0.219668,0)        (-0.747202,0)       (0.251007,0)        (0.27,0)            
(1.04752,0)         (0.488484,0)        (-1.01874,0)        (0.144584,0)        (0.41,0)            
(1.04677,0)         (0.458709,0)        (-1.05806,0)        (0.201019,0)        (0.42,0)            
(1.05321,0)         (0.304555,0)        (-0.909266,0)       (0.266501,0)        (0.34,0)            
(1.05563,0)         (0.333252,0)        (-0.874516,0)       (0.214133,0)        (0.31,0)            
(1.04186,0)         (0.566839,0)        (-1.13201,0)        (0.135514,0)        (0.48,0)            
(1.05158,0)         (0.40416,0)         (-0.941631,0)       (0.183157,0)        (0.36,0)            
(1.05557,0)         (0.268005,0)        (-0.823905,0)       (0.249805,0)        (0.31,0)            
(1.04432,0)         (0.561021,0)        (-1.10452,0)        (0.123908,0)        (0.45,0)            
(1.05482,0)         (0.262649,0)        (-0.869728,0)       (0.284889,0)        (0.32,0)            
(1.04594,0)         (0.495821,0)        (-1.06618,0)        (0.167428,0)        (0.43,0)            
(1.05722,0)         (0.180473,0)        (-0.796394,0)       (0.323646,0)        (0.29,0)            
(1.04916,0)         (0.508613,0)        (-1.00478,0)        (0.114548,0)        (0.39,0)            
(1.0403,0)          (0.624084,0)        (-1.2008,0)         (0.119906,0)        (0.5,0)             
(1.04186,0)         (0.50582,0)         (-1.11543,0)        (0.188658,0)        (0.48,0)            
(1.04106,0)         (0.557255,0)        (-1.14381,0)        (0.153127,0)        (0.49,0)            
(1.05402,0)         (0.364047,0)        (-0.918828,0)       (0.210436,0)        (0.33,0)            
(1.05478,0)         (0.319386,0)        (-0.852928,0)       (0.214744,0)        (0.32,0)            
(1.04672,0)         (0.432259,0)        (-1.03358,0)        (0.21293,0)         (0.42,0)            
(1.05077,0)         (0.443468,0)        (-0.9658,0)         (0.157598,0)        (0.37,0)            
(1.04994,0)         (0.397338,0)        (-0.966877,0)       (0.206534,0)        (0.38,0)            
(1.0451,0)          (0.497459,0)        (-1.07192,0)        (0.169411,0)        (0.44,0)            
(1.04594,0)         (0.556841,0)        (-1.08276,0)        (0.114285,0)        (0.43,0)            
(1.04593,0)         (0.473708,0)        (-1.07444,0)        (0.195872,0)        (0.43,0)            
(1.04432,0)         (0.561021,0)        (-1.10452,0)        (0.123908,0)        (0.45,0)            
(1.04991,0)         (0.297577,0)        (-0.92352,0)        (0.282969,0)        (0.38,0)            
(1.04431,0)         (0.561076,0)        (-1.10388,0)        (0.123439,0)        (0.45,0)            
(1.04996,0)         (0.375115,0)        (-0.976423,0)       (0.235917,0)        (0.38,0)            
(1.04833,0)         (0.473595,0)        (-1.00108,0)        (0.148792,0)        (0.4,0)             
(1.0532,0)          (0.423327,0)        (-0.918038,0)       (0.147932,0)        (0.34,0)            
(1.05317,0)         (0.300218,0)        (-0.876521,0)       (0.249969,0)        (0.34,0)            
(1.054,0)           (0.310818,0)        (-0.873711,0)       (0.237076,0)        (0.33,0)            
(1.04671,0)         (0.455607,0)        (-1.03174,0)        (0.187329,0)        (0.42,0)            
(1.0532,0)          (0.398909,0)        (-0.911532,0)       (0.169283,0)        (0.34,0)            
(1.04512,0)         (0.47411,0)         (-1.07376,0)        (0.195012,0)        (0.44,0)            
(1.04431,0)         (0.43816,0)         (-1.06346,0)        (0.225985,0)        (0.45,0)            
(1.04029,0)         (0.647432,0)        (-1.19896,0)        (0.0943046,0)       (0.5,0)             
(1.04912,0)         (0.385613,0)        (-0.961981,0)       (0.215646,0)        (0.39,0)            
(1.05084,0)         (0.460947,0)        (-1.01174,0)        (0.168879,0)        (0.37,0)            
(1.05643,0)         (0.306235,0)        (-0.85264,0)        (0.228312,0)        (0.3,0)             
(1.04999,0)         (0.459264,0)        (-0.993729,0)       (0.159049,0)        (0.38,0)            
(1.04671,0)         (0.503319,0)        (-1.03705,0)        (0.140845,0)        (0.42,0)            
(1.04273,0)         (0.651655,0)        (-1.15835,0)        (0.0637566,0)       (0.47,0)            
(1.04673,0)         (0.50546,0)         (-1.05374,0)        (0.149346,0)        (0.42,0)            
(1.04025,0)         (0.548796,0)        (-1.16331,0)        (0.174521,0)        (0.5,0)             
(1.04674,0)         (0.540935,0)        (-1.05611,0)        (0.113773,0)        (0.42,0)            
(1.04837,0)         (0.524518,0)        (-1.03143,0)        (0.115059,0)        (0.4,0)             
(1.04993,0)         (0.298593,0)        (-0.932507,0)       (0.287688,0)        (0.38,0)            
(1.03946,0)         (0.636832,0)        (-1.20177,0)        (0.107198,0)        (0.51,0)            
(1.04189,0)         (0.555618,0)        (-1.13807,0)        (0.151144,0)        (0.48,0)            
(1.04836,0)         (0.487918,0)        (-1.02135,0)        (0.146852,0)        (0.4,0)             
(1.04673,0)         (0.421147,0)        (-1.03835,0)        (0.227622,0)        (0.42,0)            
(1.05246,0)         (0.407106,0)        (-0.969099,0)       (0.197748,0)        (0.35,0)            
(1.04912,0)         (0.384488,0)        (-0.954275,0)       (0.211864,0)        (0.39,0)            
(1.03944,0)         (0.514849,0)        (-1.16796,0)        (0.213015,0)        (0.51,0)            
(1.04108,0)         (0.608233,0)        (-1.17351,0)        (0.118925,0)        (0.49,0)            
(1.03948,0)         (0.650085,0)        (-1.21369,0)        (0.101007,0)        (0.51,0)            
(1.04914,0)         (0.336667,0)        (-0.95025,0)        (0.259287,0)        (0.39,0)            
(1.04668,0)         (0.382515,0)        (-1.0103,0)         (0.249975,0)        (0.42,0)            
(1.05479,0)         (0.213976,0)        (-0.854795,0)       (0.326183,0)        (0.32,0)            
(1.06124,0)         (0.0708785,0)       (-0.701867,0)       (0.377443,0)        (0.24,0)            
(1.04351,0)         (0.564799,0)        (-1.12695,0)        (0.134392,0)        (0.46,0)            
(1.05073,0)         (0.392544,0)        (-0.935455,0)       (0.191331,0)        (0.37,0)            
(1.03621,0)         (0.681849,0)        (-1.25472,0)        (0.0941832,0)       (0.55,0)            
(1.05718,0)         (0.23721,0)         (-0.779594,0)       (0.253501,0)        (0.29,0)            
(1.04994,0)         (0.40845,0)         (-0.962104,0)       (0.191842,0)        (0.38,0)            
(1.04509,0)         (0.496388,0)        (-1.06357,0)        (0.16516,0)         (0.44,0)            
(1.05401,0)         (0.385144,0)        (-0.901575,0)       (0.177273,0)        (0.33,0)            
(1.04915,0)         (0.436537,0)        (-0.992326,0)       (0.181913,0)        (0.39,0)            
(1.06046,0)         (0.136637,0)        (-0.750515,0)       (0.339972,0)        (0.25,0)            
(1.04996,0)         (0.444995,0)        (-0.972823,0)       (0.16052,0)         (0.38,0)            
(1.05317,0)         (0.325762,0)        (-0.890733,0)       (0.232399,0)        (0.34,0)            
(1.05403,0)         (0.338448,0)        (-0.905256,0)       (0.228476,0)        (0.33,0)            
(1.0395,0)          (0.698813,0)        (-1.22798,0)        (0.0592431,0)       (0.51,0)            
(1.04998,0)         (0.448262,0)        (-0.997222,0)       (0.172801,0)        (0.38,0)            
(1.04352,0)         (0.517032,0)        (-1.12229,0)        (0.181344,0)        (0.46,0)            
(1.05076,0)         (0.417979,0)        (-0.950947,0)       (0.174699,0)        (0.37,0)            
(1.05401,0)         (0.324125,0)        (-0.88499,0)        (0.230416,0)        (0.33,0)            
(1.04189,0)         (0.615567,0)        (-1.1463,0)         (0.0937504,0)       (0.48,0)            
(1.04268,0)         (0.493181,0)        (-1.11318,0)        (0.200428,0)        (0.47,0)            
(1.04276,0)         (0.558317,0)        (-1.16507,0)        (0.165694,0)        (0.47,0)            
(1.04433,0)         (0.58651,0)         (-1.11937,0)        (0.106807,0)        (0.45,0)            
(1.04433,0)         (0.54991,0)         (-1.10929,0)        (0.138599,0)        (0.45,0)            
(1.04432,0)         (0.548839,0)        (-1.10094,0)        (0.134349,0)        (0.45,0)            
(1.04512,0)         (0.534004,0)        (-1.08264,0)        (0.138088,0)        (0.44,0)            
(1.04917,0)         (0.449789,0)        (-1.00425,0)        (0.175723,0)        (0.39,0)            
(1.0548,0)          (0.262758,0)        (-0.868447,0)       (0.28395,0)         (0.32,0)            
(1.04025,0)         (0.584327,0)        (-1.16504,0)        (0.138478,0)        (0.5,0)             
(1.04758,0)         (0.480475,0)        (-1.04984,0)        (0.172965,0)        (0.41,0)            
(1.04752,0)         (0.381949,0)        (-1.01291,0)        (0.252242,0)        (0.41,0)            
(1.05156,0)         (0.415381,0)        (-0.935577,0)       (0.167528,0)        (0.36,0)            
(1.04754,0)         (0.490625,0)        (-1.03544,0)        (0.153085,0)        (0.41,0)            
(1.04586,0)         (0.443992,0)        (-1.02556,0)        (0.195502,0)        (0.43,0)            
(1.0467,0)          (0.417881,0)        (-1.01396,0)        (0.21534,0)         (0.42,0)            
(1.04024,0)         (0.522182,0)        (-1.14075,0)        (0.18784,0)         (0.5,0)             
(1.04183,0)         (0.541459,0)        (-1.11588,0)        (0.151677,0)        (0.48,0)            
(1.0548,0)          (0.309345,0)        (-0.866047,0)       (0.233685,0)        (0.32,0)            
(1.05481,0)         (0.27269,0)         (-0.856608,0)       (0.265947,0)        (0.32,0)            
(1.04027,0)         (0.586468,0)        (-1.18174,0)        (0.146979,0)        (0.5,0)             
(1.04756,0)         (0.467222,0)        (-1.03792,0)        (0.179156,0)        (0.41,0)            
(1.05072,0)         (0.271631,0)        (-0.90999,0)        (0.301399,0)        (0.37,0)            
(1.05071,0)         (0.343817,0)        (-0.921162,0)       (0.233095,0)        (0.37,0)            
(1.04675,0)         (0.458764,0)        (-1.05742,0)        (0.200549,0)        (0.42,0)            
(1.04914,0)         (0.32668,0)         (-0.962729,0)       (0.277759,0)        (0.39,0)            
(1.05476,0)         (0.293952,0)        (-0.837435,0)       (0.231375,0)        (0.32,0)            
(1.05159,0)         (0.394173,0)        (-0.95411,0)        (0.20163,0)         (0.36,0)            
(1.05232,0)         (0.338566,0)        (-0.891062,0)       (0.219221,0)        (0.35,0)            
(1.04348,0)         (0.537169,0)        (-1.09541,0)        (0.142992,0)        (0.46,0)            
(1.03869,0)         (0.640392,0)        (-1.22677,0)        (0.119558,0)        (0.52,0)            
(1.05236,0)         (0.267698,0)        (-0.888703,0)       (0.291816,0)        (0.35,0)            
(1.04754,0)         (0.45397,0)         (-1.026,0)          (0.185346,0)        (0.41,0)            
(1.05235,0)         (0.305176,0)        (-0.906022,0)       (0.263764,0)        (0.35,0)            
(1.04592,0)         (0.468439,0)        (-1.0351,0)         (0.176069,0)        (0.43,0)            
(1.0443,0)          (0.439038,0)        (-1.0707,0)         (0.229726,0)        (0.45,0)            
(1.04996,0)         (0.361753,0)        (-0.965784,0)       (0.243046,0)        (0.38,0)            
(1.04595,0)         (0.592316,0)        (-1.08514,0)        (0.0787112,0)       (0.43,0)            
(1.04754,0)         (0.501682,0)        (-1.0313,0)         (0.138863,0)        (0.41,0)            
(1.05476,0)         (0.217924,0)        (-0.794449,0)       (0.283229,0)        (0.32,0)            
(1.05486,0)         (0.39901,0)         (-0.923164,0)       (0.176662,0)        (0.32,0)            
(1.0435,0)          (0.587022,0)        (-1.1174,0)         (0.105009,0)        (0.46,0)            
(1.04921,0)         (0.441889,0)        (-1.03406,0)        (0.203165,0)        (0.39,0)            
(1.04839,0)         (0.330789,0)        (-0.988017,0)       (0.289732,0)        (0.4,0)             
(1.04025,0)         (0.596509,0)        (-1.16862,0)        (0.128037,0)        (0.5,0)             
(1.03866,0)         (0.580607,0)        (-1.21661,0)        (0.175544,0)        (0.52,0)            
(1.05235,0)         (0.231097,0)        (-0.878624,0)       (0.323608,0)        (0.35,0)            
(1.04428,0)         (0.510152,0)        (-1.07353,0)        (0.157171,0)        (0.45,0)            
(1.04511,0)         (0.460803,0)        (-1.06248,0)        (0.201672,0)        (0.44,0)            
(1.05401,0)         (0.32525,0)         (-0.892696,0)       (0.234197,0)        (0.33,0)            
(1.05884,0)         (0.236241,0)        (-0.78288,0)        (0.256629,0)        (0.27,0)            
(1.0532,0)          (0.351197,0)        (-0.906226,0)       (0.215767,0)        (0.34,0)            
(1.04833,0)         (0.415951,0)        (-1.00762,0)        (0.213279,0)        (0.4,0)             
(1.0387,0)          (0.714718,0)        (-1.25463,0)        (0.0597548,0)       (0.52,0)            
(1.0548,0)          (0.333764,0)        (-0.872553,0)       (0.212334,0)        (0.32,0)            
(1.05641,0)         (0.304094,0)        (-0.835948,0)       (0.219811,0)        (0.3,0)             
(1.04834,0)         (0.389529,0)        (-0.986163,0)       (0.227108,0)        (0.4,0)             
(1.04753,0)         (0.379946,0)        (-0.997959,0)       (0.244721,0)        (0.41,0)            
(1.04753,0)         (0.500611,0)        (-1.02296,0)        (0.134612,0)        (0.41,0)            
(1.05078,0)         (0.371282,0)        (-0.954628,0)       (0.225902,0)        (0.37,0)            
(1.05643,0)         (0.183319,0)        (-0.81223,0)        (0.330859,0)        (0.3,0)             
(1.04834,0)         (0.425828,0)        (-0.996417,0)       (0.195745,0)        (0.4,0)             
(1.0475,0)          (0.415283,0)        (-0.998586,0)       (0.208168,0)        (0.41,0)            
(1.04428,0)         (0.52346,0)         (-1.08481,0)        (0.150511,0)        (0.45,0)            
(1.05076,0)         (0.39356,0)         (-0.944441,0)       (0.19605,0)         (0.37,0)            
(1.04432,0)         (0.572133,0)        (-1.09974,0)        (0.109217,0)        (0.45,0)            
(1.04669,0)         (0.392392,0)        (-0.999104,0)       (0.232441,0)        (0.42,0)            
(1.04431,0)         (0.537783,0)        (-1.10508,0)        (0.148571,0)        (0.45,0)            
(1.05235,0)         (0.304051,0)        (-0.898316,0)       (0.259983,0)        (0.35,0)            
(1.05158,0)         (0.344266,0)        (-0.932752,0)       (0.240082,0)        (0.36,0)            
(1.05482,0)         (0.250467,0)        (-0.866155,0)       (0.29533,0)         (0.32,0)            
(1.04918,0)         (0.497447,0)        (-1.01019,0)        (0.129708,0)        (0.39,0)            
(1.04108,0)         (0.619345,0)        (-1.16874,0)        (0.104234,0)        (0.49,0)            
(1.05073,0)         (0.357069,0)        (-0.933081,0)       (0.226904,0)        (0.37,0)            
(1.05075,0)         (0.333666,0)        (-0.935562,0)       (0.252975,0)        (0.37,0)            
(1.04509,0)         (0.435369,0)        (-1.04699,0)        (0.218304,0)        (0.44,0)            
(1.04349,0)         (0.53824,0)         (-1.10375,0)        (0.147242,0)        (0.46,0)            
(1.04186,0)         (0.530238,0)        (-1.12193,0)        (0.167306,0)        (0.48,0)            
(1.04428,0)         (0.474622,0)        (-1.0718,0)         (0.193214,0)        (0.45,0)            
(1.04352,0)         (0.63575,0)         (-1.1317,0)         (0.0632449,0)       (0.46,0)            
(1.05077,0)         (0.348044,0)        (-0.955188,0)       (0.250565,0)        (0.37,0)            
(1.04513,0)         (0.5362,0)          (-1.09869,0)        (0.146119,0)        (0.44,0)            
(1.05163,0)         (0.457279,0)        (-0.988029,0)       (0.157457,0)        (0.36,0)            
(1.04993,0)         (0.431798,0)        (-0.960263,0)       (0.166241,0)        (0.38,0)            
(1.0451,0)          (0.544045,0)        (-1.06952,0)        (0.119146,0)        (0.44,0)            
(1.04678,0)         (0.520799,0)        (-1.08299,0)        (0.152126,0)        (0.42,0)            
(1.0483,0)          (0.387141,0)        (-0.969004,0)       (0.218567,0)        (0.4,0)             
(1.05396,0)         (0.297675,0)        (-0.860511,0)       (0.242328,0)        (0.33,0)            
(1.05485,0)         (0.325809,0)        (-0.903006,0)       (0.240246,0)        (0.32,0)            
(1.05076,0)         (0.372517,0)        (-0.961053,0)       (0.228745,0)        (0.37,0)            
(1.05884,0)         (0.177473,0)        (-0.781707,0)       (0.317335,0)        (0.27,0)            
(1.05316,0)         (0.289216,0)        (-0.880014,0)       (0.263722,0)        (0.34,0)            
(1.05398,0)         (0.334221,0)        (-0.87123,0)        (0.211005,0)        (0.33,0)            
(1.04593,0)         (0.484765,0)        (-1.07031,0)        (0.18165,0)         (0.43,0)            
(1.04672,0)         (0.478023,0)        (-1.0233,0)         (0.158456,0)        (0.42,0)            
(1.04594,0)         (0.496947,0)        (-1.07388,0)        (0.171209,0)        (0.43,0)            
(1.04272,0)         (0.554036,0)        (-1.13168,0)        (0.148692,0)        (0.47,0)            
(1.05564,0)         (0.32214,0)         (-0.879289,0)       (0.228824,0)        (0.31,0)            
(1.04671,0)         (0.456732,0)        (-1.03945,0)        (0.19111,0)         (0.42,0)            
(1.05322,0)         (0.40105,0)         (-0.928225,0)       (0.177784,0)        (0.34,0)            
(1.05234,0)         (0.326274,0)        (-0.88877,0)        (0.2306,0)          (0.35,0)            
(1.0548,0)          (0.309345,0)        (-0.866047,0)       (0.233685,0)        (0.32,0)            
(1.04024,0)         (0.558837,0)        (-1.15019,0)        (0.155579,0)        (0.5,0)             
(1.04836,0)         (0.487918,0)        (-1.02135,0)        (0.146852,0)        (0.4,0)             
(1.04751,0)         (0.476302,0)        (-1.01517,0)        (0.155025,0)        (0.41,0)            
(1.04992,0)         (0.373029,0)        (-0.95909,0)        (0.226946,0)        (0.38,0)            
(1.05401,0)         (0.32525,0)         (-0.892696,0)       (0.234197,0)        (0.33,0)            
(1.04194,0)         (0.668631,0)        (-1.19334,0)        (0.0685188,0)       (0.48,0)            
(1.04994,0)         (0.360738,0)        (-0.956798,0)       (0.238326,0)        (0.38,0)            
(1.05321,0)         (0.353392,0)        (-0.922278,0)       (0.223799,0)        (0.34,0)            
(1.06049,0)         (0.269677,0)        (-0.780193,0)       (0.219933,0)        (0.25,0)            
(1.05158,0)         (0.334279,0)        (-0.945231,0)       (0.258554,0)        (0.36,0)            
(1.05473,0)         (0.18758,0)         (-0.829675,0)       (0.337626,0)        (0.32,0)            
(1.0564,0)          (0.267548,0)        (-0.825228,0)       (0.251134,0)        (0.3,0)             
(1.04428,0)         (0.52346,0)         (-1.08481,0)        (0.150511,0)        (0.45,0)            
(1.05153,0)         (0.330052,0)        (-0.911205,0)       (0.241084,0)        (0.36,0)            
(1.04991,0)         (0.358651,0)        (-0.939465,0)       (0.229356,0)        (0.38,0)            
(1.0419,0)          (0.593344,0)        (-1.15585,0)        (0.123133,0)        (0.48,0)            
(1.04348,0)         (0.42756,0)         (-1.06627,0)        (0.238878,0)        (0.46,0)            
(1.04917,0)         (0.463096,0)        (-1.01552,0)        (0.169063,0)        (0.39,0)            
(1.04993,0)         (0.395143,0)        (-0.950824,0)       (0.198502,0)        (0.38,0)            
(1.03789,0)         (0.717371,0)        (-1.26936,0)        (0.0664571,0)       (0.53,0)            
(1.04989,0)         (0.286576,0)        (-0.927012,0)       (0.296721,0)        (0.38,0)            
(1.04833,0)         (0.329635,0)        (-0.977284,0)       (0.284033,0)        (0.4,0)             
(1.05078,0)         (0.297505,0)        (-0.927054,0)       (0.285318,0)        (0.37,0)            
(1.054,0)           (0.325305,0)        (-0.892056,0)       (0.233728,0)        (0.33,0)            
(1.04918,0)         (0.48746,0)         (-1.02267,0)        (0.148181,0)        (0.39,0)            
(1.05801,0)         (0.104976,0)        (-0.760691,0)       (0.379631,0)        (0.28,0)            
(1.04914,0)         (0.506472,0)        (-0.988086,0)       (0.106047,0)        (0.39,0)            
(1.04837,0)         (0.416857,0)        (-1.01788,0)        (0.218937,0)        (0.4,0)             
(1.04428,0)         (0.499041,0)        (-1.0783,0)         (0.171863,0)        (0.45,0)            
(1.04913,0)         (0.398043,0)        (-0.96602,0)        (0.205245,0)        (0.39,0)            
(1.0427,0)          (0.58962,0)         (-1.13277,0)        (0.11218,0)         (0.47,0)            
(1.05078,0)         (0.421245,0)        (-0.975346,0)       (0.186981,0)        (0.37,0)            
(1.05073,0)         (0.306283,0)        (-0.904483,0)       (0.261616,0)        (0.37,0)            
(1.05073,0)         (0.369251,0)        (-0.936655,0)       (0.216463,0)        (0.37,0)            
(1.04753,0)         (0.394131,0)        (-1.01648,0)        (0.241801,0)        (0.41,0)            
(1.0419,0)          (0.533697,0)        (-1.14744,0)        (0.180099,0)        (0.48,0)            
(1.04668,0)         (0.419116,0)        (-1.02038,0)        (0.218182,0)        (0.42,0)            
(1.04105,0)         (0.485179,0)        (-1.13136,0)        (0.220492,0)        (0.49,0)            
(1.05157,0)         (0.368739,0)        (-0.938618,0)       (0.218261,0)        (0.36,0)            
(1.04837,0)         (0.475681,0)        (-1.01842,0)        (0.157762,0)        (0.4,0)             
(1.04108,0)         (0.556322,0)        (-1.13721,0)        (0.149856,0)        (0.49,0)            
(1.04432,0)         (0.513309,0)        (-1.09921,0)        (0.170392,0)        (0.45,0)            
(1.03544,0)         (0.649933,0)        (-1.27734,0)        (0.142117,0)        (0.56,0)            
(1.0443,0)          (0.535587,0)        (-1.08902,0)        (0.14054,0)         (0.45,0)            
(1.05156,0)         (0.333264,0)        (-0.936245,0)       (0.253835,0)        (0.36,0)            
(1.04193,0)         (0.558006,0)        (-1.15522,0)        (0.159686,0)        (0.48,0)            
(1.03866,0)         (0.638305,0)        (-1.20944,0)        (0.110588,0)        (0.52,0)            
(1.04348,0)         (0.538294,0)        (-1.10311,0)        (0.146773,0)        (0.46,0)            
(1.04349,0)         (0.527128,0)        (-1.10853,0)        (0.161933,0)        (0.46,0)            
(1.0419,0)          (0.581107,0)        (-1.15292,0)        (0.134043,0)        (0.48,0)            
(1.0427,0)          (0.543034,0)        (-1.13517,0)        (0.162445,0)        (0.47,0)            
(1.05563,0)         (0.333252,0)        (-0.874516,0)       (0.214133,0)        (0.31,0)            
(1.05399,0)         (0.265411,0)        (-0.883177,0)       (0.290652,0)        (0.33,0)            
(1.04352,0)         (0.540326,0)        (-1.12109,0)        (0.156212,0)        (0.46,0)            
(1.0459,0)          (0.470442,0)        (-1.05004,0)        (0.18359,0)         (0.43,0)            
(1.04917,0)         (0.425371,0)        (-0.997739,0)       (0.197074,0)        (0.39,0)            
(1.0459,0)          (0.493735,0)        (-1.04884,0)        (0.158458,0)        (0.43,0)            
(1.05238,0)         (0.354975,0)        (-0.928661,0)       (0.226251,0)        (0.35,0)            
(1.05643,0)         (0.234104,0)        (-0.840828,0)       (0.296147,0)        (0.3,0)             
(1.05564,0)         (0.345434,0)        (-0.878089,0)       (0.203692,0)        (0.31,0)            
(1.03462,0)         (0.724716,0)        (-1.30388,0)        (0.0809846,0)       (0.57,0)            
(1.0427,0)          (0.579634,0)        (-1.14525,0)        (0.130653,0)        (0.47,0)            
(1.04914,0)         (0.434341,0)        (-0.976274,0)       (0.173882,0)        (0.39,0)            
(1.04834,0)         (0.438065,0)        (-0.999349,0)       (0.184834,0)        (0.4,0)             
(1.04436,0)         (0.57754,0)         (-1.14083,0)        (0.129999,0)        (0.45,0)            
(1.05483,0)         (0.348086,0)        (-0.892819,0)       (0.210394,0)        (0.32,0)            
(1.05395,0)         (0.203431,0)        (-0.856964,0)       (0.338607,0)        (0.33,0)            
(1.04511,0)         (0.532934,0)        (-1.07429,0)        (0.133837,0)        (0.44,0)            
(1.03704,0)         (0.642486,0)        (-1.23119,0)        (0.120212,0)        (0.54,0)            
(1.05321,0)         (0.279011,0)        (-0.895054,0)       (0.284071,0)        (0.34,0)            
(1.03541,0)         (0.696629,0)        (-1.27366,0)        (0.0909138,0)       (0.56,0)            
(1.05396,0)         (0.2988,0)          (-0.868217,0)       (0.246109,0)        (0.33,0)            
(1.05323,0)         (0.391009,0)        (-0.941344,0)       (0.196726,0)        (0.34,0)            
(1.05081,0)         (0.422206,0)        (-0.984973,0)       (0.19217,0)         (0.37,0)            
(1.05162,0)         (0.397385,0)        (-0.979149,0)       (0.214381,0)        (0.36,0)            
(1.04836,0)         (0.441331,0)        (-1.02375,0)        (0.197116,0)        (0.4,0)             
(1.03784,0)         (0.61772,0)         (-1.22473,0)        (0.141953,0)        (0.53,0)            
(1.05238,0)         (0.317249,0)        (-0.910876,0)       (0.254262,0)        (0.35,0)            
(1.04349,0)         (0.477468,0)        (-1.08763,0)        (0.200426,0)        (0.46,0)            
(1.03949,0)         (0.686631,0)        (-1.22441,0)        (0.069684,0)        (0.51,0)            
(1.04915,0)         (0.363583,0)        (-0.972633,0)       (0.245538,0)        (0.39,0)            
(1.0443,0)          (0.474513,0)        (-1.07308,0)        (0.194152,0)        (0.45,0)            
(1.05159,0)         (0.346461,0)        (-0.948804,0)       (0.248113,0)        (0.36,0)            
(1.04593,0)         (0.506933,0)        (-1.0614,0)         (0.152737,0)        (0.43,0)            
(1.05397,0)         (0.275452,0)        (-0.870057,0)       (0.271711,0)        (0.33,0)            
(1.05238,0)         (0.340542,0)        (-0.909676,0)       (0.229129,0)        (0.35,0)            
(1.05641,0)         (0.230838,0)        (-0.81643,0)        (0.283865,0)        (0.3,0)             
(1.05478,0)         (0.237324,0)        (-0.852954,0)       (0.300582,0)        (0.32,0)            
(1.0524,0)          (0.342985,0)        (-0.926194,0)       (0.237202,0)        (0.35,0)            
(1.05076,0)         (0.394685,0)        (-0.952147,0)       (0.199831,0)        (0.37,0)            
(1.05478,0)         (0.210655,0)        (-0.831037,0)       (0.314371,0)        (0.32,0)            
(1.04353,0)         (0.590234,0)        (-1.14244,0)        (0.11776,0)         (0.46,0)            
(1.05001,0)         (0.473641,0)        (-1.01335,0)        (0.156639,0)        (0.38,0)            
(1.04751,0)         (0.331218,0)        (-0.983667,0)       (0.286485,0)        (0.41,0)            
(1.05566,0)         (0.237718,0)        (-0.865185,0)       (0.308038,0)        (0.31,0)            
(1.05072,0)         (0.294925,0)        (-0.90879,0)        (0.276266,0)        (0.37,0)            
(1.05561,0)         (0.366641,0)        (-0.859556,0)       (0.169589,0)        (0.31,0)            
(1.04834,0)         (0.428078,0)        (-1.01183,0)        (0.203307,0)        (0.4,0)             
(1.04352,0)         (0.541451,0)        (-1.12879,0)        (0.159993,0)        (0.46,0)            
(1.04509,0)         (0.448676,0)        (-1.05827,0)        (0.211644,0)        (0.44,0)            
(1.04682,0)         (0.571722,0)        (-1.11334,0)        (0.118393,0)        (0.42,0)            
(1.0564,0)          (0.255311,0)        (-0.822295,0)       (0.262045,0)        (0.3,0)             
(1.05163,0)         (0.398455,0)        (-0.987496,0)       (0.218631,0)        (0.36,0)            
(1.04675,0)         (0.506476,0)        (-1.06273,0)        (0.154066,0)        (0.42,0)            
(1.03948,0)         (0.650085,0)        (-1.21369,0)        (0.101007,0)        (0.51,0)            
(1.05238,0)         (0.413798,0)        (-0.929194,0)       (0.165076,0)        (0.35,0)            
(1.04833,0)         (0.329333,0)        (-0.977458,0)       (0.284461,0)        (0.4,0)             
(1.04835,0)         (0.392548,0)        (-1.0101,0)         (0.23935,0)         (0.4,0)             
(1.04996,0)         (0.372865,0)        (-0.961011,0)       (0.228354,0)        (0.38,0)            
(1.04833,0)         (0.498013,0)        (-1.00759,0)        (0.127441,0)        (0.4,0)             
