41
e_L                 onsite              nnhop               ospair              ophop               nnJastrow           nnnJastrow          
(0.977146,0)        (0.118784,0)        (-0.275244,0)       (0.676688,0)        (-0.448273,0)       (0.07,0)            (0.21,0)            
(0.995874,0)        (0.155295,0)        (-0.276189,0)       (0.596446,0)        (-0.406798,0)       (0.11,0)            (0.18,0)            
(0.982901,0)        (0.214723,0)        (-0.348958,0)       (0.581457,0)        (-0.366114,0)       (0.16,0)            (0.26,0)            
(0.938592,0)        (0.186953,0)        (-0.303898,0)       (0.576401,0)        (-0.386666,0)       (0.1,0)             (0.31,0)            
(1.02968,0)         (0.220424,0)        (-0.381524,0)       (0.634877,0)        (-0.384768,0)       (0.19,0)            (0.19,0)            
(0.974023,0)        (0.218751,0)        (-0.39118,0)        (0.616988,0)        (-0.35416,0)        (0.18,0)            (0.31,0)            
(0.995874,0)        (0.178899,0)        (-0.281115,0)       (0.581262,0)        (-0.410384,0)       (0.11,0)            (0.18,0)            
(0.993847,0)        (0.237312,0)        (-0.358892,0)       (0.587205,0)        (-0.382956,0)       (0.16,0)            (0.24,0)            
(1.01371,0)         (0.246489,0)        (-0.436831,0)       (0.665378,0)        (-0.374868,0)       (0.21,0)            (0.26,0)            
(0.971511,0)        (0.126964,0)        (-0.296138,0)       (0.67098,0)         (-0.426125,0)       (0.09,0)            (0.24,0)            
(1.00102,0)         (0.205539,0)        (-0.332875,0)       (0.593652,0)        (-0.387765,0)       (0.15,0)            (0.21,0)            
(0.991211,0)        (0.30246,0)         (-0.402173,0)       (0.520823,0)        (-0.33361,0)        (0.21,0)            (0.28,0)            
(0.972726,0)        (0.14232,0)         (-0.342734,0)       (0.666051,0)        (-0.381332,0)       (0.14,0)            (0.28,0)            
(0.983954,0)        (0.34397,0)         (-0.44112,0)        (0.512959,0)        (-0.321938,0)       (0.23,0)            (0.32,0)            
(1.00199,0)         (0.32092,0)         (-0.43304,0)        (0.538921,0)        (-0.333139,0)       (0.23,0)            (0.28,0)            
(0.983429,0)        (0.170518,0)        (-0.386532,0)       (0.682731,0)        (-0.373998,0)       (0.17,0)            (0.29,0)            
(1.00532,0)         (0.315334,0)        (-0.398782,0)       (0.499099,0)        (-0.329809,0)       (0.22,0)            (0.25,0)            
(0.963077,0)        (0.266974,0)        (-0.396024,0)       (0.565689,0)        (-0.348076,0)       (0.18,0)            (0.33,0)            
(0.987968,0)        (0.274704,0)        (-0.418575,0)       (0.577246,0)        (-0.340218,0)       (0.21,0)            (0.3,0)             
(0.997455,0)        (0.240338,0)        (-0.405923,0)       (0.629223,0)        (-0.370504,0)       (0.19,0)            (0.27,0)            
(0.993441,0)        (0.285999,0)        (-0.423542,0)       (0.58012,0)         (-0.348639,0)       (0.21,0)            (0.29,0)            
(0.968956,0)        (0.111561,0)        (-0.311711,0)       (0.651566,0)        (-0.372885,0)       (0.13,0)            (0.27,0)            
(0.975362,0)        (0.00636058,0)      (-0.284675,0)       (0.777983,0)        (-0.419921,0)       (0.09,0)            (0.24,0)            
(0.978524,0)        (0.185478,0)        (-0.310759,0)       (0.629042,0)        (-0.427965,0)       (0.1,0)             (0.23,0)            
(1.00045,0)         (0.273701,0)        (-0.423385,0)       (0.583733,0)        (-0.33972,0)        (0.22,0)            (0.28,0)            
(1.026,0)           (0.227136,0)        (-0.347422,0)       (0.591442,0)        (-0.390356,0)       (0.17,0)            (0.17,0)            
(0.979577,0)        (0.267517,0)        (-0.393069,0)       (0.590912,0)        (-0.376616,0)       (0.17,0)            (0.29,0)            
(1.00662,0)         (0.221316,0)        (-0.440065,0)       (0.690715,0)        (-0.369751,0)       (0.21,0)            (0.28,0)            
(0.988293,0)        (0.282963,0)        (-0.376707,0)       (0.552547,0)        (-0.374844,0)       (0.17,0)            (0.26,0)            
(0.991982,0)        (0.229043,0)        (-0.400957,0)       (0.626349,0)        (-0.362084,0)       (0.19,0)            (0.28,0)            
(1.02928,0)         (0.245507,0)        (-0.441247,0)       (0.642975,0)        (-0.346864,0)       (0.24,0)            (0.24,0)            
(0.999401,0)        (0.168058,0)        (-0.33615,0)        (0.637047,0)        (-0.387483,0)       (0.15,0)            (0.22,0)            
(0.947429,0)        (0.183277,0)        (-0.384834,0)       (0.647409,0)        (-0.354873,0)       (0.16,0)            (0.36,0)            
(0.952983,0)        (0.255647,0)        (-0.391649,0)       (0.606149,0)        (-0.380915,0)       (0.15,0)            (0.34,0)            
(0.938429,0)        (0.206428,0)        (-0.329758,0)       (0.573567,0)        (-0.372939,0)       (0.12,0)            (0.33,0)            
(0.974672,0)        (0.211665,0)        (-0.302518,0)       (0.582773,0)        (-0.419826,0)       (0.1,0)             (0.23,0)            
(0.963402,0)        (0.228025,0)        (-0.344304,0)       (0.571357,0)        (-0.37553,0)        (0.14,0)            (0.29,0)            
(0.963483,0)        (0.241892,0)        (-0.336301,0)       (0.557591,0)        (-0.38598,0)        (0.13,0)            (0.28,0)            
(0.957604,0)        (0.326492,0)        (-0.405836,0)       (0.517264,0)        (-0.350413,0)       (0.18,0)            (0.34,0)            
(0.993928,0)        (0.203971,0)        (-0.341036,0)       (0.603806,0)        (-0.386234,0)       (0.15,0)            (0.23,0)            
(1.00686,0)         (0.215708,0)        (-0.406202,0)       (0.679783,0)        (-0.393928,0)       (0.18,0)            (0.25,0)            
(0.981199,0)        (0.234187,0)        (-0.375015,0)       (0.593068,0)        (-0.366141,0)       (0.17,0)            (0.28,0)            
(0.995144,0)        (0.29014,0)         (-0.402411,0)       (0.553326,0)        (-0.352198,0)       (0.2,0)             (0.27,0)            
(0.949213,0)        (0.272096,0)        (-0.370477,0)       (0.561297,0)        (-0.37964,0)        (0.14,0)            (0.33,0)            
(0.966847,0)        (0.203316,0)        (-0.407344,0)       (0.640908,0)        (-0.34218,0)        (0.19,0)            (0.34,0)            
(1.00633,0)         (0.236309,0)        (-0.363702,0)       (0.593692,0)        (-0.382459,0)       (0.17,0)            (0.22,0)            
(0.957766,0)        (0.236205,0)        (-0.365198,0)       (0.565649,0)        (-0.353382,0)       (0.16,0)            (0.32,0)            
(0.993847,0)        (0.237312,0)        (-0.358892,0)       (0.587205,0)        (-0.382956,0)       (0.16,0)            (0.24,0)            
(0.936645,0)        (0.235629,0)        (-0.368745,0)       (0.583761,0)        (-0.366102,0)       (0.14,0)            (0.36,0)            
(1.00966,0)         (0.230723,0)        (-0.329444,0)       (0.55387,0)         (-0.379128,0)       (0.16,0)            (0.19,0)            
(1.02377,0)         (0.290805,0)        (-0.335906,0)       (0.501778,0)        (-0.382499,0)       (0.17,0)            (0.16,0)            
(0.934133,0)        (0.120238,0)        (-0.268777,0)       (0.652936,0)        (-0.434481,0)       (0.05,0)            (0.29,0)            
(0.984078,0)        (0.139827,0)        (-0.292944,0)       (0.6637,0)          (-0.436077,0)       (0.09,0)            (0.21,0)            
(0.97451,0)         (0.160327,0)        (-0.3136,0)         (0.62549,0)         (-0.395341,0)       (0.12,0)            (0.25,0)            
(1.02526,0)         (0.338377,0)        (-0.468718,0)       (0.563505,0)        (-0.33217,0)        (0.26,0)            (0.26,0)            
(1.00386,0)         (0.281981,0)        (-0.381123,0)       (0.530144,0)        (-0.34684,0)        (0.2,0)             (0.24,0)            
(0.96259,0)         (0.349002,0)        (-0.478531,0)       (0.542004,0)        (-0.310481,0)       (0.24,0)            (0.39,0)            
(0.981442,0)        (0.157766,0)        (-0.326373,0)       (0.627686,0)        (-0.379559,0)       (0.14,0)            (0.25,0)            
(0.984441,0)        (0.285546,0)        (-0.36354,0)        (0.521461,0)        (-0.363119,0)       (0.17,0)            (0.26,0)            
(1.00735,0)         (0.110076,0)        (-0.318769,0)       (0.718652,0)        (-0.427937,0)       (0.12,0)            (0.19,0)            
(1.00795,0)         (0.226582,0)        (-0.350575,0)       (0.580664,0)        (-0.375569,0)       (0.17,0)            (0.21,0)            
(1.01586,0)         (0.339402,0)        (-0.463514,0)       (0.528129,0)        (-0.305161,0)       (0.27,0)            (0.28,0)            
(0.94374,0)         (0.237197,0)        (-0.360585,0)       (0.573607,0)        (-0.367633,0)       (0.14,0)            (0.34,0)            
(0.992956,0)        (0.159403,0)        (-0.255649,0)       (0.612986,0)        (-0.451617,0)       (0.07,0)            (0.16,0)            
(1.02985,0)         (0.130137,0)        (-0.340885,0)       (0.683262,0)        (-0.387737,0)       (0.17,0)            (0.17,0)            
(0.95428,0)         (0.237661,0)        (-0.42039,0)        (0.617821,0)        (-0.3394,0)         (0.19,0)            (0.37,0)            
(0.974835,0)        (0.19219,0)         (-0.276658,0)       (0.585607,0)        (-0.433553,0)       (0.08,0)            (0.21,0)            
(0.974348,0)        (0.179802,0)        (-0.33946,0)        (0.622656,0)        (-0.381614,0)       (0.14,0)            (0.27,0)            
(0.985618,0)        (0.0926299,0)       (-0.282895,0)       (0.679623,0)        (-0.415152,0)       (0.1,0)             (0.21,0)            
(0.97674,0)         (0.143867,0)        (-0.334968,0)       (0.684787,0)        (-0.41037,0)        (0.12,0)            (0.26,0)            
(1.00568,0)         (0.290604,0)        (-0.462216,0)       (0.597539,0)        (-0.323965,0)       (0.25,0)            (0.3,0)             
(0.970577,0)        (0.267064,0)        (-0.333066,0)       (0.532253,0)        (-0.391097,0)       (0.13,0)            (0.26,0)            
(0.946457,0)        (0.138709,0)        (-0.299447,0)       (0.656589,0)        (-0.420257,0)       (0.08,0)            (0.29,0)            
(1.00078,0)         (0.234751,0)        (-0.371665,0)       (0.589401,0)        (-0.367174,0)       (0.18,0)            (0.24,0)            
(1.03678,0)         (0.198388,0)        (-0.368437,0)       (0.639907,0)        (-0.382713,0)       (0.19,0)            (0.17,0)            
(0.943133,0)        (0.0970866,0)       (-0.323853,0)       (0.726778,0)        (-0.416415,0)       (0.09,0)            (0.32,0)            
(1.01626,0)         (0.314319,0)        (-0.40379,0)        (0.520031,0)        (-0.343064,0)       (0.22,0)            (0.23,0)            
(0.954848,0)        (0.216708,0)        (-0.339732,0)       (0.597373,0)        (-0.394616,0)       (0.12,0)            (0.3,0)             
(0.978199,0)        (0.177219,0)        (-0.352627,0)       (0.653741,0)        (-0.393339,0)       (0.14,0)            (0.27,0)            
(0.988293,0)        (0.188547,0)        (-0.357003,0)       (0.613281,0)        (-0.3605,0)         (0.17,0)            (0.26,0)            
(0.989267,0)        (0.0953026,0)       (-0.206769,0)       (0.615102,0)        (-0.446448,0)       (0.05,0)            (0.14,0)            
(1.07562,0)         (0.285676,0)        (-0.423309,0)       (0.596538,0)        (-0.364498,0)       (0.25,0)            (0.13,0)            
(1.00285,0)         (0.237766,0)        (-0.418894,0)       (0.645863,0)        (-0.368476,0)       (0.2,0)             (0.27,0)            
(0.996603,0)        (0.299888,0)        (-0.415144,0)       (0.537464,0)        (-0.331581,0)       (0.22,0)            (0.28,0)            
(0.988293,0)        (0.259359,0)        (-0.371781,0)       (0.56773,0)         (-0.371258,0)       (0.17,0)            (0.26,0)            
(0.953551,0)        (0.163881,0)        (-0.296213,0)       (0.631252,0)        (-0.425374,0)       (0.08,0)            (0.27,0)            
(1.02413,0)         (0.171658,0)        (-0.379635,0)       (0.660953,0)        (-0.362311,0)       (0.2,0)             (0.21,0)            
(1.00909,0)         (0.322488,0)        (-0.42488,0)        (0.528767,0)        (-0.33467,0)        (0.23,0)            (0.26,0)            
(0.989021,0)        (0.380348,0)        (-0.50581,0)        (0.523932,0)        (-0.292455,0)       (0.28,0)            (0.36,0)            
(0.982495,0)        (0.310618,0)        (-0.42346,0)        (0.544005,0)        (-0.338969,0)       (0.21,0)            (0.31,0)            
(0.971592,0)        (0.140831,0)        (-0.288134,0)       (0.657213,0)        (-0.436575,0)       (0.08,0)            (0.23,0)            
(1.00844,0)         (0.0973458,0)       (-0.258217,0)       (0.634717,0)        (-0.405992,0)       (0.11,0)            (0.15,0)            
(0.941998,0)        (-0.0224235,0)      (-0.244622,0)       (0.793859,0)        (-0.453728,0)       (0.03,0)            (0.27,0)            
(0.963402,0)        (0.228025,0)        (-0.344304,0)       (0.571357,0)        (-0.37553,0)        (0.14,0)            (0.29,0)            
(0.950672,0)        (0.211032,0)        (-0.368432,0)       (0.590986,0)        (-0.348265,0)       (0.16,0)            (0.34,0)            
(0.971793,0)        (0.28242,0)         (-0.379663,0)       (0.527324,0)        (-0.346303,0)       (0.18,0)            (0.3,0)             
(1.03053,0)         (0.236906,0)        (-0.359761,0)       (0.546691,0)        (-0.342232,0)       (0.21,0)            (0.18,0)            
(0.98505,0)         (0.184396,0)        (-0.378331,0)       (0.65452,0)         (-0.370694,0)       (0.17,0)            (0.28,0)            
(1.00601,0)         (0.204446,0)        (-0.400644,0)       (0.633574,0)        (-0.344247,0)       (0.21,0)            (0.26,0)            
(0.985699,0)        (0.106497,0)        (-0.274891,0)       (0.665856,0)        (-0.425602,0)       (0.09,0)            (0.2,0)             
(0.967659,0)        (0.176755,0)        (-0.292822,0)       (0.609528,0)        (-0.421572,0)       (0.09,0)            (0.24,0)            
(0.963321,0)        (0.0961372,0)       (-0.327678,0)       (0.661042,0)        (-0.347151,0)       (0.15,0)            (0.3,0)             
(1.01351,0)         (0.22814,0)         (-0.342612,0)       (0.584955,0)        (-0.390853,0)       (0.16,0)            (0.19,0)            
(0.955011,0)        (0.220838,0)        (-0.318798,0)       (0.585023,0)        (-0.411929,0)       (0.1,0)             (0.28,0)            
(0.958253,0)        (0.154176,0)        (-0.282692,0)       (0.589335,0)        (-0.390977,0)       (0.1,0)             (0.26,0)            
(1.02308,0)         (0.136827,0)        (-0.307178,0)       (0.668716,0)        (-0.420832,0)       (0.13,0)            (0.15,0)            
(0.934984,0)        (0.231136,0)        (-0.266719,0)       (0.504016,0)        (-0.40629,0)        (0.07,0)            (0.28,0)            
(1.00151,0)         (0.0763027,0)       (-0.240517,0)       (0.647705,0)        (-0.418188,0)       (0.09,0)            (0.15,0)            
(0.942037,0)        (0.280265,0)        (-0.391568,0)       (0.570034,0)        (-0.371245,0)       (0.15,0)            (0.36,0)            
(0.974754,0)        (0.154719,0)        (-0.279736,0)       (0.614557,0)        (-0.419518,0)       (0.09,0)            (0.22,0)            
(0.986834,0)        (0.178798,0)        (-0.34427,0)        (0.629143,0)        (-0.381117,0)       (0.15,0)            (0.25,0)            
(1.00795,0)         (0.202978,0)        (-0.345649,0)       (0.595848,0)        (-0.371983,0)       (0.17,0)            (0.21,0)            
(0.961618,0)        (0.257226,0)        (-0.383292,0)       (0.581551,0)        (-0.368693,0)       (0.16,0)            (0.32,0)            
(0.945118,0)        (0.327495,0)        (-0.401026,0)       (0.510778,0)        (-0.350911,0)       (0.17,0)            (0.36,0)            
(0.957279,0)        (0.341837,0)        (-0.45263,0)        (0.52678,0)         (-0.319373,0)       (0.22,0)            (0.38,0)            
(0.983916,0)        (0.135698,0)        (-0.313878,0)       (0.67605,0)         (-0.418764,0)       (0.11,0)            (0.23,0)            
(1.00804,0)         (0.216845,0)        (-0.337645,0)       (0.582081,0)        (-0.382432,0)       (0.16,0)            (0.2,0)             
(0.968469,0)        (0.288006,0)        (-0.413921,0)       (0.567146,0)        (-0.349634,0)       (0.19,0)            (0.33,0)            
(1.02166,0)         (0.335352,0)        (-0.421687,0)       (0.521488,0)        (-0.344622,0)       (0.23,0)            (0.23,0)            
(1.02397,0)         (0.143925,0)        (-0.395642,0)       (0.688486,0)        (-0.341413,0)       (0.22,0)            (0.23,0)            
(0.983388,0)        (0.203507,0)        (-0.281231,0)       (0.559592,0)        (-0.414467,0)       (0.1,0)             (0.2,0)             
(0.982739,0)        (0.281406,0)        (-0.384671,0)       (0.548256,0)        (-0.359559,0)       (0.18,0)            (0.28,0)            
(0.974305,0)        (0.421416,0)        (-0.484557,0)       (0.442965,0)        (-0.28151,0)        (0.27,0)            (0.37,0)            
(0.976454,0)        (0.414693,0)        (-0.518856,0)       (0.500845,0)        (-0.289675,0)       (0.28,0)            (0.39,0)            
(0.961293,0)        (0.272571,0)        (-0.430085,0)       (0.591066,0)        (-0.337653,0)       (0.2,0)             (0.36,0)            
(0.961618,0)        (0.233622,0)        (-0.378365,0)       (0.596734,0)        (-0.365107,0)       (0.16,0)            (0.32,0)            
(0.974185,0)        (0.270089,0)        (-0.380098,0)       (0.574271,0)        (-0.378645,0)       (0.16,0)            (0.29,0)            
(0.966482,0)        (0.275255,0)        (-0.353763,0)       (0.512101,0)        (-0.355195,0)       (0.16,0)            (0.29,0)            
(1.02826,0)         (0.37174,0)         (-0.48618,0)        (0.518015,0)        (-0.301386,0)       (0.29,0)            (0.27,0)            
(0.96632,0)         (0.341938,0)        (-0.389475,0)       (0.478899,0)        (-0.34864,0)        (0.18,0)            (0.31,0)            
(1.00601,0)         (0.275258,0)        (-0.415422,0)       (0.588024,0)        (-0.355005,0)       (0.21,0)            (0.26,0)            
(0.954523,0)        (0.255658,0)        (-0.391452,0)       (0.591705,0)        (-0.367162,0)       (0.16,0)            (0.34,0)            
(1.0082,0)          (0.173766,0)        (-0.306859,0)       (0.600099,0)        (-0.392573,0)       (0.14,0)            (0.18,0)            
(1.0159,0)          (0.168601,0)        (-0.333194,0)       (0.662269,0)        (-0.416023,0)       (0.14,0)            (0.18,0)            
(0.970577,0)        (0.219856,0)        (-0.323214,0)       (0.562621,0)        (-0.383925,0)       (0.13,0)            (0.26,0)            
(0.960727,0)        (0.132108,0)        (-0.270196,0)       (0.637699,0)        (-0.430182,0)       (0.07,0)            (0.24,0)            
(1.05786,0)         (0.0615041,0)       (-0.252427,0)       (0.739335,0)        (-0.477577,0)       (0.09,0)            (0.04,0)            
(0.969199,0)        (0.20037,0)         (-0.297551,0)       (0.579899,0)        (-0.411405,0)       (0.1,0)             (0.24,0)            
(0.986954,0)        (0.400937,0)        (-0.463508,0)       (0.452286,0)        (-0.29474,0)        (0.26,0)            (0.33,0)            
(0.970942,0)        (0.21873,0)         (-0.391574,0)       (0.645877,0)        (-0.381667,0)       (0.16,0)            (0.31,0)            
(0.96786,0)         (0.341949,0)        (-0.389278,0)       (0.464455,0)        (-0.334887,0)       (0.19,0)            (0.31,0)            
(0.956145,0)        (0.293139,0)        (-0.388177,0)       (0.54831,0)         (-0.367444,0)       (0.16,0)            (0.33,0)            
(1.00787,0)         (0.165507,0)        (-0.348727,0)       (0.624798,0)        (-0.357948,0)       (0.18,0)            (0.22,0)            
(0.99778,0)         (0.201388,0)        (-0.354203,0)       (0.634891,0)        (-0.397958,0)       (0.15,0)            (0.23,0)            
(0.999197,0)        (0.405542,0)        (-0.502182,0)       (0.469705,0)        (-0.270066,0)       (0.3,0)             (0.34,0)            
(1.00901,0)         (0.332226,0)        (-0.43781,0)        (0.52735,0)         (-0.327806,0)       (0.24,0)            (0.27,0)            
(1.01983,0)         (0.156281,0)        (-0.333432,0)       (0.694772,0)        (-0.434611,0)       (0.13,0)            (0.17,0)            
(0.965023,0)        (0.289111,0)        (-0.345956,0)       (0.512779,0)        (-0.379398,0)       (0.14,0)            (0.28,0)            
(0.898661,0)        (0.136,0)           (-0.314504,0)       (0.688521,0)        (-0.430412,0)       (0.05,0)            (0.39,0)            
(0.990403,0)        (0.0207597,0)       (-0.273912,0)       (0.803884,0)        (-0.472663,0)       (0.06,0)            (0.19,0)            
(0.966888,0)        (0.226568,0)        (-0.289113,0)       (0.519186,0)        (-0.389513,0)       (0.11,0)            (0.24,0)            
(0.953753,0)        (0.329075,0)        (-0.392668,0)       (0.486179,0)        (-0.338688,0)       (0.18,0)            (0.34,0)            
(1.00763,0)         (0.31274,0)         (-0.412147,0)       (0.544629,0)        (-0.355287,0)       (0.21,0)            (0.25,0)            
(0.966766,0)        (0.260262,0)        (-0.430126,0)       (0.609124,0)        (-0.342488,0)       (0.2,0)             (0.35,0)            
(0.982658,0)        (0.314747,0)        (-0.402527,0)       (0.531655,0)        (-0.356282,0)       (0.19,0)            (0.29,0)            
(0.931215,0)        (0.077137,0)        (-0.238385,0)       (0.699843,0)        (-0.472129,0)       (0.01,0)            (0.27,0)            
(1.01144,0)         (0.0310726,0)       (-0.283295,0)       (0.784355,0)        (-0.45308,0)        (0.09,0)            (0.16,0)            
(0.986509,0)        (0.241352,0)        (-0.400916,0)       (0.608291,0)        (-0.357249,0)       (0.19,0)            (0.29,0)            
(0.93401,0)         (0.347984,0)        (-0.421878,0)       (0.487012,0)        (-0.323928,0)       (0.19,0)            (0.4,0)             
(1.02141,0)         (0.270147,0)        (-0.440772,0)       (0.577971,0)        (-0.309688,0)       (0.26,0)            (0.26,0)            
(1.02125,0)         (0.33683,0)         (-0.476484,0)       (0.54477,0)         (-0.303133,0)       (0.28,0)            (0.28,0)            
(1.01618,0)         (0.324057,0)        (-0.41672,0)        (0.518613,0)        (-0.336201,0)       (0.23,0)            (0.24,0)            
(0.981361,0)        (0.214712,0)        (-0.349155,0)       (0.595902,0)        (-0.379868,0)       (0.15,0)            (0.26,0)            
(1.01067,0)         (0.151698,0)        (-0.294364,0)       (0.648463,0)        (-0.431778,0)       (0.11,0)            (0.16,0)            
(0.92424,0)         (0.203291,0)        (-0.346078,0)       (0.593874,0)        (-0.369877,0)       (0.12,0)            (0.37,0)            
(0.98128,0)         (0.248053,0)        (-0.367011,0)       (0.579301,0)        (-0.37659,0)        (0.16,0)            (0.27,0)            
(0.927767,0)        (0.145241,0)        (-0.391262,0)       (0.680026,0)        (-0.339804,0)       (0.16,0)            (0.41,0)            
(0.967982,0)        (0.322826,0)        (-0.486575,0)       (0.573828,0)        (-0.304867,0)       (0.25,0)            (0.39,0)            
(0.947916,0)        (0.148457,0)        (-0.31218,0)        (0.640728,0)        (-0.39964,0)        (0.1,0)             (0.3,0)             
(1.04967,0)         (0.125094,0)        (-0.303671,0)       (0.668662,0)        (-0.412947,0)       (0.15,0)            (0.1,0)             
(0.979658,0)        (0.25778,0)         (-0.380139,0)       (0.592329,0)        (-0.38348,0)        (0.16,0)            (0.28,0)            
(0.975969,0)        (0.240888,0)        (-0.341111,0)       (0.564078,0)        (-0.385482,0)       (0.14,0)            (0.26,0)            
(0.986915,0)        (0.216269,0)        (-0.341192,0)       (0.600193,0)        (-0.395152,0)       (0.14,0)            (0.24,0)            
(1.01635,0)         (0.304582,0)        (-0.39086,0)        (0.521448,0)        (-0.349928,0)       (0.21,0)            (0.22,0)            
(1.03897,0)         (0.329125,0)        (-0.515199,0)       (0.580247,0)        (-0.283294,0)       (0.32,0)            (0.28,0)            
(0.996158,0)        (0.211115,0)        (-0.36733,0)        (0.647919,0)        (-0.404848,0)       (0.15,0)            (0.24,0)            
(0.994699,0)        (0.177762,0)        (-0.349671,0)       (0.678964,0)        (-0.421879,0)       (0.13,0)            (0.23,0)            
(0.965875,0)        (0.205956,0)        (-0.331809,0)       (0.619721,0)        (-0.414735,0)       (0.11,0)            (0.27,0)            
(1.0127,0)          (0.349118,0)        (-0.476838,0)       (0.555601,0)        (-0.325804,0)       (0.26,0)            (0.29,0)            
(1.01626,0)         (0.314319,0)        (-0.40379,0)        (0.520031,0)        (-0.343064,0)       (0.22,0)            (0.23,0)            
(0.999036,0)        (0.239996,0)        (-0.282569,0)       (0.508239,0)        (-0.400498,0)       (0.12,0)            (0.17,0)            
(0.959144,0)        (0.326503,0)        (-0.405639,0)       (0.50282,0)         (-0.33666,0)        (0.19,0)            (0.34,0)            
(1.03106,0)         (0.216305,0)        (-0.40226,0)        (0.632782,0)        (-0.353701,0)       (0.22,0)            (0.21,0)            
(0.977146,0)        (0.0951802,0)       (-0.270318,0)       (0.691872,0)        (-0.444687,0)       (0.07,0)            (0.21,0)            
(1.0082,0)          (0.19737,0)         (-0.311785,0)       (0.584915,0)        (-0.396159,0)       (0.14,0)            (0.18,0)            
(1.00617,0)         (0.208575,0)        (-0.37971,0)        (0.621225,0)        (-0.36156,0)        (0.19,0)            (0.24,0)            
(0.982333,0)        (0.330093,0)        (-0.44932,0)        (0.541171,0)        (-0.325242,0)       (0.23,0)            (0.33,0)            
(0.959469,0)        (0.311157,0)        (-0.358845,0)       (0.493304,0)        (-0.3677,0)         (0.15,0)            (0.3,0)             
(1.05295,0)         (0.190672,0)        (-0.407349,0)       (0.689828,0)        (-0.376627,0)       (0.22,0)            (0.17,0)            
(0.942281,0)        (0.227449,0)        (-0.347852,0)       (0.589469,0)        (-0.38825,0)        (0.12,0)            (0.33,0)            
(0.976334,0)        (0.216158,0)        (-0.404544,0)       (0.662518,0)        (-0.379638,0)       (0.17,0)            (0.31,0)            
(0.986347,0)        (0.284431,0)        (-0.431702,0)       (0.590274,0)        (-0.347108,0)       (0.21,0)            (0.31,0)            
(0.960402,0)        (0.194662,0)        (-0.326842,0)       (0.616847,0)        (-0.406314,0)       (0.11,0)            (0.28,0)            
(0.963077,0)        (0.24337,0)         (-0.391098,0)       (0.580873,0)        (-0.34449,0)        (0.18,0)            (0.33,0)            
(0.970009,0)        (0.311621,0)        (-0.41865,0)        (0.537518,0)        (-0.339466,0)       (0.2,0)             (0.33,0)            
(0.990158,0)        (0.196816,0)        (-0.314938,0)       (0.574137,0)        (-0.381372,0)       (0.14,0)            (0.22,0)            
(0.970861,0)        (0.228467,0)        (-0.404504,0)       (0.64446,0)         (-0.374803,0)       (0.17,0)            (0.32,0)            
(0.953389,0)        (0.183356,0)        (-0.322073,0)       (0.628418,0)        (-0.411647,0)       (0.1,0)             (0.29,0)            
(0.971146,0)        (0.198903,0)        (-0.242556,0)       (0.542172,0)        (-0.439141,0)       (0.06,0)            (0.19,0)            
(1.01071,0)         (0.312762,0)        (-0.411753,0)       (0.515739,0)        (-0.32778,0)        (0.23,0)            (0.25,0)            
(0.975969,0)        (0.264492,0)        (-0.346037,0)       (0.548894,0)        (-0.389068,0)       (0.14,0)            (0.26,0)            
(0.975239,0)        (0.328524,0)        (-0.457481,0)       (0.551324,0)        (-0.323711,0)       (0.23,0)            (0.35,0)            
(0.922944,0)        (0.221277,0)        (-0.317338,0)       (0.582203,0)        (-0.411393,0)       (0.08,0)            (0.34,0)            
(0.989389,0)        (0.0997845,0)       (-0.308992,0)       (0.709291,0)        (-0.420013,0)       (0.11,0)            (0.22,0)            
(1.00216,0)         (0.277841,0)        (-0.402254,0)       (0.556938,0)        (-0.34328,0)        (0.21,0)            (0.26,0)            
(1.01769,0)         (0.139399,0)        (-0.294207,0)       (0.652076,0)        (-0.42286,0)        (0.12,0)            (0.15,0)            
(1.01399,0)         (0.307528,0)        (-0.500652,0)       (0.582456,0)        (-0.280703,0)       (0.3,0)             (0.32,0)            
(0.946376,0)        (0.17205,0)         (-0.317303,0)       (0.639989,0)        (-0.416979,0)       (0.09,0)            (0.3,0)             
(0.992307,0)        (0.190093,0)        (-0.349237,0)       (0.632017,0)        (-0.389538,0)       (0.15,0)            (0.24,0)            
(0.989105,0)        (0.138381,0)        (-0.237555,0)       (0.597084,0)        (-0.436307,0)       (0.07,0)            (0.16,0)            
(0.96397,0)         (0.159863,0)        (-0.253795,0)       (0.581276,0)        (-0.423575,0)       (0.07,0)            (0.22,0)            
(1.00362,0)         (0.334798,0)        (-0.42484,0)        (0.51071,0)         (-0.329835,0)       (0.23,0)            (0.27,0)            
(0.997861,0)        (0.168047,0)        (-0.336347,0)       (0.651491,0)        (-0.401236,0)       (0.14,0)            (0.22,0)            
(0.933037,0)        (0.232604,0)        (-0.321713,0)       (0.541743,0)        (-0.378554,0)       (0.11,0)            (0.33,0)            
(0.997699,0)        (0.211126,0)        (-0.367133,0)       (0.633474,0)        (-0.391095,0)       (0.16,0)            (0.24,0)            
(0.961456,0)        (0.300305,0)        (-0.414078,0)       (0.563533,0)        (-0.358552,0)       (0.18,0)            (0.34,0)            
(0.950714,0)        (0.0166267,0)       (-0.233186,0)       (0.74031,0)         (-0.455541,0)       (0.03,0)            (0.24,0)            
(0.966685,0)        (0.293603,0)        (-0.447982,0)       (0.592523,0)        (-0.33921,0)        (0.21,0)            (0.36,0)            
(1.00787,0)         (0.283528,0)        (-0.373357,0)       (0.54888,0)         (-0.375877,0)       (0.18,0)            (0.22,0)            
(0.960889,0)        (0.136237,0)        (-0.249263,0)       (0.625349,0)        (-0.447495,0)       (0.05,0)            (0.22,0)            
(0.979293,0)        (0.28251,0)         (-0.316705,0)       (0.493888,0)        (-0.389324,0)       (0.13,0)            (0.23,0)            
(0.972807,0)        (0.203395,0)        (-0.344583,0)       (0.621917,0)        (-0.398953,0)       (0.13,0)            (0.27,0)            
(0.989103,0)        (0.323402,0)        (-0.483028,0)       (0.555716,0)        (-0.292147,0)       (0.27,0)            (0.35,0)            
(0.929106,0)        (0.0744752,0)       (-0.314313,0)       (0.74992,0)         (-0.42708,0)        (0.07,0)            (0.34,0)            
(0.943902,0)        (0.241327,0)        (-0.339651,0)       (0.561257,0)        (-0.384946,0)       (0.12,0)            (0.32,0)            
(1.01914,0)         (0.172752,0)        (-0.311866,0)       (0.62103,0)         (-0.405829,0)       (0.14,0)            (0.16,0)            
(0.974429,0)        (0.217273,0)        (-0.336382,0)       (0.593706,0)        (-0.395649,0)       (0.13,0)            (0.26,0)            
(1.01189,0)         (0.214262,0)        (-0.350813,0)       (0.613166,0)        (-0.394157,0)       (0.16,0)            (0.2,0)             
(1.00305,0)         (0.426563,0)        (-0.520276,0)       (0.485607,0)        (-0.285376,0)       (0.3,0)             (0.34,0)            
(0.98059,0)         (0.288129,0)        (-0.350372,0)       (0.490376,0)        (-0.351394,0)       (0.17,0)            (0.26,0)            
(0.967416,0)        (0.182363,0)        (-0.326686,0)       (0.62046,0)         (-0.397396,0)       (0.12,0)            (0.27,0)            
(0.994738,0)        (0.268014,0)        (-0.452282,0)       (0.591791,0)        (-0.307123,0)       (0.25,0)            (0.32,0)            
(0.989833,0)        (0.235766,0)        (-0.366658,0)       (0.568469,0)        (-0.353919,0)       (0.18,0)            (0.26,0)            
(1.0095,0)          (0.226593,0)        (-0.350378,0)       (0.566219,0)        (-0.361816,0)       (0.18,0)            (0.21,0)            
(0.960159,0)        (0.223874,0)        (-0.365632,0)       (0.612596,0)        (-0.385724,0)       (0.14,0)            (0.31,0)            
(0.975807,0)        (0.236759,0)        (-0.362045,0)       (0.576427,0)        (-0.368169,0)       (0.16,0)            (0.28,0)            
(0.988498,0)        (-0.0253335,0)      (-0.195897,0)       (0.765439,0)        (-0.481503,0)       (0.02,0)            (0.14,0)            
(0.997374,0)        (0.226471,0)        (-0.413927,0)       (0.642989,0)        (-0.360055,0)       (0.2,0)             (0.28,0)            
(0.991091,0)        (0.151133,0)        (-0.297714,0)       (0.65213,0)         (-0.430745,0)       (0.1,0)             (0.2,0)             
(0.949132,0)        (0.281834,0)        (-0.383407,0)       (0.55988,0)         (-0.372776,0)       (0.15,0)            (0.34,0)            
(0.961618,0)        (0.210018,0)        (-0.373439,0)       (0.611918,0)        (-0.361521,0)       (0.16,0)            (0.32,0)            
(1.02543,0)         (0.318902,0)        (-0.442858,0)       (0.566339,0)        (-0.345897,0)       (0.24,0)            (0.24,0)            
(0.995592,0)        (0.0706515,0)       (-0.207441,0)       (0.694551,0)        (-0.497378,0)       (0.02,0)            (0.12,0)            
(0.954605,0)        (0.269524,0)        (-0.383448,0)       (0.577938,0)        (-0.377611,0)       (0.15,0)            (0.33,0)            
(0.971186,0)        (0.118705,0)        (-0.338005,0)       (0.695679,0)        (-0.3915,0)         (0.13,0)            (0.28,0)            
(0.980874,0)        (0.29674,0)         (-0.431661,0)       (0.572216,0)        (-0.342273,0)       (0.21,0)            (0.32,0)            
(0.962996,0)        (0.32392,0)         (-0.418807,0)       (0.533905,0)        (-0.348384,0)       (0.19,0)            (0.34,0)            
(0.985537,0)        (0.17318,0)         (-0.310603,0)       (0.632655,0)        (-0.419046,0)       (0.11,0)            (0.22,0)            
(0.990279,0)        (0.248507,0)        (-0.427014,0)       (0.637959,0)        (-0.36211,0)        (0.2,0)             (0.3,0)             
(1.0172,0)          (0.150615,0)        (-0.361935,0)       (0.673941,0)        (-0.374507,0)       (0.18,0)            (0.21,0)            
(0.979456,0)        (0.239431,0)        (-0.285919,0)       (0.511906,0)        (-0.399465,0)       (0.11,0)            (0.21,0)            
(0.993928,0)        (0.227575,0)        (-0.345962,0)       (0.588622,0)        (-0.38982,0)        (0.15,0)            (0.23,0)            
(0.977389,0)        (0.0895723,0)       (-0.236454,0)       (0.680939,0)        (-0.468864,0)       (0.04,0)            (0.18,0)            
(0.978118,0)        (0.210561,0)        (-0.370483,0)       (0.637141,0)        (-0.390061,0)       (0.15,0)            (0.28,0)            
(1.00719,0)         (0.105946,0)        (-0.339703,0)       (0.731001,0)        (-0.410624,0)       (0.14,0)            (0.21,0)            
(0.988537,0)        (0.253751,0)        (-0.337917,0)       (0.556798,0)        (-0.395434,0)       (0.14,0)            (0.23,0)            
(0.982536,0)        (0.16864,0)         (-0.270747,0)       (0.528567,0)        (-0.361201,0)       (0.13,0)            (0.21,0)            
(0.972118,0)        (0.243471,0)        (-0.327943,0)       (0.532992,0)        (-0.373757,0)       (0.14,0)            (0.26,0)            
(1.02729,0)         (0.256359,0)        (-0.386015,0)       (0.572746,0)        (-0.356012,0)       (0.21,0)            (0.2,0)             
(0.965104,0)        (0.255769,0)        (-0.3281,0)         (0.529379,0)        (-0.382676,0)       (0.13,0)            (0.27,0)            
(0.967091,0)        (0.197708,0)        (-0.37348,0)        (0.629976,0)        (-0.366356,0)       (0.16,0)            (0.31,0)            
(1.02616,0)         (0.136849,0)        (-0.306784,0)       (0.639827,0)        (-0.393325,0)       (0.15,0)            (0.15,0)            
(0.991292,0)        (0.316326,0)        (-0.394169,0)       (0.507057,0)        (-0.344059,0)       (0.2,0)             (0.27,0)            
(0.96478,0)         (0.271114,0)        (-0.374894,0)       (0.538895,0)        (-0.351636,0)       (0.17,0)            (0.31,0)            
(0.934172,0)        (0.352114,0)        (-0.400945,0)       (0.474662,0)        (-0.341241,0)       (0.17,0)            (0.38,0)            
(1.00131,0)         (0.237755,0)        (-0.419091,0)       (0.660308,0)        (-0.382229,0)       (0.19,0)            (0.27,0)            
(0.938023,0)        (0.302323,0)        (-0.40426,0)        (0.536115,0)        (-0.345794,0)       (0.17,0)            (0.38,0)            
(0.999158,0)        (0.220874,0)        (-0.379866,0)       (0.617612,0)        (-0.370478,0)       (0.18,0)            (0.25,0)            
(1.00106,0)         (0.437416,0)        (-0.465043,0)       (0.415378,0)        (-0.294524,0)       (0.27,0)            (0.3,0)             
(0.993604,0)        (0.290129,0)        (-0.402608,0)       (0.56777,0)         (-0.365951,0)       (0.19,0)            (0.27,0)            
(0.995306,0)        (0.247061,0)        (-0.371625,0)       (0.571343,0)        (-0.362339,0)       (0.18,0)            (0.25,0)            
(0.982457,0)        (0.102346,0)        (-0.296219,0)       (0.707095,0)        (-0.435795,0)       (0.09,0)            (0.22,0)            
(0.998794,0)        (0.0279467,0)       (-0.299418,0)       (0.790218,0)        (-0.436265,0)       (0.1,0)             (0.2,0)             
(1.03536,0)         (0.373308,0)        (-0.47802,0)        (0.507862,0)        (-0.302917,0)       (0.29,0)            (0.25,0)            
(0.980874,0)        (0.273136,0)        (-0.426735,0)       (0.5874,0)          (-0.338687,0)       (0.21,0)            (0.32,0)            
(1.02052,0)         (0.168633,0)        (-0.332603,0)       (0.618935,0)        (-0.374763,0)       (0.17,0)            (0.18,0)            
(0.985781,0)        (0.167572,0)        (-0.276739,0)       (0.621722,0)        (-0.443223,0)       (0.08,0)            (0.19,0)            
(0.960483,0)        (0.114112,0)        (-0.299134,0)       (0.663815,0)        (-0.40242,0)        (0.1,0)             (0.27,0)            
(1.02567,0)         (0.266086,0)        (-0.399142,0)       (0.585774,0)        (-0.362902,0)       (0.21,0)            (0.21,0)            
(1.00078,0)         (0.258356,0)        (-0.376591,0)       (0.574217,0)        (-0.37076,0)        (0.18,0)            (0.24,0)            
(0.999645,0)        (0.115241,0)        (-0.292434,0)       (0.656481,0)        (-0.404487,0)       (0.12,0)            (0.19,0)            
(1.02705,0)         (0.309175,0)        (-0.429731,0)       (0.553312,0)        (-0.339007,0)       (0.24,0)            (0.23,0)            
(1.00123,0)         (0.223888,0)        (-0.427095,0)       (0.674075,0)        (-0.37178,0)        (0.2,0)             (0.28,0)            
(0.94751,0)         (0.267956,0)        (-0.391608,0)       (0.588092,0)        (-0.37608,0)        (0.15,0)            (0.35,0)            
(0.993279,0)        (0.329078,0)        (-0.454328,0)       (0.562102,0)        (-0.338498,0)       (0.23,0)            (0.31,0)            
(0.970942,0)        (0.242334,0)        (-0.3965,0)         (0.630694,0)        (-0.385253,0)       (0.16,0)            (0.31,0)            
(0.962876,0)        (0.101781,0)        (-0.299569,0)       (0.710762,0)        (-0.434762,0)       (0.08,0)            (0.26,0)            
(0.960159,0)        (0.176665,0)        (-0.35578,0)        (0.642963,0)        (-0.378552,0)       (0.14,0)            (0.31,0)            
(1.01043,0)         (0.157306,0)        (-0.328227,0)       (0.659395,0)        (-0.407602,0)       (0.14,0)            (0.19,0)            
(1.00487,0)         (0.155748,0)        (-0.336191,0)       (0.655104,0)        (-0.392318,0)       (0.15,0)            (0.21,0)            
(0.982252,0)        (0.33983,0)         (-0.46225,0)        (0.539754,0)        (-0.318378,0)       (0.24,0)            (0.34,0)            
(1.01043,0)         (0.204514,0)        (-0.33808,0)        (0.629028,0)        (-0.414774,0)       (0.14,0)            (0.19,0)            
(0.95347,0)         (0.102806,0)        (-0.294364,0)       (0.675386,0)        (-0.407753,0)       (0.09,0)            (0.28,0)            
(1.00828,0)         (0.211237,0)        (-0.303781,0)       (0.571149,0)        (-0.406609,0)       (0.13,0)            (0.17,0)            
(0.964617,0)        (0.243381,0)        (-0.390901,0)       (0.566428,0)        (-0.330737,0)       (0.19,0)            (0.33,0)            
(0.966403,0)        (0.161752,0)        (-0.369383,0)       (0.720996,0)        (-0.422618,0)       (0.12,0)            (0.3,0)             
(0.995063,0)        (0.252669,0)        (-0.405489,0)       (0.582276,0)        (-0.338163,0)       (0.21,0)            (0.28,0)            
(0.959106,0)        (0.11823,0)         (-0.278397,0)       (0.66591,0)         (-0.433486,0)       (0.07,0)            (0.25,0)            
(0.995387,0)        (0.237323,0)        (-0.358695,0)       (0.57276,0)         (-0.369203,0)       (0.17,0)            (0.24,0)            
(1.02251,0)         (0.204989,0)        (-0.397688,0)       (0.658797,0)        (-0.372787,0)       (0.2,0)             (0.22,0)            
