onsite              nnhop               ospair              nnpair              
0.2                 0.3                 0.4                 0.4                 
0.200001            0.300003            0.399996            0.399985            
0.200003            0.30001             0.399998            0.399976            
0.200005            0.300015            0.399997            0.399965            
0.200007            0.300019            0.399995            0.399952            
0.200002            0.300009            0.399971            0.399915            
0.200004            0.300015            0.399971            0.399904            
0.20001             0.30003             0.399984            0.399909            
0.200011            0.300034            0.399982            0.399896            
0.200009            0.300031            0.399969            0.399871            
0.200013            0.30004             0.399974            0.399866            
0.200015            0.300047            0.399976            0.399857            
0.200012            0.300042            0.399959            0.399828            
0.200015            0.300049            0.399962            0.39982             
0.200017            0.300054            0.399961            0.399809            
0.200018            0.300057            0.399956            0.399793            
0.200018            0.300059            0.399951            0.399777            
0.20002             0.300064            0.39995             0.399765            
0.200025            0.300078            0.399962            0.399768            
0.200027            0.300083            0.399962            0.399757            
0.200038            0.30011             0.399994            0.399783            
0.20004             0.300115            0.399992            0.39977             
0.200042            0.30012             0.399992            0.399759            
0.200045            0.300128            0.399995            0.399752            
0.200048            0.300137            0.4                 0.399747            
0.200045            0.300132            0.399983            0.399718            
0.200046            0.300135            0.399979            0.399702            
0.200046            0.300135            0.399971            0.399682            
0.200047            0.300139            0.399969            0.39967             
0.200049            0.300143            0.399966            0.399657            
0.200001            0.300036            0.399793            0.399454            
0.200004            0.300044            0.399797            0.399447            
0.200006            0.300049            0.399796            0.399436            
0.20001             0.30006             0.399804            0.399434            
0.200013            0.300069            0.399809            0.399429            
0.200016            0.300077            0.399812            0.399423            
0.200018            0.300082            0.399812            0.399412            
0.200027            0.300103            0.399835            0.399426            
0.200026            0.300102            0.399825            0.399404            
0.200031            0.300116            0.399837            0.399408            
0.200034            0.300123            0.399839            0.399399            
0.200036            0.300128            0.399838            0.399387            
0.200037            0.300131            0.399835            0.399374            
0.200038            0.300134            0.399831            0.399359            
0.200038            0.300136            0.399824            0.39934             
0.200042            0.300147            0.399832            0.399339            
0.200059            0.300186            0.399883            0.399385            
0.204278            0.309791            0.414524            0.415631            
0.204281            0.309797            0.414524            0.41562             
0.204283            0.309803            0.414524            0.415608            
0.204284            0.309808            0.414523            0.415595            
0.204289            0.309819            0.414529            0.415591            
0.204297            0.30984             0.414552            0.415605            
0.204295            0.309837            0.414538            0.415578            
0.204293            0.309832            0.414521            0.415548            
0.204285            0.309816            0.414487            0.415499            
0.204288            0.309823            0.414488            0.415489            
0.204292            0.309833            0.414495            0.415485            
0.204294            0.309839            0.414495            0.415474            
0.204279            0.309806            0.414435            0.415396            
0.204281            0.309811            0.414434            0.415383            
0.204282            0.309814            0.414429            0.415366            
0.204284            0.309821            0.414429            0.415355            
0.20429             0.309835            0.414442            0.415358            
0.20429             0.309837            0.414436            0.41534             
0.204292            0.309842            0.414434            0.415327            
0.204294            0.309847            0.414433            0.415314            
0.204296            0.309853            0.414432            0.415301            
0.204277            0.309811            0.414359            0.415209            
0.204281            0.30982             0.414363            0.415202            
0.204281            0.309821            0.414355            0.415182            
0.204283            0.309827            0.414355            0.415171            
0.204283            0.309828            0.414348            0.415151            
0.204288            0.309841            0.414358            0.415152            
0.20429             0.309848            0.414359            0.415141            
0.204294            0.309856            0.414362            0.415133            
0.204293            0.309855            0.414351            0.415109            
0.204295            0.309861            0.414351            0.415098            
0.204298            0.309869            0.414353            0.415089            
0.204302            0.309881            0.414362            0.415088            
0.204319            0.309921            0.414414            0.415134            
0.204317            0.309918            0.4144              0.415107            
0.204319            0.309923            0.414398            0.415094            
0.204324            0.309936            0.41441             0.415095            
0.20433             0.30995             0.414421            0.415097            
0.204331            0.309954            0.414418            0.415082            
0.204333            0.30996             0.414418            0.415071            
0.204345            0.309989            0.414452            0.415097            
0.204347            0.309994            0.414451            0.415085            
0.204348            0.309998            0.414448            0.415069            
0.204352            0.310008            0.414453            0.415064            
0.204355            0.310015            0.414455            0.415054            
0.204353            0.310011            0.41444             0.415026            
0.204353            0.310013            0.414434            0.415009            
0.204353            0.310015            0.414427            0.41499             
0.204355            0.31002             0.414425            0.414976            
0.204359            0.31003             0.41443             0.414971            
0.204365            0.310046            0.414446            0.414977            
0.204366            0.310049            0.414442            0.414961            
0.204368            0.310054            0.41444             0.414948            
0.204369            0.310059            0.414437            0.414933            
0.204372            0.310066            0.41444             0.414925            
0.20437             0.310063            0.414426            0.414898            
0.204375            0.310075            0.414435            0.414897            
0.204377            0.310081            0.414434            0.414884            
0.204378            0.310085            0.414431            0.414869            
0.204386            0.310104            0.414451            0.41488             
0.204383            0.310098            0.414432            0.414848            
0.20439             0.310115            0.414448            0.414854            
0.20439             0.310116            0.414441            0.414835            
0.20439             0.310116            0.414432            0.414814            
0.204392            0.310122            0.414432            0.414802            
0.204387            0.310114            0.414409            0.414766            
0.204391            0.310123            0.414414            0.414759            
0.204391            0.310125            0.414408            0.414741            
0.204396            0.310136            0.414416            0.414739            
0.2044              0.310147            0.414422            0.414735            
0.204406            0.310163            0.414438            0.414741            
0.204404            0.310158            0.414421            0.414711            
0.204407            0.310166            0.414423            0.414702            
0.204415            0.310187            0.414447            0.414717            
0.204418            0.310194            0.414448            0.414707            
0.204417            0.310194            0.414438            0.414685            
0.204413            0.310184            0.414414            0.414647            
0.204414            0.310188            0.414411            0.414632            
0.204415            0.310192            0.414407            0.414617            
0.204416            0.310196            0.414403            0.414601            
0.204382            0.310119            0.414276            0.414449            
0.204384            0.310124            0.414274            0.414436            
0.204386            0.310128            0.414272            0.414422            
0.204386            0.31013             0.414265            0.414403            
0.204394            0.31015             0.414286            0.414415            
0.204401            0.310168            0.414305            0.414424            
0.204405            0.310178            0.41431             0.414419            
0.204407            0.310182            0.414309            0.414405            
0.204408            0.310187            0.414306            0.414391            
0.204398            0.310165            0.414263            0.414332            
0.2044              0.310169            0.41426             0.414318            
0.204402            0.310176            0.414261            0.414308            
0.204407            0.310188            0.414271            0.414307            
0.204401            0.310177            0.414244            0.414266            
0.204398            0.310171            0.414225            0.414234            
0.204403            0.310183            0.414234            0.414232            
0.204405            0.310189            0.414234            0.414221            
0.204399            0.310176            0.414205            0.414178            
0.204406            0.310192            0.414221            0.414184            
0.204405            0.310193            0.414212            0.414163            
0.204414            0.310214            0.414236            0.414178            
0.204418            0.310224            0.41424             0.414172            
0.20442             0.310229            0.414239            0.414159            
0.204419            0.310229            0.41423             0.414137            
0.20442             0.310232            0.414225            0.414121            
0.204425            0.310245            0.414236            0.414122            
0.204432            0.310261            0.414251            0.414127            
0.204435            0.31027             0.414255            0.41412             
0.204436            0.310274            0.414252            0.414105            
0.20444             0.310283            0.414257            0.414099            
0.204444            0.310294            0.414263            0.414095            
0.204448            0.310304            0.41427             0.414092            
0.20445             0.31031             0.414269            0.414079            
0.204452            0.310316            0.414269            0.414068            
0.204455            0.310325            0.414274            0.414062            
0.20445             0.310314            0.414248            0.414022            
0.204452            0.31032             0.414247            0.41401             
0.204454            0.310325            0.414245            0.413996            
0.20445             0.310317            0.414224            0.413962            
0.20446             0.310341            0.414251            0.41398             
0.204457            0.310336            0.414234            0.41395             
0.20446             0.310345            0.414238            0.413943            
0.204454            0.31033             0.414207            0.413897            
0.204457            0.310338            0.414209            0.413889            
0.204462            0.310352            0.414222            0.413891            
0.204466            0.310363            0.414228            0.413887            
0.20447             0.310372            0.414233            0.413881            
0.204474            0.310382            0.414239            0.413876            
0.204476            0.310388            0.414238            0.413864            
0.204478            0.310395            0.41424             0.413855            
0.204482            0.310406            0.414247            0.413851            
0.204493            0.31043             0.414275            0.413871            
0.204494            0.310434            0.414271            0.413856            
0.20452             0.310496            0.414356            0.413938            
0.204519            0.310496            0.414347            0.413916            
0.204524            0.310509            0.414357            0.413917            
0.204522            0.310503            0.41434             0.413887            
0.204524            0.310509            0.414339            0.413874            
0.204528            0.31052             0.414347            0.413872            
0.204528            0.310521            0.414339            0.413852            
0.204538            0.310546            0.414368            0.413872            
0.204536            0.310541            0.414351            0.413842            
0.204541            0.310555            0.414363            0.413844            
0.204544            0.310562            0.414364            0.413834            
0.204545            0.310566            0.414361            0.41382             
0.204538            0.31055             0.414327            0.413771            
0.204537            0.31055             0.414318            0.413749            
0.20454             0.310558            0.414321            0.413741            
0.204542            0.310564            0.414321            0.41373             
0.204563            0.310614            0.414387            0.413791            
0.204564            0.310624            0.414387            0.413791            
0.204565            0.310628            0.414383            0.413776            
0.204567            0.310633            0.414382            0.413764            
0.204571            0.310644            0.414389            0.41376             
