onsite              nnhop               ospair              nnpair              
0.5                 0.5                 0.5                 0.5                 
0.485743            0.492335            0.472606            0.473975            
0.471672            0.484621            0.445807            0.451179            
0.474129            0.492044            0.447833            0.4588              
0.475878            0.498773            0.448402            0.464575            
0.472911            0.501133            0.440912            0.462416            
0.473199            0.5064              0.438842            0.46552             
0.517637            0.554369            0.513005            0.545511            
0.512519            0.555436            0.500012            0.535878            
0.502606            0.551668            0.478822            0.518642            
0.498961            0.553883            0.468942            0.514106            
0.495166            0.555644            0.458769            0.508946            
0.505661            0.571704            0.473684            0.529233            
0.502428            0.574197            0.464183            0.525054            
0.523725            0.601595            0.49742             0.563656            
0.518304            0.601652            0.482672            0.55236             
0.515012            0.604208            0.472347            0.54756             
0.509463            0.604227            0.458073            0.538961            
0.511492            0.612073            0.457312            0.544057            
0.50955             0.615536            0.449197            0.541463            
0.512726            0.624398            0.450105            0.547875            
0.509892            0.626726            0.440339            0.543439            
0.502676            0.624118            0.422973            0.531604            
2.15887             2.41765             3.2615              3.23698             
2.60512             3.00487             3.8919              3.479               
1.92232             2.26553             1.70818             1.02968             
1.8378              2.25415             1.49578             1.0628              
1.81298             2.29527             1.4149              1.1179              
1.869               2.4251              1.48773             1.23054             
1.85036             2.47425             1.40558             1.27585             
1.79194             2.47043             1.24348             1.27303             
1.76051             2.48652             1.13499             1.27738             
1.72131             2.48816             1.01571             1.27064             
1.72102             2.5313              0.95765             1.28912             
1.70315             2.54594             0.875819            1.28327             
1.68691             2.55557             0.801634            1.27025             
1.66749             2.55866             0.728767            1.2549              
1.64441             2.54039             0.671478            1.21472             
1.6395              2.55923             0.61804             1.21184             
1.64772             2.58056             0.59594             1.19671             
1.64471             2.5809              0.578115            1.16746             
1.63947             2.58148             0.551958            1.14269             
1.65589             2.60951             0.547961            1.13003             
1.67876             2.648               0.54594             1.12241             
1.69778             2.69185             0.527104            1.12615             
1.70292             2.70352             0.523022            1.10931             
1.52195             2.42642             0.432497            0.96418             
1.52849             2.44416             0.420108            0.956508            
1.53066             2.45174             0.41295             0.942518            
1.53203             2.46181             0.397664            0.93274             
1.56054             2.51534             0.397897            0.939324            
1.57067             2.54175             0.384534            0.937504            
1.59172             2.58374             0.381103            0.938696            
1.59659             2.59618             0.378648            0.92849             
1.59939             2.60813             0.366029            0.919248            
1.6612              2.72156             0.373786            0.942253            
1.42607             2.30504             0.267811            0.781778            
1.42025             2.29864             0.261593            0.769408            
1.42307             2.30787             0.257569            0.762675            
1.47695             2.41117             0.267655            0.787311            
1.48136             2.42373             0.263141            0.78102             
1.46756             2.40173             0.253977            0.763646            
1.47084             2.41184             0.249759            0.756894            
1.11541             1.73253             0.150837            0.534901            
1.11619             1.73666             0.149474            0.531593            
1.11337             1.73427             0.147467            0.526311            
1.10792             1.72699             0.145068            0.519605            
1.10742             1.72871             0.143608            0.515725            
1.10856             1.73339             0.142431            0.512818            
1.12785             1.77171             0.144491            0.51993             
1.12608             1.77096             0.142838            0.515287            
1.12659             1.77445             0.141587            0.511871            
1.12949             1.78244             0.140815            0.509817            
1.12713             1.78036             0.139145            0.504884            
1.1254              1.77948             0.137606            0.500383            
1.12104             1.77341             0.135698            0.494435            
1.11938             1.77249             0.134286            0.49007             
1.11727             1.77068             0.132803            0.485508            
1.11689             1.77215             0.131662            0.481879            
1.11809             1.77672             0.130765            0.479145            
1.10597             1.75488             0.127762            0.469308            
1.10456             1.75424             0.126563            0.465339            
1.10273             1.75267             0.125328            0.461201            
1.10369             1.75665             0.124519            0.45858             
1.10368             1.75868             0.123588            0.455441            
1.10265             1.75859             0.122539            0.45178             
1.10271             1.76069             0.121675            0.448753            
1.10588             1.76909             0.12129             0.447318            
1.10846             1.77632             0.120796            0.445584            
1.1089              1.77911             0.12                0.442729            
1.14542             1.85684             0.124509            0.458457            
1.14015             1.84752             0.122863            0.45232             
1.14569             1.86104             0.122802            0.451871            
1.14298             1.85702             0.121539            0.447126            
1.14464             1.8623              0.120925            0.4447              
1.14781             1.87084             0.12057             0.443025            
1.14793             1.87277             0.119748            0.439815            
1.13832             1.85356             0.117567            0.431684            
1.13992             1.8587              0.116998            0.429405            
1.14343             1.86792             0.116731            0.428043            
1.12868             1.83721             0.113953            0.417567            
1.12769             1.83663             0.113104            0.414146            
1.12707             1.83681             0.112325            0.410904            
1.12904             1.84267             0.111887            0.408995            
1.12847             1.84286             0.111136            0.405807            
1.12914             1.84583             0.110575            0.403277            
1.12972             1.84856             0.109993            0.400724            
1.13003             1.85064             0.109384            0.398047            
1.12848             1.84853             0.108538            0.394511            
1.12776             1.84828             0.107829            0.391393            
1.12728             1.84853             0.107151            0.388457            
1.12624             1.8475              0.106396            0.385276            
1.12646             1.84933             0.105819            0.382744            
1.12613             1.84989             0.10518             0.379982            
1.12749             1.85426             0.104775            0.378036            
1.12715             1.85477             0.104169            0.37529             
1.12586             1.85305             0.103434            0.372154            
1.12453             1.85119             0.102701            0.368998            
1.12672             1.85743             0.102431            0.367492            
1.12806             1.86169             0.102041            0.365631            
1.12782             1.86227             0.101464            0.363053            
1.12772             1.86317             0.100911            0.360544            
1.12457             1.85695             0.0999935           0.356686            
1.12467             1.85828             0.0995013           0.354356            
1.12202             1.85319             0.0986751           0.350821            
1.12341             1.8575              0.0983319           0.349126            
1.12471             1.86157             0.0979894           0.347401            
1.12442             1.86195             0.0974641           0.345001            
1.12437             1.86281             0.0969736           0.342675            
1.11879             1.85059             0.0958521           0.337969            
1.11808             1.8499              0.095315            0.335455            
1.11775             1.8501              0.0948159           0.333155            
1.11612             1.84719             0.0941714           0.330296            
1.11563             1.84699             0.0936771           0.327974            
1.11509             1.84662             0.09319             0.325651            
1.1156              1.84874             0.0928185           0.3238              
1.11465             1.84741             0.0922808           0.321375            
1.11422             1.84722             0.0918202           0.319138            
1.11248             1.84395             0.0912023           0.316403            
1.11158             1.84267             0.0906926           0.314048            
1.11227             1.84518             0.0903683           0.312367            
1.11107             1.84312             0.0898337           0.309933            
1.11091             1.84358             0.0894105           0.307957            
1.11215             1.84736             0.0891575           0.306572            
1.11225             1.8484              0.0887788           0.304742            
1.11147             1.84731             0.0883008           0.302565            
1.11088             1.84666             0.08786             0.300492            
1.11043             1.84629             0.0874314           0.298467            
1.11056             1.84734             0.0870794           0.296709            
1.11                1.84697             0.0865796           0.295173            
1.10451             1.83433             0.0856404           0.291234            
1.10355             1.83305             0.0852282           0.290434            
1.1017              1.82929             0.0846867           0.287999            
1.11065             1.85176             0.0852811           0.289765            
1.11156             1.85467             0.0850186           0.288389            
1.11145             1.85509             0.0846581           0.286621            
1.11118             1.85507             0.0842773           0.284812            
1.11055             1.85414             0.0838704           0.282876            
1.1091              1.85122             0.0833757           0.280679            
1.10878             1.85106             0.0830017           0.278929            
1.10939             1.85318             0.0827203           0.277539            
1.10916             1.85321             0.082366            0.275822            
1.11168             1.86016             0.0822599           0.275314            
1.10994             1.85641             0.0817605           0.273046            
1.11044             1.85823             0.0814884           0.271658            
1.11027             1.85835             0.0811533           0.270027            
1.11051             1.8595              0.0808588           0.268554            
1.11194             1.8636              0.0806822           0.267533            
1.10588             1.84902             0.0797769           0.263824            
1.10651             1.85114             0.079538            0.262559            
1.10671             1.85216             0.0792547           0.261152            
1.10705             1.85353             0.0789838           0.259797            
1.10743             1.85497             0.0787273           0.258453            
1.10684             1.85399             0.0783792           0.256794            
1.10708             1.85509             0.0781048           0.255478            
1.10718             1.85583             0.0778257           0.254085            
1.10689             1.85559             0.0775016           0.252605            
1.10771             1.85813             0.0772915           0.251496            
1.10565             1.85342             0.0768116           0.249402            
1.1057              1.85402             0.0765287           0.248075            
1.10434             1.85107             0.076121            0.246265            
1.10521             1.85369             0.0759263           0.245218            
1.10501             1.85363             0.0756275           0.24381             
1.10645             1.85769             0.0754913           0.242981            
1.10688             1.85917             0.0752524           0.241816            
1.10716             1.8603              0.0750061           0.240629            
1.10707             1.86047             0.0747299           0.239316            
1.10676             1.86008             0.0744348           0.237933            
1.0879              1.81262             0.0724168           0.230444            
1.08802             1.81336             0.0721837           0.229298            
1.08806             1.81389             0.071948            0.228122            
1.08817             1.8146              0.0717163           0.226986            
1.08775             1.81399             0.0714402           0.225698            
1.08858             1.81651             0.0712787           0.224829            
1.08862             1.81702             0.0710463           0.223689            
1.08769             1.81509             0.0707286           0.222277            
1.08659             1.8127              0.0703942           0.220805            
1.08443             1.80765             0.0699652           0.21902             
1.08384             1.80657             0.0696919           0.217736            
1.08404             1.80747             0.0694894           0.21672             
1.08501             1.81031             0.0693493           0.21596             
1.08486             1.81034             0.0691184           0.214843            
1.08449             1.80978             0.0688713           0.213671            
1.08424             1.80948             0.0686348           0.212539            
1.08388             1.80894             0.0683871           0.211399            
1.08389             1.80935             0.0681725           0.210382            
1.08425             1.81063             0.0679891           0.209474            
1.08419             1.81083             0.0677704           0.208444            
1.08447             1.81189             0.0675857           0.207522            
1.08452             1.81233             0.067383            0.206528            
1.08449             1.8126              0.0671793           0.205529            
1.08446             1.81283             0.066969            0.204539            
1.08436             1.81291             0.0667552           0.203544            
1.08599             1.8174              0.06669             0.203059            
1.08567             1.81689             0.0664546           0.202016            
1.08558             1.81697             0.0662474           0.201035            
1.08569             1.81756             0.0660559           0.20013             
1.08433             1.81439             0.0657377           0.198807            
1.08421             1.81437             0.0655267           0.197846            
1.08446             1.81531             0.0653512           0.197012            
1.08372             1.81371             0.0650924           0.195886            
1.08359             1.81366             0.0648917           0.19495             
1.08358             1.81391             0.0646965           0.194053            
1.08362             1.81428             0.0645132           0.193169            
1.08314             1.81333             0.0642849           0.192158            
1.0827              1.81247             0.0640568           0.19117             
1.08246             1.81213             0.0638491           0.190235            
1.08237             1.81214             0.0636542           0.189349            
1.08268             1.8132              0.0634948           0.188587            
1.08259             1.81323             0.0633063           0.187724            
1.08209             1.81221             0.0630828           0.186743            
1.13445             1.94742             0.0671893           0.200183            
1.13693             1.95403             0.0671618           0.199837            
1.13671             1.95347             0.0669255           0.198805            
1.1359              1.95137             0.066645            0.197644            
1.13609             1.95191             0.0664449           0.196748            
1.13669             1.95352             0.0662749           0.195938            
1.13684             1.95392             0.0660739           0.195025            
1.13645             1.95291             0.0658274           0.193992            
1.13574             1.95104             0.0655622           0.192897            
1.13447             1.94768             0.0652632           0.191665            
1.13413             1.94681             0.0650311           0.190681            
1.1347              1.94835             0.064866            0.189929            
1.13518             1.94963             0.0646936           0.189152            
1.13597             1.95176             0.0645488           0.188456            
1.13549             1.95048             0.0643087           0.187462            
1.13558             1.95074             0.0641122           0.18662             
1.13548             1.95048             0.063902            0.185716            
1.13578             1.95129             0.0637248           0.184924            
1.1362              1.95239             0.063558            0.184172            
1.13546             1.95043             0.0633067           0.183159            
1.13536             1.95016             0.0631054           0.18229             
1.1356              1.9508              0.0629282           0.181515            
1.13559             1.95076             0.0627337           0.180674            
1.13504             1.94928             0.0625026           0.179723            
1.13518             1.94966             0.0623253           0.178948            
1.13529             1.94995             0.0621476           0.178167            
1.1353              1.94997             0.0619606           0.17737             
1.13527             1.94988             0.0617715           0.176567            
1.13481             1.94862             0.061554            0.175672            
1.13491             1.94888             0.0613783           0.174908            
1.13393             1.94625             0.0611291           0.173914            
1.13289             1.94344             0.0608799           0.172904            
1.13288             1.94341             0.0606996           0.172147            
1.13277             1.9431              0.0605147           0.17137             
1.13325             1.94439             0.060374            0.170727            
1.13295             1.94355             0.0601769           0.169916            
1.13316             1.94409             0.0600185           0.169227            
1.1326              1.94258             0.0598074           0.168366            
1.13266             1.94273             0.059639            0.167657            
1.13228             1.94171             0.0594416           0.166853            
1.13247             1.94219             0.059284            0.166182            
1.13284             1.94315             0.0591418           0.165545            
1.13313             1.94391             0.0589929           0.164907            
1.13388             1.94589             0.0588741           0.164369            
1.13402             1.94622             0.0587167           0.163702            
1.13438             1.94716             0.058578            0.163089            
1.13421             1.94667             0.0584028           0.162374            
1.13403             1.94616             0.0582305           0.161661            
1.13403             1.94611             0.0580672           0.160986            
1.134               1.946               0.0579069           0.160308            
1.13422             1.94654             0.0577628           0.159685            
1.13398             1.94587             0.0575907           0.158981            
1.13352             1.94458             0.0574045           0.15823             
1.1339              1.94554             0.0572689           0.157654            
1.13374             1.94508             0.0571043           0.156985            
1.13336             1.944               0.056925            0.156267            
1.13347             1.94426             0.0567781           0.15567             
1.13435             1.94658             0.0566814           0.155216            
1.13441             1.9467              0.0565337           0.154602            
1.13469             1.94741             0.0564029           0.154036            
1.13449             1.94682             0.0562411           0.153378            
1.13698             1.95347             0.0562455           0.153245            
1.137               1.95346             0.0560959           0.152637            
1.13711             1.95369             0.0559511           0.152066            
1.13706             1.95349             0.055799            0.151449            
1.13799             1.95594             0.0557084           0.151029            
1.13805             1.956               0.0555663           0.150443            
1.13723             1.95372             0.055372            0.149691            
1.13729             1.95383             0.0552312           0.149113            
1.13721             1.95354             0.0550822           0.148512            
1.13709             1.95313             0.0549328           0.147912            
1.13698             1.95276             0.0547851           0.147313            
1.13699             1.9527              0.0546464           0.146752            
1.13451             1.94595             0.0543609           0.145732            
1.13486             1.94683             0.0542423           0.145237            
1.13463             1.94616             0.0540896           0.144642            
1.13443             1.94556             0.0539373           0.144055            
1.13476             1.94639             0.0538212           0.143567            
1.13446             1.94549             0.0536682           0.142962            
1.13445             1.9454              0.0535315           0.142419            
1.13477             1.94619             0.0534168           0.141939            
1.13479             1.94618             0.0532844           0.141408            
1.13476             1.94603             0.0531497           0.140874            
1.13493             1.94643             0.0530291           0.140372            
1.13463             1.94554             0.0528852           0.139815            
1.13452             1.94519             0.0527481           0.139273            
1.13405             1.94385             0.0525927           0.138679            
1.13394             1.94348             0.0524594           0.138143            
1.13377             1.94297             0.0523206           0.137609            
1.13381             1.943               0.052195            0.137112            
1.13345             1.94197             0.0520501           0.136557            
1.13377             1.94278             0.0519413           0.136121            
1.13386             1.94294             0.0518232           0.135641            
1.13384             1.94281             0.0516983           0.135145            
1.1333              1.94128             0.0515466           0.134566            
1.13353             1.94184             0.0514377           0.134125            
1.13378             1.94245             0.0513277           0.133688            
1.13611             1.94867             0.0513359           0.133601            
1.13609             1.94853             0.0512116           0.133115            
1.13663             1.94988             0.0511203           0.132724            
1.13617             1.94857             0.0509748           0.132177            
1.1362              1.94857             0.0508562           0.131715            
1.13616             1.94836             0.0507352           0.131244            
1.13776             1.95261             0.0507014           0.131042            
1.13765             1.95221             0.0505782           0.13056             
1.13782             1.95258             0.0504684           0.130128            
1.13768             1.9521              0.0503424           0.12965             
1.13821             1.95344             0.0502553           0.129279            
1.13822             1.95339             0.0501404           0.128836            
1.13864             1.95443             0.0500487           0.128456            
1.13878             1.95471             0.0499399           0.128028            
1.13871             1.95442             0.0498219           0.127572            
1.13885             1.95472             0.0497139           0.12715             
1.13913             1.95537             0.0496141           0.12675             
1.13908             1.95512             0.0494987           0.126302            
1.13636             1.94765             0.049246            0.12546             
1.1364              1.94768             0.049137            0.125033            
1.13642             1.94763             0.0490263           0.124606            
1.13647             1.94766             0.0489185           0.124186            
1.13633             1.94719             0.0488034           0.123747            
1.13346             1.93934             0.0485475           0.122896            
1.13353             1.93946             0.0484444           0.122498            
1.13355             1.93945             0.0483378           0.122093            
1.13353             1.93931             0.0482302           0.121681            
1.13295             1.93766             0.0480954           0.121192            
1.13257             1.93654             0.0479682           0.120733            
1.13262             1.93662             0.0478653           0.120348            
1.13285             1.93716             0.0477747           0.119989            
1.13295             1.93737             0.0476788           0.119615            
1.13293             1.93722             0.0475729           0.119217            
1.133               1.93733             0.0474751           0.118837            
1.13244             1.93574             0.0473465           0.11837             
1.13224             1.93512             0.0472352           0.117959            
1.13202             1.93445             0.0471235           0.117548            
1.13191             1.93408             0.0470204           0.117153            
1.13184             1.93383             0.0469184           0.116768            
1.1318              1.93365             0.0468177           0.116389            
1.13185             1.93371             0.0467223           0.116027            
1.13217             1.93448             0.0466394           0.115703            
1.13214             1.93433             0.0465419           0.115332            
1.12498             1.91492             0.0460909           0.113951            
1.1237              1.91141             0.0459307           0.113412            
1.12364             1.9112              0.0458352           0.113053            
1.12344             1.91062             0.0457321           0.112676            
1.12373             1.91137             0.045654            0.112375            
1.12374             1.91135             0.0455628           0.112037            
1.12385             1.91161             0.0454779           0.111709            
1.12393             1.91177             0.0453908           0.111377            
1.12396             1.9118              0.0453016           0.111045            
1.12395             1.91173             0.0452102           0.110705            
1.12402             1.91188             0.0451252           0.110381            
1.12427             1.91251             0.0450498           0.110078            
1.12457             1.91326             0.0449748           0.109788            
1.1238              1.91115             0.0448483           0.109355            
1.12373             1.91091             0.0447566           0.10902             
1.12289             1.90861             0.0446266           0.108581            
1.12296             1.90874             0.0445426           0.108265            
1.12341             1.90991             0.0444782           0.108007            
1.12333             1.90965             0.0443872           0.107675            
1.12274             1.90801             0.0442735           0.107281            
1.12265             1.90772             0.044182            0.106955            
1.1225              1.90727             0.0440916           0.106623            
1.12256             1.9074              0.0440091           0.106317            
1.12258             1.9074              0.0439268           0.106011            
1.1227              1.90768             0.0438476           0.105718            
1.12265             1.90751             0.0437614           0.105403            
1.12245             1.90694             0.0436677           0.105071            
1.12297             1.90828             0.0436096           0.104832            
1.12315             1.90871             0.0435362           0.104551            
1.12413             1.91129             0.0434999           0.104378            
1.12426             1.91161             0.0434243           0.104097            
1.12425             1.91151             0.0433409           0.103798            
1.12388             1.91047             0.0432413           0.103453            
1.12374             1.91005             0.0431537           0.10314             
1.12382             1.91021             0.0430767           0.102857            
1.12508             1.91355             0.0430554           0.102727            
1.12515             1.91368             0.0429767           0.102438            
1.14594             1.96969             0.0438559           0.104782            
1.14594             1.96954             0.0437703           0.104466            
1.14548             1.96814             0.0436645           0.104098            
1.14555             1.96818             0.043581            0.103796            
1.14562             1.96821             0.0434988           0.103496            
1.14567             1.9682              0.0434169           0.103195            
1.14573             1.96821             0.0433342           0.102895            
1.14584             1.96838             0.0432549           0.102604            
1.14572             1.9679              0.0431662           0.102292            
1.14572             1.96775             0.0430818           0.101991            
1.14582             1.96787             0.0430029           0.101704            
1.14585             1.9678              0.0429219           0.101415            
1.14593             1.96788             0.0428426           0.101129            
1.14606             1.96808             0.0427663           0.10085             
1.1461              1.96805             0.0426851           0.100563            
1.14621             1.96821             0.0426082           0.100287            
1.14617             1.96793             0.0425247           0.0999897           
1.14614             1.96771             0.0424436           0.099699            
1.14612             1.96753             0.0423642           0.0994148           
1.14614             1.96741             0.0422855           0.0991313           
1.14645             1.96811             0.0422167           0.0988783           
1.14656             1.96827             0.0421418           0.0986078           
1.14789             1.97174             0.0421143           0.0984716           
1.14771             1.97109             0.0420284           0.0981706           
1.14783             1.97128             0.0419552           0.0979075           
1.14784             1.97115             0.0418779           0.0976317           
1.14785             1.97102             0.0417985           0.0973562           
1.14762             1.97023             0.0417133           0.0970593           
1.1478              1.97058             0.0416421           0.0968034           
1.14772             1.97021             0.0415623           0.0965222           
1.14762             1.96977             0.0414807           0.0962425           
1.1478              1.97012             0.0414125           0.0959967           
1.14783             1.97007             0.0413378           0.0957313           
1.10159             1.84378             0.0395293           0.0906063           
1.10149             1.84355             0.0394602           0.090368            
1.10142             1.84339             0.0393939           0.090135            
1.10145             1.84349             0.0393314           0.0899149           
1.10132             1.84318             0.0392622           0.0896775           
1.10116             1.84275             0.0391908           0.0894371           
1.10117             1.8428              0.0391295           0.089218            
1.1012              1.8429              0.0390689           0.0890027           
1.1012              1.84293             0.0390068           0.0887842           
1.1012              1.84296             0.0389456           0.0885672           
1.10105             1.84256             0.038876            0.0883318           
1.10077             1.84185             0.0388              0.0880804           
1.10079             1.84191             0.0387396           0.0878672           
1.10076             1.84185             0.0386777           0.0876502           
1.10078             1.84194             0.0386178           0.0874403           
1.10097             1.84244             0.0385648           0.0872535           
1.10129             1.84333             0.0385199           0.0870839           
1.10127             1.84329             0.0384588           0.0868737           
1.10136             1.84354             0.0384041           0.0866772           
1.10108             1.84282             0.038331            0.0864352           
1.09884             1.83686             0.0381645           0.0859612           
1.09889             1.83703             0.038109            0.0857642           
1.09891             1.8371              0.0380512           0.0855623           
1.09871             1.83659             0.0379831           0.0853337           
1.09856             1.83622             0.0379171           0.0851137           
1.09857             1.83626             0.0378581           0.0849129           
1.09852             1.83614             0.0377972           0.0847091           
1.09858             1.83632             0.0377418           0.0845177           
1.09856             1.8363              0.0376831           0.0843195           
1.09855             1.83627             0.0376251           0.0841219           
1.09843             1.83598             0.0375625           0.0839098           
1.09852             1.83625             0.0375098           0.0837283           
1.09842             1.836               0.0374478           0.0835221           
1.09295             1.82145             0.0371295           0.08269             
1.09284             1.82121             0.0370691           0.0824868           
1.09287             1.82131             0.0370155           0.0823011           
1.09283             1.82123             0.036958            0.082108            
1.09265             1.82077             0.036894            0.0818977           
1.0927              1.82094             0.0368421           0.0817173           
1.09264             1.82081             0.0367856           0.0815236           
1.09267             1.82092             0.0367337           0.0813414           
1.09265             1.82088             0.0366788           0.0811548           
1.09267             1.82097             0.036627            0.0809719           
1.09268             1.82101             0.0365746           0.080788            
1.09266             1.82098             0.036522            0.0806032           
1.09256             1.82075             0.0364639           0.0804104           
1.0925              1.82061             0.0364081           0.0802235           
1.09251             1.82068             0.036356            0.0800483           
1.09258             1.82088             0.0363071           0.0798779           
1.09257             1.82088             0.036254            0.0796985           
1.0928              1.82152             0.0362124           0.0795477           
1.0928              1.82153             0.0361601           0.0793699           
1.09276             1.82145             0.0361073           0.0791887           
1.09278             1.82152             0.0360563           0.079016            
1.09269             1.82131             0.0360004           0.0788318           
1.09275             1.82149             0.0359523           0.0786641           
1.09274             1.8215              0.0359006           0.0784925           
1.09273             1.8215              0.0358493           0.0783211           
1.09253             1.82099             0.035789            0.0781288           
1.09192             1.81939             0.0357104           0.0778901           
1.0912              1.81748             0.0356259           0.0776418           
1.09122             1.81756             0.035577            0.0774742           
1.0912              1.81754             0.035526            0.0773046           
1.09121             1.8176              0.0354768           0.0771387           
1.09123             1.81767             0.0354291           0.0769745           
1.09122             1.81765             0.0353788           0.0768067           
1.09122             1.81767             0.0353304           0.076642            
1.09122             1.81772             0.0352818           0.0764788           
1.09129             1.8179              0.0352363           0.0763223           
1.09143             1.81832             0.0351943           0.0761775           
1.09142             1.8183              0.0351448           0.076014            
1.0818              1.79276             0.0346516           0.0748099           
1.08329             1.79672             0.0346778           0.0748205           
1.0828              1.79547             0.0346077           0.0746096           
1.08274             1.79536             0.0345584           0.0744477           
1.08222             1.79401             0.0344868           0.0742303           
1.08206             1.79363             0.0344332           0.0740582           
1.08212             1.79382             0.0343904           0.0739104           
1.08209             1.79377             0.034344            0.0737535           
1.08214             1.79395             0.0343012           0.0736068           
1.08165             1.79269             0.0342334           0.0733996           
1.08149             1.79231             0.0341805           0.0732302           
1.08185             1.79329             0.0341522           0.0731211           
1.0818              1.79318             0.034104            0.0729637           
1.08177             1.79314             0.0340574           0.0728102           
1.08162             1.79279             0.0340048           0.0726426           
1.08158             1.7927              0.0339589           0.0724878           
1.08155             1.79267             0.0339132           0.0723359           
1.08161             1.79286             0.0338716           0.0721954           
1.08164             1.79295             0.0338288           0.0720503           
1.08163             1.79298             0.0337849           0.0719021           
1.08163             1.79299             0.0337403           0.0717572           
1.08168             1.79317             0.033699            0.0716175           
1.08163             1.79307             0.0336526           0.0714671           
1.08164             1.79312             0.0336091           0.0713221           
1.08153             1.79287             0.0335608           0.0711663           
1.08155             1.79295             0.0335193           0.0710237           
1.08153             1.79292             0.0334744           0.0708784           
1.08148             1.79284             0.0334295           0.0707328           
1.08144             1.79276             0.0333844           0.070587            
1.08147             1.79287             0.0333431           0.0704503           
1.08147             1.79289             0.0333003           0.0703089           
1.08144             1.79284             0.0332559           0.0701633           
1.08166             1.79346             0.0332251           0.0700472           
1.08159             1.79331             0.0331794           0.0699013           
1.08156             1.79326             0.0331348           0.0697604           
1.08156             1.79329             0.033093            0.069623            
1.08153             1.79322             0.0330498           0.0694823           
1.08135             1.79279             0.033               0.0693289           
1.08368             1.79899             0.0330642           0.0694354           
1.08365             1.79893             0.0330198           0.0692963           
1.0834              1.79827             0.032967            0.0691333           
1.08337             1.79824             0.0329241           0.0689946           
1.08335             1.79819             0.032881            0.0688555           
1.08332             1.79815             0.0328374           0.0687199           
1.08333             1.79821             0.0327961           0.068588            
1.08333             1.79821             0.0327551           0.0684534           
1.08334             1.79828             0.0327147           0.0683226           
1.08338             1.7984              0.0326755           0.0681926           
1.08332             1.79828             0.0326322           0.0680559           
1.08329             1.79822             0.0325906           0.0679198           
1.08324             1.7981              0.0325477           0.067784            
1.08318             1.79797             0.0325044           0.0676474           
1.08314             1.79788             0.0324619           0.0675139           
1.08275             1.79687             0.0324041           0.0673454           
1.08272             1.79682             0.032363            0.0672137           
1.08269             1.79675             0.0323219           0.0670808           
1.08133             1.79316             0.0322221           0.0668183           
1.08134             1.79321             0.0321822           0.0666921           
1.08135             1.79327             0.0321437           0.0665665           
1.08143             1.79351             0.0321081           0.066448            
1.08206             1.7952              0.0320964           0.0663859           
1.08213             1.7954              0.0320602           0.0662677           
1.08213             1.79542             0.0320213           0.0661428           
1.08211             1.79541             0.0319807           0.0660165           
1.0821              1.7954              0.0319415           0.065892            
1.08299             1.79777             0.0319418           0.0658539           
1.08241             1.79626             0.0318785           0.065676            
1.08246             1.7964              0.0318417           0.0655566           
1.08246             1.79643             0.0318034           0.0654341           
1.08245             1.79643             0.0317649           0.0653116           
1.08278             1.79731             0.0317409           0.0652201           
1.08276             1.79728             0.0317026           0.0650978           
1.08277             1.79732             0.0316651           0.0649794           
1.08284             1.79753             0.0316301           0.0648659           
1.08195             1.7952              0.0315549           0.064663            
1.08193             1.79515             0.0315164           0.064542            
1.08189             1.79506             0.0314768           0.064419            
1.08192             1.79516             0.0314409           0.0643038           
1.08191             1.79517             0.0314031           0.0641857           
1.08193             1.79522             0.0313665           0.0640693           
1.08176             1.79481             0.0313219           0.0639363           
1.08174             1.79477             0.0312837           0.0638181           
1.08143             1.79397             0.0312334           0.0636732           
1.08143             1.79398             0.0311967           0.0635565           
1.08142             1.79397             0.03116             0.0634398           
1.08145             1.79406             0.0311245           0.063327            
1.08148             1.79417             0.0310896           0.0632159           
1.08121             1.79347             0.0310421           0.0630765           
1.08112             1.79324             0.0310022           0.0629551           
